length scale factor
6.2329000E-04
volume cluster radius, area mean sphere radius, circumscribing radius, cross section radius
1.2552232E-02 6.2266671E-04 2.1137844E-01 1.2552232E-02
total extinction, absorption, scattering efficiencies (unpolarized incidence)
1.7069000E-04 1.7066000E-04 3.1459000E-08
theta     11          12          22          33          34          44
 0.0000000E+00  3.8939000E-01  0.0000000E+00  9.9977000E-01  9.9977000E-01  0.0000000E+00  9.9954000E-01
 5.0000000E-01  3.8938000E-01 -3.8070000E-05  9.9977000E-01  9.9977000E-01 -4.3575000E-12  9.9954000E-01
 1.0000000E+00  3.8933000E-01 -1.5228000E-04  9.9977000E-01  9.9977000E-01 -1.7431000E-11  9.9954000E-01
 1.5000000E+00  3.8926000E-01 -3.4266000E-04  9.9977000E-01  9.9977000E-01 -3.9222000E-11  9.9954000E-01
 2.0000000E+00  3.8915000E-01 -6.0923000E-04  9.9977000E-01  9.9977000E-01 -6.9734000E-11  9.9954000E-01
 2.5000000E+00  3.8902000E-01 -9.5203000E-04  9.9977000E-01  9.9977000E-01 -1.0897000E-10  9.9954000E-01
 3.0000000E+00  3.8886000E-01 -1.3711000E-03  9.9977000E-01  9.9977000E-01 -1.5694000E-10  9.9954000E-01
 3.5000000E+00  3.8866000E-01 -1.8665000E-03  9.9977000E-01  9.9977000E-01 -2.1365000E-10  9.9954000E-01
 4.0000000E+00  3.8844000E-01 -2.4384000E-03  9.9977000E-01  9.9977000E-01 -2.7911000E-10  9.9954000E-01
 4.5000000E+00  3.8819000E-01 -3.0868000E-03  9.9977000E-01  9.9977000E-01 -3.5332000E-10  9.9954000E-01
 5.0000000E+00  3.8791000E-01 -3.8117000E-03  9.9977000E-01  9.9976000E-01 -4.3630000E-10  9.9954000E-01
 5.5000000E+00  3.8760000E-01 -4.6134000E-03  9.9977000E-01  9.9976000E-01 -5.2806000E-10  9.9953000E-01
 6.0000000E+00  3.8726000E-01 -5.4919000E-03  9.9977000E-01  9.9976000E-01 -6.2862000E-10  9.9953000E-01
 6.5000000E+00  3.8689000E-01 -6.4474000E-03  9.9977000E-01  9.9975000E-01 -7.3799000E-10  9.9952000E-01
 7.0000000E+00  3.8649000E-01 -7.4800000E-03  9.9977000E-01  9.9974000E-01 -8.5619000E-10  9.9951000E-01
 7.5000000E+00  3.8607000E-01 -8.5899000E-03  9.9977000E-01  9.9973000E-01 -9.8323000E-10  9.9951000E-01
 8.0000000E+00  3.8561000E-01 -9.7772000E-03  9.9977000E-01  9.9972000E-01 -1.1191000E-09  9.9949000E-01
 8.5000000E+00  3.8513000E-01 -1.1042000E-02  9.9977000E-01  9.9971000E-01 -1.2639000E-09  9.9948000E-01
 9.0000000E+00  3.8461000E-01 -1.2385000E-02  9.9977000E-01  9.9969000E-01 -1.4176000E-09  9.9946000E-01
 9.5000000E+00  3.8407000E-01 -1.3805000E-02  9.9977000E-01  9.9967000E-01 -1.5802000E-09  9.9945000E-01
 1.0000000E+01  3.8351000E-01 -1.5304000E-02  9.9977000E-01  9.9965000E-01 -1.7518000E-09  9.9942000E-01
 1.0500000E+01  3.8291000E-01 -1.6882000E-02  9.9977000E-01  9.9963000E-01 -1.9323000E-09  9.9940000E-01
 1.1000000E+01  3.8228000E-01 -1.8538000E-02  9.9977000E-01  9.9960000E-01 -2.1219000E-09  9.9937000E-01
 1.1500000E+01  3.8163000E-01 -2.0272000E-02  9.9977000E-01  9.9956000E-01 -2.3205000E-09  9.9933000E-01
 1.2000000E+01  3.8095000E-01 -2.2086000E-02  9.9977000E-01  9.9952000E-01 -2.5281000E-09  9.9929000E-01
 1.2500000E+01  3.8025000E-01 -2.3980000E-02  9.9977000E-01  9.9948000E-01 -2.7448000E-09  9.9925000E-01
 1.3000000E+01  3.7951000E-01 -2.5953000E-02  9.9977000E-01  9.9943000E-01 -2.9707000E-09  9.9920000E-01
 1.3500000E+01  3.7875000E-01 -2.8005000E-02  9.9977000E-01  9.9937000E-01 -3.2056000E-09  9.9915000E-01
 1.4000000E+01  3.7797000E-01 -3.0139000E-02  9.9976000E-01  9.9931000E-01 -3.4498000E-09  9.9908000E-01
 1.4500000E+01  3.7715000E-01 -3.2352000E-02  9.9976000E-01  9.9924000E-01 -3.7032000E-09  9.9901000E-01
 1.5000000E+01  3.7631000E-01 -3.4647000E-02  9.9976000E-01  9.9916000E-01 -3.9658000E-09  9.9894000E-01
 1.5500000E+01  3.7545000E-01 -3.7022000E-02  9.9976000E-01  9.9908000E-01 -4.2378000E-09  9.9885000E-01
 1.6000000E+01  3.7456000E-01 -3.9479000E-02  9.9976000E-01  9.9898000E-01 -4.5190000E-09  9.9875000E-01
 1.6500000E+01  3.7364000E-01 -4.2018000E-02  9.9976000E-01  9.9888000E-01 -4.8096000E-09  9.9865000E-01
 1.7000000E+01  3.7270000E-01 -4.4639000E-02  9.9976000E-01  9.9876000E-01 -5.1096000E-09  9.9854000E-01
 1.7500000E+01  3.7174000E-01 -4.7342000E-02  9.9976000E-01  9.9864000E-01 -5.4191000E-09  9.9841000E-01
 1.8000000E+01  3.7075000E-01 -5.0128000E-02  9.9976000E-01  9.9850000E-01 -5.7380000E-09  9.9827000E-01
 1.8500000E+01  3.6974000E-01 -5.2998000E-02  9.9976000E-01  9.9835000E-01 -6.0665000E-09  9.9813000E-01
 1.9000000E+01  3.6870000E-01 -5.5950000E-02  9.9976000E-01  9.9819000E-01 -6.4045000E-09  9.9796000E-01
 1.9500000E+01  3.6764000E-01 -5.8987000E-02  9.9976000E-01  9.9802000E-01 -6.7521000E-09  9.9779000E-01
 2.0000000E+01  3.6656000E-01 -6.2108000E-02  9.9976000E-01  9.9783000E-01 -7.1094000E-09  9.9760000E-01
 2.0500000E+01  3.6545000E-01 -6.5314000E-02  9.9976000E-01  9.9762000E-01 -7.4763000E-09  9.9739000E-01
 2.1000000E+01  3.6432000E-01 -6.8604000E-02  9.9976000E-01  9.9740000E-01 -7.8530000E-09  9.9717000E-01
 2.1500000E+01  3.6317000E-01 -7.1980000E-02  9.9975000E-01  9.9716000E-01 -8.2395000E-09  9.9693000E-01
 2.2000000E+01  3.6200000E-01 -7.5442000E-02  9.9975000E-01  9.9690000E-01 -8.6358000E-09  9.9668000E-01
 2.2500000E+01  3.6080000E-01 -7.8990000E-02  9.9975000E-01  9.9663000E-01 -9.0419000E-09  9.9640000E-01
 2.3000000E+01  3.5959000E-01 -8.2625000E-02  9.9975000E-01  9.9633000E-01 -9.4580000E-09  9.9610000E-01
 2.3500000E+01  3.5835000E-01 -8.6346000E-02  9.9975000E-01  9.9602000E-01 -9.8840000E-09  9.9579000E-01
 2.4000000E+01  3.5710000E-01 -9.0155000E-02  9.9975000E-01  9.9568000E-01 -1.0320000E-08  9.9545000E-01
 2.4500000E+01  3.5582000E-01 -9.4052000E-02  9.9975000E-01  9.9532000E-01 -1.0766000E-08  9.9509000E-01
 2.5000000E+01  3.5453000E-01 -9.8037000E-02  9.9975000E-01  9.9493000E-01 -1.1222000E-08  9.9470000E-01
 2.5500000E+01  3.5321000E-01 -1.0211000E-01  9.9975000E-01  9.9452000E-01 -1.1689000E-08  9.9429000E-01
 2.6000000E+01  3.5188000E-01 -1.0627000E-01  9.9975000E-01  9.9408000E-01 -1.2165000E-08  9.9386000E-01
 2.6500000E+01  3.5053000E-01 -1.1052000E-01  9.9975000E-01  9.9362000E-01 -1.2652000E-08  9.9339000E-01
 2.7000000E+01  3.4916000E-01 -1.1487000E-01  9.9974000E-01  9.9312000E-01 -1.3149000E-08  9.9290000E-01
 2.7500000E+01  3.4777000E-01 -1.1930000E-01  9.9974000E-01  9.9260000E-01 -1.3656000E-08  9.9237000E-01
 2.8000000E+01  3.4637000E-01 -1.2382000E-01  9.9974000E-01  9.9204000E-01 -1.4174000E-08  9.9182000E-01
 2.8500000E+01  3.4495000E-01 -1.2843000E-01  9.9974000E-01  9.9146000E-01 -1.4702000E-08  9.9123000E-01
 2.9000000E+01  3.4351000E-01 -1.3314000E-01  9.9974000E-01  9.9084000E-01 -1.5241000E-08  9.9061000E-01
 2.9500000E+01  3.4206000E-01 -1.3793000E-01  9.9974000E-01  9.9018000E-01 -1.5790000E-08  9.8995000E-01
 3.0000000E+01  3.4059000E-01 -1.4282000E-01  9.9974000E-01  9.8948000E-01 -1.6349000E-08  9.8926000E-01
 3.0500000E+01  3.3911000E-01 -1.4780000E-01  9.9974000E-01  9.8875000E-01 -1.6919000E-08  9.8852000E-01
 3.1000000E+01  3.3761000E-01 -1.5287000E-01  9.9974000E-01  9.8798000E-01 -1.7500000E-08  9.8775000E-01
 3.1500000E+01  3.3610000E-01 -1.5804000E-01  9.9973000E-01  9.8716000E-01 -1.8092000E-08  9.8694000E-01
 3.2000000E+01  3.3458000E-01 -1.6330000E-01  9.9973000E-01  9.8631000E-01 -1.8694000E-08  9.8608000E-01
 3.2500000E+01  3.3304000E-01 -1.6865000E-01  9.9973000E-01  9.8540000E-01 -1.9307000E-08  9.8518000E-01
 3.3000000E+01  3.3149000E-01 -1.7410000E-01  9.9973000E-01  9.8445000E-01 -1.9930000E-08  9.8423000E-01
 3.3500000E+01  3.2993000E-01 -1.7964000E-01  9.9973000E-01  9.8346000E-01 -2.0565000E-08  9.8323000E-01
 3.4000000E+01  3.2836000E-01 -1.8528000E-01  9.9973000E-01  9.8241000E-01 -2.1210000E-08  9.8219000E-01
 3.4500000E+01  3.2677000E-01 -1.9101000E-01  9.9973000E-01  9.8131000E-01 -2.1866000E-08  9.8109000E-01
 3.5000000E+01  3.2518000E-01 -1.9683000E-01  9.9972000E-01  9.8016000E-01 -2.2533000E-08  9.7993000E-01
 3.5500000E+01  3.2357000E-01 -2.0275000E-01  9.9972000E-01  9.7895000E-01 -2.3210000E-08  9.7872000E-01
 3.6000000E+01  3.2196000E-01 -2.0876000E-01  9.9972000E-01  9.7768000E-01 -2.3899000E-08  9.7746000E-01
 3.6500000E+01  3.2033000E-01 -2.1487000E-01  9.9972000E-01  9.7636000E-01 -2.4598000E-08  9.7613000E-01
 3.7000000E+01  3.1870000E-01 -2.2108000E-01  9.9972000E-01  9.7497000E-01 -2.5309000E-08  9.7475000E-01
 3.7500000E+01  3.1706000E-01 -2.2738000E-01  9.9972000E-01  9.7352000E-01 -2.6030000E-08  9.7329000E-01
 3.8000000E+01  3.1541000E-01 -2.3377000E-01  9.9972000E-01  9.7200000E-01 -2.6762000E-08  9.7178000E-01
 3.8500000E+01  3.1375000E-01 -2.4026000E-01  9.9971000E-01  9.7041000E-01 -2.7505000E-08  9.7019000E-01
 3.9000000E+01  3.1209000E-01 -2.4685000E-01  9.9971000E-01  9.6876000E-01 -2.8260000E-08  9.6854000E-01
 3.9500000E+01  3.1042000E-01 -2.5353000E-01  9.9971000E-01  9.6703000E-01 -2.9025000E-08  9.6681000E-01
 4.0000000E+01  3.0875000E-01 -2.6031000E-01  9.9971000E-01  9.6522000E-01 -2.9800000E-08  9.6500000E-01
 4.0500000E+01  3.0707000E-01 -2.6718000E-01  9.9971000E-01  9.6334000E-01 -3.0587000E-08  9.6312000E-01
 4.1000000E+01  3.0539000E-01 -2.7414000E-01  9.9971000E-01  9.6138000E-01 -3.1385000E-08  9.6116000E-01
 4.1500000E+01  3.0370000E-01 -2.8120000E-01  9.9970000E-01  9.5934000E-01 -3.2193000E-08  9.5912000E-01
 4.2000000E+01  3.0201000E-01 -2.8836000E-01  9.9970000E-01  9.5721000E-01 -3.3012000E-08  9.5699000E-01
 4.2500000E+01  3.0031000E-01 -2.9561000E-01  9.9970000E-01  9.5500000E-01 -3.3842000E-08  9.5478000E-01
 4.3000000E+01  2.9861000E-01 -3.0295000E-01  9.9970000E-01  9.5269000E-01 -3.4683000E-08  9.5247000E-01
 4.3500000E+01  2.9692000E-01 -3.1038000E-01  9.9970000E-01  9.5029000E-01 -3.5534000E-08  9.5008000E-01
 4.4000000E+01  2.9521000E-01 -3.1791000E-01  9.9970000E-01  9.4780000E-01 -3.6396000E-08  9.4758000E-01
 4.4500000E+01  2.9351000E-01 -3.2553000E-01  9.9969000E-01  9.4521000E-01 -3.7268000E-08  9.4499000E-01
 4.5000000E+01  2.9181000E-01 -3.3324000E-01  9.9969000E-01  9.4252000E-01 -3.8151000E-08  9.4230000E-01
 4.5500000E+01  2.9011000E-01 -3.4103000E-01  9.9969000E-01  9.3972000E-01 -3.9044000E-08  9.3951000E-01
 4.6000000E+01  2.8841000E-01 -3.4892000E-01  9.9969000E-01  9.3682000E-01 -3.9947000E-08  9.3660000E-01
 4.6500000E+01  2.8670000E-01 -3.5690000E-01  9.9969000E-01  9.3381000E-01 -4.0861000E-08  9.3359000E-01
 4.7000000E+01  2.8501000E-01 -3.6496000E-01  9.9968000E-01  9.3068000E-01 -4.1784000E-08  9.3047000E-01
 4.7500000E+01  2.8331000E-01 -3.7311000E-01  9.9968000E-01  9.2744000E-01 -4.2718000E-08  9.2723000E-01
 4.8000000E+01  2.8161000E-01 -3.8135000E-01  9.9968000E-01  9.2408000E-01 -4.3661000E-08  9.2387000E-01
 4.8500000E+01  2.7992000E-01 -3.8967000E-01  9.9968000E-01  9.2060000E-01 -4.4613000E-08  9.2039000E-01
 4.9000000E+01  2.7823000E-01 -3.9807000E-01  9.9968000E-01  9.1700000E-01 -4.5576000E-08  9.1679000E-01
 4.9500000E+01  2.7655000E-01 -4.0656000E-01  9.9967000E-01  9.1327000E-01 -4.6547000E-08  9.1306000E-01
 5.0000000E+01  2.7487000E-01 -4.1512000E-01  9.9967000E-01  9.0940000E-01 -4.7528000E-08  9.0920000E-01
 5.0500000E+01  2.7320000E-01 -4.2376000E-01  9.9967000E-01  9.0541000E-01 -4.8518000E-08  9.0520000E-01
 5.1000000E+01  2.7153000E-01 -4.3248000E-01  9.9967000E-01  9.0127000E-01 -4.9516000E-08  9.0107000E-01
 5.1500000E+01  2.6987000E-01 -4.4127000E-01  9.9967000E-01  8.9700000E-01 -5.0523000E-08  8.9679000E-01
 5.2000000E+01  2.6821000E-01 -4.5014000E-01  9.9966000E-01  8.9258000E-01 -5.1538000E-08  8.9238000E-01
 5.2500000E+01  2.6656000E-01 -4.5908000E-01  9.9966000E-01  8.8801000E-01 -5.2562000E-08  8.8781000E-01
 5.3000000E+01  2.6492000E-01 -4.6808000E-01  9.9966000E-01  8.8330000E-01 -5.3593000E-08  8.8310000E-01
 5.3500000E+01  2.6329000E-01 -4.7715000E-01  9.9966000E-01  8.7843000E-01 -5.4632000E-08  8.7823000E-01
 5.4000000E+01  2.6167000E-01 -4.8628000E-01  9.9965000E-01  8.7340000E-01 -5.5678000E-08  8.7321000E-01
 5.4500000E+01  2.6005000E-01 -4.9548000E-01  9.9965000E-01  8.6822000E-01 -5.6731000E-08  8.6802000E-01
 5.5000000E+01  2.5845000E-01 -5.0473000E-01  9.9965000E-01  8.6287000E-01 -5.7790000E-08  8.6267000E-01
 5.5500000E+01  2.5685000E-01 -5.1404000E-01  9.9965000E-01  8.5735000E-01 -5.8857000E-08  8.5716000E-01
 5.6000000E+01  2.5527000E-01 -5.2340000E-01  9.9965000E-01  8.5167000E-01 -5.9929000E-08  8.5147000E-01
 5.6500000E+01  2.5370000E-01 -5.3281000E-01  9.9964000E-01  8.4581000E-01 -6.1007000E-08  8.4562000E-01
 5.7000000E+01  2.5214000E-01 -5.4227000E-01  9.9964000E-01  8.3978000E-01 -6.2090000E-08  8.3958000E-01
 5.7500000E+01  2.5059000E-01 -5.5177000E-01  9.9964000E-01  8.3356000E-01 -6.3178000E-08  8.3337000E-01
 5.8000000E+01  2.4905000E-01 -5.6131000E-01  9.9964000E-01  8.2716000E-01 -6.4270000E-08  8.2698000E-01
 5.8500000E+01  2.4753000E-01 -5.7088000E-01  9.9963000E-01  8.2058000E-01 -6.5367000E-08  8.2040000E-01
 5.9000000E+01  2.4602000E-01 -5.8049000E-01  9.9963000E-01  8.1381000E-01 -6.6467000E-08  8.1363000E-01
 5.9500000E+01  2.4452000E-01 -5.9012000E-01  9.9963000E-01  8.0685000E-01 -6.7571000E-08  8.0667000E-01
 6.0000000E+01  2.4304000E-01 -5.9978000E-01  9.9963000E-01  7.9969000E-01 -6.8677000E-08  7.9951000E-01
 6.0500000E+01  2.4157000E-01 -6.0946000E-01  9.9963000E-01  7.9234000E-01 -6.9786000E-08  7.9216000E-01
 6.1000000E+01  2.4012000E-01 -6.1915000E-01  9.9962000E-01  7.8479000E-01 -7.0896000E-08  7.8461000E-01
 6.1500000E+01  2.3868000E-01 -6.2886000E-01  9.9962000E-01  7.7703000E-01 -7.2007000E-08  7.7685000E-01
 6.2000000E+01  2.3726000E-01 -6.3856000E-01  9.9962000E-01  7.6907000E-01 -7.3119000E-08  7.6889000E-01
 6.2500000E+01  2.3586000E-01 -6.4827000E-01  9.9962000E-01  7.6090000E-01 -7.4231000E-08  7.6073000E-01
 6.3000000E+01  2.3448000E-01 -6.5798000E-01  9.9961000E-01  7.5252000E-01 -7.5343000E-08  7.5235000E-01
 6.3500000E+01  2.3311000E-01 -6.6767000E-01  9.9961000E-01  7.4393000E-01 -7.6454000E-08  7.4376000E-01
 6.4000000E+01  2.3176000E-01 -6.7736000E-01  9.9961000E-01  7.3512000E-01 -7.7563000E-08  7.3495000E-01
 6.4500000E+01  2.3042000E-01 -6.8702000E-01  9.9961000E-01  7.2610000E-01 -7.8669000E-08  7.2593000E-01
 6.5000000E+01  2.2911000E-01 -6.9665000E-01  9.9960000E-01  7.1685000E-01 -7.9773000E-08  7.1669000E-01
 6.5500000E+01  2.2782000E-01 -7.0625000E-01  9.9960000E-01  7.0739000E-01 -8.0873000E-08  7.0723000E-01
 6.6000000E+01  2.2654000E-01 -7.1582000E-01  9.9960000E-01  6.9771000E-01 -8.1969000E-08  6.9755000E-01
 6.6500000E+01  2.2528000E-01 -7.2534000E-01  9.9960000E-01  6.8780000E-01 -8.3059000E-08  6.8765000E-01
 6.7000000E+01  2.2405000E-01 -7.3481000E-01  9.9959000E-01  6.7767000E-01 -8.4144000E-08  6.7752000E-01
 6.7500000E+01  2.2283000E-01 -7.4422000E-01  9.9959000E-01  6.6731000E-01 -8.5223000E-08  6.6716000E-01
 6.8000000E+01  2.2164000E-01 -7.5357000E-01  9.9959000E-01  6.5673000E-01 -8.6294000E-08  6.5658000E-01
 6.8500000E+01  2.2047000E-01 -7.6286000E-01  9.9959000E-01  6.4592000E-01 -8.7358000E-08  6.4578000E-01
 6.9000000E+01  2.1932000E-01 -7.7206000E-01  9.9959000E-01  6.3489000E-01 -8.8413000E-08  6.3474000E-01
 6.9500000E+01  2.1819000E-01 -7.8119000E-01  9.9958000E-01  6.2362000E-01 -8.9458000E-08  6.2348000E-01
 7.0000000E+01  2.1708000E-01 -7.9022000E-01  9.9958000E-01  6.1213000E-01 -9.0493000E-08  6.1199000E-01
 7.0500000E+01  2.1600000E-01 -7.9916000E-01  9.9958000E-01  6.0041000E-01 -9.1517000E-08  6.0028000E-01
 7.1000000E+01  2.1494000E-01 -8.0799000E-01  9.9958000E-01  5.8847000E-01 -9.2529000E-08  5.8834000E-01
 7.1500000E+01  2.1390000E-01 -8.1671000E-01  9.9958000E-01  5.7630000E-01 -9.3528000E-08  5.7617000E-01
 7.2000000E+01  2.1289000E-01 -8.2532000E-01  9.9957000E-01  5.6391000E-01 -9.4514000E-08  5.6378000E-01
 7.2500000E+01  2.1190000E-01 -8.3380000E-01  9.9957000E-01  5.5129000E-01 -9.5486000E-08  5.5116000E-01
 7.3000000E+01  2.1093000E-01 -8.4214000E-01  9.9957000E-01  5.3845000E-01 -9.6442000E-08  5.3832000E-01
 7.3500000E+01  2.0999000E-01 -8.5035000E-01  9.9957000E-01  5.2539000E-01 -9.7383000E-08  5.2527000E-01
 7.4000000E+01  2.0908000E-01 -8.5841000E-01  9.9956000E-01  5.1211000E-01 -9.8306000E-08  5.1199000E-01
 7.4500000E+01  2.0818000E-01 -8.6631000E-01  9.9956000E-01  4.9862000E-01 -9.9212000E-08  4.9850000E-01
 7.5000000E+01  2.0732000E-01 -8.7406000E-01  9.9956000E-01  4.8491000E-01 -1.0010000E-07  4.8480000E-01
 7.5500000E+01  2.0648000E-01 -8.8163000E-01  9.9956000E-01  4.7099000E-01 -1.0097000E-07  4.7089000E-01
 7.6000000E+01  2.0567000E-01 -8.8903000E-01  9.9956000E-01  4.5687000E-01 -1.0182000E-07  4.5677000E-01
 7.6500000E+01  2.0488000E-01 -8.9624000E-01  9.9956000E-01  4.4255000E-01 -1.0264000E-07  4.4245000E-01
 7.7000000E+01  2.0412000E-01 -9.0327000E-01  9.9955000E-01  4.2802000E-01 -1.0345000E-07  4.2793000E-01
 7.7500000E+01  2.0338000E-01 -9.1010000E-01  9.9955000E-01  4.1330000E-01 -1.0423000E-07  4.1321000E-01
 7.8000000E+01  2.0267000E-01 -9.1672000E-01  9.9955000E-01  3.9840000E-01 -1.0499000E-07  3.9830000E-01
 7.8500000E+01  2.0199000E-01 -9.2313000E-01  9.9955000E-01  3.8330000E-01 -1.0572000E-07  3.8321000E-01
 7.9000000E+01  2.0134000E-01 -9.2932000E-01  9.9955000E-01  3.6803000E-01 -1.0643000E-07  3.6794000E-01
 7.9500000E+01  2.0071000E-01 -9.3529000E-01  9.9955000E-01  3.5258000E-01 -1.0712000E-07  3.5250000E-01
 8.0000000E+01  2.0011000E-01 -9.4103000E-01  9.9955000E-01  3.3696000E-01 -1.0778000E-07  3.3688000E-01
 8.0500000E+01  1.9954000E-01 -9.4653000E-01  9.9954000E-01  3.2117000E-01 -1.0841000E-07  3.2110000E-01
 8.1000000E+01  1.9900000E-01 -9.5179000E-01  9.9954000E-01  3.0524000E-01 -1.0901000E-07  3.0517000E-01
 8.1500000E+01  1.9849000E-01 -9.5680000E-01  9.9954000E-01  2.8915000E-01 -1.0958000E-07  2.8908000E-01
 8.2000000E+01  1.9800000E-01 -9.6155000E-01  9.9954000E-01  2.7291000E-01 -1.1013000E-07  2.7285000E-01
 8.2500000E+01  1.9754000E-01 -9.6605000E-01  9.9954000E-01  2.5654000E-01 -1.1064000E-07  2.5648000E-01
 8.3000000E+01  1.9711000E-01 -9.7028000E-01  9.9954000E-01  2.4004000E-01 -1.1113000E-07  2.3998000E-01
 8.3500000E+01  1.9671000E-01 -9.7424000E-01  9.9954000E-01  2.2342000E-01 -1.1158000E-07  2.2337000E-01
 8.4000000E+01  1.9634000E-01 -9.7793000E-01  9.9954000E-01  2.0668000E-01 -1.1201000E-07  2.0663000E-01
 8.4500000E+01  1.9600000E-01 -9.8134000E-01  9.9954000E-01  1.8984000E-01 -1.1240000E-07  1.8979000E-01
 8.5000000E+01  1.9568000E-01 -9.8446000E-01  9.9953000E-01  1.7289000E-01 -1.1276000E-07  1.7286000E-01
 8.5500000E+01  1.9540000E-01 -9.8730000E-01  9.9953000E-01  1.5586000E-01 -1.1308000E-07  1.5583000E-01
 8.6000000E+01  1.9514000E-01 -9.8985000E-01  9.9953000E-01  1.3875000E-01 -1.1338000E-07  1.3872000E-01
 8.6500000E+01  1.9492000E-01 -9.9211000E-01  9.9953000E-01  1.2156000E-01 -1.1363000E-07  1.2154000E-01
 8.7000000E+01  1.9472000E-01 -9.9407000E-01  9.9953000E-01  1.0431000E-01 -1.1386000E-07  1.0429000E-01
 8.7500000E+01  1.9455000E-01 -9.9573000E-01  9.9953000E-01  8.7010000E-02 -1.1405000E-07  8.6990000E-02
 8.8000000E+01  1.9442000E-01 -9.9709000E-01  9.9953000E-01  6.9659000E-02 -1.1421000E-07  6.9643000E-02
 8.8500000E+01  1.9431000E-01 -9.9816000E-01  9.9953000E-01  5.2271000E-02 -1.1433000E-07  5.2259000E-02
 8.9000000E+01  1.9423000E-01 -9.9892000E-01  9.9953000E-01  3.4855000E-02 -1.1442000E-07  3.4847000E-02
 8.9500000E+01  1.9418000E-01 -9.9937000E-01  9.9953000E-01  1.7421000E-02 -1.1447000E-07  1.7417000E-02
 9.0000000E+01  1.9416000E-01 -9.9952000E-01  9.9953000E-01 -2.2742000E-05 -1.1449000E-07 -2.2622000E-05
 9.0500000E+01  1.9417000E-01 -9.9937000E-01  9.9953000E-01 -1.7466000E-02 -1.1447000E-07 -1.7462000E-02
 9.1000000E+01  1.9421000E-01 -9.9891000E-01  9.9953000E-01 -3.4901000E-02 -1.1442000E-07 -3.4893000E-02
 9.1500000E+01  1.9428000E-01 -9.9815000E-01  9.9953000E-01 -5.2316000E-02 -1.1433000E-07 -5.2304000E-02
 9.2000000E+01  1.9438000E-01 -9.9709000E-01  9.9953000E-01 -6.9704000E-02 -1.1421000E-07 -6.9688000E-02
 9.2500000E+01  1.9450000E-01 -9.9573000E-01  9.9953000E-01 -8.7055000E-02 -1.1406000E-07 -8.7035000E-02
 9.3000000E+01  1.9466000E-01 -9.9406000E-01  9.9953000E-01 -1.0436000E-01 -1.1387000E-07 -1.0434000E-01
 9.3500000E+01  1.9485000E-01 -9.9210000E-01  9.9953000E-01 -1.2161000E-01 -1.1364000E-07 -1.2158000E-01
 9.4000000E+01  1.9506000E-01 -9.8984000E-01  9.9953000E-01 -1.3880000E-01 -1.1339000E-07 -1.3876000E-01
 9.4500000E+01  1.9531000E-01 -9.8729000E-01  9.9953000E-01 -1.5591000E-01 -1.1309000E-07 -1.5587000E-01
 9.5000000E+01  1.9558000E-01 -9.8445000E-01  9.9953000E-01 -1.7294000E-01 -1.1277000E-07 -1.7290000E-01
 9.5500000E+01  1.9589000E-01 -9.8133000E-01  9.9954000E-01 -1.8988000E-01 -1.1241000E-07 -1.8984000E-01
 9.6000000E+01  1.9622000E-01 -9.7792000E-01  9.9954000E-01 -2.0672000E-01 -1.1202000E-07 -2.0668000E-01
 9.6500000E+01  1.9658000E-01 -9.7423000E-01  9.9954000E-01 -2.2346000E-01 -1.1160000E-07 -2.2341000E-01
 9.7000000E+01  1.9697000E-01 -9.7027000E-01  9.9954000E-01 -2.4008000E-01 -1.1115000E-07 -2.4003000E-01
 9.7500000E+01  1.9739000E-01 -9.6604000E-01  9.9954000E-01 -2.5658000E-01 -1.1066000E-07 -2.5652000E-01
 9.8000000E+01  1.9784000E-01 -9.6154000E-01  9.9954000E-01 -2.7295000E-01 -1.1015000E-07 -2.7289000E-01
 9.8500000E+01  1.9831000E-01 -9.5679000E-01  9.9954000E-01 -2.8919000E-01 -1.0961000E-07 -2.8912000E-01
 9.9000000E+01  1.9882000E-01 -9.5178000E-01  9.9954000E-01 -3.0528000E-01 -1.0903000E-07 -3.0521000E-01
 9.9500000E+01  1.9935000E-01 -9.4652000E-01  9.9954000E-01 -3.2122000E-01 -1.0843000E-07 -3.2114000E-01
 1.0000000E+02  1.9991000E-01 -9.4102000E-01  9.9955000E-01 -3.3700000E-01 -1.0780000E-07 -3.3692000E-01
 1.0050000E+02  2.0050000E-01 -9.3528000E-01  9.9955000E-01 -3.5262000E-01 -1.0714000E-07 -3.5254000E-01
 1.0100000E+02  2.0111000E-01 -9.2931000E-01  9.9955000E-01 -3.6807000E-01 -1.0646000E-07 -3.6798000E-01
 1.0150000E+02  2.0175000E-01 -9.2311000E-01  9.9955000E-01 -3.8334000E-01 -1.0575000E-07 -3.8325000E-01
 1.0200000E+02  2.0242000E-01 -9.1670000E-01  9.9955000E-01 -3.9843000E-01 -1.0502000E-07 -3.9834000E-01
 1.0250000E+02  2.0312000E-01 -9.1008000E-01  9.9955000E-01 -4.1334000E-01 -1.0426000E-07 -4.1325000E-01
 1.0300000E+02  2.0384000E-01 -9.0325000E-01  9.9955000E-01 -4.2806000E-01 -1.0348000E-07 -4.2796000E-01
 1.0350000E+02  2.0459000E-01 -8.9623000E-01  9.9956000E-01 -4.4258000E-01 -1.0267000E-07 -4.4248000E-01
 1.0400000E+02  2.0537000E-01 -8.8901000E-01  9.9956000E-01 -4.5691000E-01 -1.0185000E-07 -4.5680000E-01
 1.0450000E+02  2.0617000E-01 -8.8161000E-01  9.9956000E-01 -4.7103000E-01 -1.0100000E-07 -4.7092000E-01
 1.0500000E+02  2.0700000E-01 -8.7404000E-01  9.9956000E-01 -4.8494000E-01 -1.0013000E-07 -4.8483000E-01
 1.0550000E+02  2.0785000E-01 -8.6629000E-01  9.9956000E-01 -4.9865000E-01 -9.9247000E-08 -4.9854000E-01
 1.0600000E+02  2.0873000E-01 -8.5839000E-01  9.9957000E-01 -5.1214000E-01 -9.8342000E-08 -5.1203000E-01
 1.0650000E+02  2.0964000E-01 -8.5033000E-01  9.9957000E-01 -5.2542000E-01 -9.7419000E-08 -5.2530000E-01
 1.0700000E+02  2.1056000E-01 -8.4212000E-01  9.9957000E-01 -5.3848000E-01 -9.6480000E-08 -5.3836000E-01
 1.0750000E+02  2.1152000E-01 -8.3377000E-01  9.9957000E-01 -5.5132000E-01 -9.5524000E-08 -5.5119000E-01
 1.0800000E+02  2.1250000E-01 -8.2530000E-01  9.9957000E-01 -5.6394000E-01 -9.4553000E-08 -5.6381000E-01
 1.0850000E+02  2.1350000E-01 -8.1669000E-01  9.9958000E-01 -5.7633000E-01 -9.3568000E-08 -5.7620000E-01
 1.0900000E+02  2.1452000E-01 -8.0797000E-01  9.9958000E-01 -5.8850000E-01 -9.2569000E-08 -5.8837000E-01
 1.0950000E+02  2.1557000E-01 -7.9914000E-01  9.9958000E-01 -6.0044000E-01 -9.1558000E-08 -6.0031000E-01
 1.1000000E+02  2.1664000E-01 -7.9020000E-01  9.9958000E-01 -6.1216000E-01 -9.0534000E-08 -6.1202000E-01
 1.1050000E+02  2.1773000E-01 -7.8116000E-01  9.9958000E-01 -6.2365000E-01 -8.9500000E-08 -6.2351000E-01
 1.1100000E+02  2.1885000E-01 -7.7204000E-01  9.9959000E-01 -6.3491000E-01 -8.8455000E-08 -6.3477000E-01
 1.1150000E+02  2.1999000E-01 -7.6283000E-01  9.9959000E-01 -6.4595000E-01 -8.7401000E-08 -6.4580000E-01
 1.1200000E+02  2.2115000E-01 -7.5355000E-01  9.9959000E-01 -6.5676000E-01 -8.6338000E-08 -6.5661000E-01
 1.1250000E+02  2.2233000E-01 -7.4420000E-01  9.9959000E-01 -6.6734000E-01 -8.5267000E-08 -6.6719000E-01
 1.1300000E+02  2.2353000E-01 -7.3479000E-01  9.9959000E-01 -6.7770000E-01 -8.4189000E-08 -6.7754000E-01
 1.1350000E+02  2.2475000E-01 -7.2532000E-01  9.9960000E-01 -6.8783000E-01 -8.3104000E-08 -6.8767000E-01
 1.1400000E+02  2.2599000E-01 -7.1579000E-01  9.9960000E-01 -6.9773000E-01 -8.2013000E-08 -6.9757000E-01
 1.1450000E+02  2.2725000E-01 -7.0623000E-01  9.9960000E-01 -7.0742000E-01 -8.0918000E-08 -7.0725000E-01
 1.1500000E+02  2.2853000E-01 -6.9663000E-01  9.9960000E-01 -7.1688000E-01 -7.9818000E-08 -7.1671000E-01
 1.1550000E+02  2.2983000E-01 -6.8699000E-01  9.9961000E-01 -7.2612000E-01 -7.8715000E-08 -7.2595000E-01
 1.1600000E+02  2.3115000E-01 -6.7733000E-01  9.9961000E-01 -7.3514000E-01 -7.7608000E-08 -7.3497000E-01
 1.1650000E+02  2.3249000E-01 -6.6765000E-01  9.9961000E-01 -7.4395000E-01 -7.6500000E-08 -7.4378000E-01
 1.1700000E+02  2.3384000E-01 -6.5796000E-01  9.9961000E-01 -7.5254000E-01 -7.5389000E-08 -7.5237000E-01
 1.1750000E+02  2.3521000E-01 -6.4825000E-01  9.9962000E-01 -7.6092000E-01 -7.4277000E-08 -7.6074000E-01
 1.1800000E+02  2.3660000E-01 -6.3854000E-01  9.9962000E-01 -7.6909000E-01 -7.3165000E-08 -7.6891000E-01
 1.1850000E+02  2.3801000E-01 -6.2883000E-01  9.9962000E-01 -7.7705000E-01 -7.2053000E-08 -7.7687000E-01
 1.1900000E+02  2.3943000E-01 -6.1913000E-01  9.9962000E-01 -7.8480000E-01 -7.0942000E-08 -7.8463000E-01
 1.1950000E+02  2.4086000E-01 -6.0944000E-01  9.9963000E-01 -7.9236000E-01 -6.9832000E-08 -7.9218000E-01
 1.2000000E+02  2.4231000E-01 -5.9976000E-01  9.9963000E-01 -7.9971000E-01 -6.8723000E-08 -7.9953000E-01
 1.2050000E+02  2.4378000E-01 -5.9010000E-01  9.9963000E-01 -8.0687000E-01 -6.7617000E-08 -8.0668000E-01
 1.2100000E+02  2.4526000E-01 -5.8047000E-01  9.9963000E-01 -8.1383000E-01 -6.6513000E-08 -8.1364000E-01
 1.2150000E+02  2.4675000E-01 -5.7086000E-01  9.9963000E-01 -8.2060000E-01 -6.5413000E-08 -8.2041000E-01
 1.2200000E+02  2.4826000E-01 -5.6129000E-01  9.9964000E-01 -8.2718000E-01 -6.4316000E-08 -8.2699000E-01
 1.2250000E+02  2.4978000E-01 -5.5175000E-01  9.9964000E-01 -8.3358000E-01 -6.3223000E-08 -8.3339000E-01
 1.2300000E+02  2.5132000E-01 -5.4225000E-01  9.9964000E-01 -8.3979000E-01 -6.2135000E-08 -8.3960000E-01
 1.2350000E+02  2.5286000E-01 -5.3279000E-01  9.9964000E-01 -8.4582000E-01 -6.1052000E-08 -8.4563000E-01
 1.2400000E+02  2.5442000E-01 -5.2338000E-01  9.9965000E-01 -8.5168000E-01 -5.9974000E-08 -8.5149000E-01
 1.2450000E+02  2.5599000E-01 -5.1402000E-01  9.9965000E-01 -8.5737000E-01 -5.8902000E-08 -8.5717000E-01
 1.2500000E+02  2.5756000E-01 -5.0471000E-01  9.9965000E-01 -8.6288000E-01 -5.7835000E-08 -8.6268000E-01
 1.2550000E+02  2.5915000E-01 -4.9546000E-01  9.9965000E-01 -8.6823000E-01 -5.6775000E-08 -8.6803000E-01
 1.2600000E+02  2.6075000E-01 -4.8626000E-01  9.9965000E-01 -8.7341000E-01 -5.5722000E-08 -8.7322000E-01
 1.2650000E+02  2.6236000E-01 -4.7713000E-01  9.9966000E-01 -8.7844000E-01 -5.4675000E-08 -8.7824000E-01
 1.2700000E+02  2.6397000E-01 -4.6806000E-01  9.9966000E-01 -8.8331000E-01 -5.3636000E-08 -8.8311000E-01
 1.2750000E+02  2.6559000E-01 -4.5906000E-01  9.9966000E-01 -8.8802000E-01 -5.2605000E-08 -8.8782000E-01
 1.2800000E+02  2.6723000E-01 -4.5012000E-01  9.9966000E-01 -8.9259000E-01 -5.1581000E-08 -8.9239000E-01
 1.2850000E+02  2.6886000E-01 -4.4126000E-01  9.9967000E-01 -8.9701000E-01 -5.0565000E-08 -8.9680000E-01
 1.2900000E+02  2.7051000E-01 -4.3246000E-01  9.9967000E-01 -9.0128000E-01 -4.9558000E-08 -9.0108000E-01
 1.2950000E+02  2.7216000E-01 -4.2375000E-01  9.9967000E-01 -9.0542000E-01 -4.8559000E-08 -9.0521000E-01
 1.3000000E+02  2.7382000E-01 -4.1510000E-01  9.9967000E-01 -9.0941000E-01 -4.7569000E-08 -9.0921000E-01
 1.3050000E+02  2.7548000E-01 -4.0654000E-01  9.9967000E-01 -9.1327000E-01 -4.6588000E-08 -9.1307000E-01
 1.3100000E+02  2.7714000E-01 -3.9806000E-01  9.9968000E-01 -9.1701000E-01 -4.5616000E-08 -9.1680000E-01
 1.3150000E+02  2.7881000E-01 -3.8965000E-01  9.9968000E-01 -9.2061000E-01 -4.4653000E-08 -9.2040000E-01
 1.3200000E+02  2.8049000E-01 -3.8133000E-01  9.9968000E-01 -9.2409000E-01 -4.3700000E-08 -9.2388000E-01
 1.3250000E+02  2.8216000E-01 -3.7310000E-01  9.9968000E-01 -9.2745000E-01 -4.2757000E-08 -9.2724000E-01
 1.3300000E+02  2.8384000E-01 -3.6495000E-01  9.9968000E-01 -9.3069000E-01 -4.1823000E-08 -9.3048000E-01
 1.3350000E+02  2.8553000E-01 -3.5688000E-01  9.9969000E-01 -9.3381000E-01 -4.0899000E-08 -9.3360000E-01
 1.3400000E+02  2.8721000E-01 -3.4891000E-01  9.9969000E-01 -9.3682000E-01 -3.9985000E-08 -9.3661000E-01
 1.3450000E+02  2.8889000E-01 -3.4102000E-01  9.9969000E-01 -9.3973000E-01 -3.9081000E-08 -9.3951000E-01
 1.3500000E+02  2.9058000E-01 -3.3322000E-01  9.9969000E-01 -9.4252000E-01 -3.8188000E-08 -9.4231000E-01
 1.3550000E+02  2.9226000E-01 -3.2551000E-01  9.9969000E-01 -9.4521000E-01 -3.7304000E-08 -9.4500000E-01
 1.3600000E+02  2.9395000E-01 -3.1789000E-01  9.9970000E-01 -9.4780000E-01 -3.6431000E-08 -9.4759000E-01
 1.3650000E+02  2.9563000E-01 -3.1037000E-01  9.9970000E-01 -9.5030000E-01 -3.5569000E-08 -9.5008000E-01
 1.3700000E+02  2.9731000E-01 -3.0293000E-01  9.9970000E-01 -9.5269000E-01 -3.4717000E-08 -9.5248000E-01
 1.3750000E+02  2.9899000E-01 -2.9559000E-01  9.9970000E-01 -9.5500000E-01 -3.3876000E-08 -9.5478000E-01
 1.3800000E+02  3.0067000E-01 -2.8835000E-01  9.9970000E-01 -9.5722000E-01 -3.3046000E-08 -9.5700000E-01
 1.3850000E+02  3.0234000E-01 -2.8119000E-01  9.9970000E-01 -9.5934000E-01 -3.2226000E-08 -9.5912000E-01
 1.3900000E+02  3.0401000E-01 -2.7413000E-01  9.9971000E-01 -9.6139000E-01 -3.1417000E-08 -9.6117000E-01
 1.3950000E+02  3.0567000E-01 -2.6717000E-01  9.9971000E-01 -9.6335000E-01 -3.0619000E-08 -9.6313000E-01
 1.4000000E+02  3.0734000E-01 -2.6030000E-01  9.9971000E-01 -9.6523000E-01 -2.9831000E-08 -9.6501000E-01
 1.4050000E+02  3.0899000E-01 -2.5352000E-01  9.9971000E-01 -9.6703000E-01 -2.9055000E-08 -9.6681000E-01
 1.4100000E+02  3.1064000E-01 -2.4684000E-01  9.9971000E-01 -9.6876000E-01 -2.8289000E-08 -9.6854000E-01
 1.4150000E+02  3.1229000E-01 -2.4025000E-01  9.9971000E-01 -9.7042000E-01 -2.7535000E-08 -9.7019000E-01
 1.4200000E+02  3.1392000E-01 -2.3376000E-01  9.9972000E-01 -9.7200000E-01 -2.6791000E-08 -9.7178000E-01
 1.4250000E+02  3.1556000E-01 -2.2737000E-01  9.9972000E-01 -9.7352000E-01 -2.6058000E-08 -9.7330000E-01
 1.4300000E+02  3.1718000E-01 -2.2107000E-01  9.9972000E-01 -9.7497000E-01 -2.5336000E-08 -9.7475000E-01
 1.4350000E+02  3.1879000E-01 -2.1486000E-01  9.9972000E-01 -9.7636000E-01 -2.4625000E-08 -9.7614000E-01
 1.4400000E+02  3.2040000E-01 -2.0875000E-01  9.9972000E-01 -9.7768000E-01 -2.3925000E-08 -9.7746000E-01
 1.4450000E+02  3.2200000E-01 -2.0274000E-01  9.9972000E-01 -9.7895000E-01 -2.3236000E-08 -9.7873000E-01
 1.4500000E+02  3.2358000E-01 -1.9682000E-01  9.9972000E-01 -9.8016000E-01 -2.2558000E-08 -9.7994000E-01
 1.4550000E+02  3.2516000E-01 -1.9100000E-01  9.9973000E-01 -9.8131000E-01 -2.1890000E-08 -9.8109000E-01
 1.4600000E+02  3.2673000E-01 -1.8527000E-01  9.9973000E-01 -9.8241000E-01 -2.1234000E-08 -9.8219000E-01
 1.4650000E+02  3.2828000E-01 -1.7963000E-01  9.9973000E-01 -9.8346000E-01 -2.0588000E-08 -9.8323000E-01
 1.4700000E+02  3.2983000E-01 -1.7409000E-01  9.9973000E-01 -9.8446000E-01 -1.9953000E-08 -9.8423000E-01
 1.4750000E+02  3.3136000E-01 -1.6865000E-01  9.9973000E-01 -9.8540000E-01 -1.9329000E-08 -9.8518000E-01
 1.4800000E+02  3.3288000E-01 -1.6329000E-01  9.9973000E-01 -9.8631000E-01 -1.8715000E-08 -9.8608000E-01
 1.4850000E+02  3.3439000E-01 -1.5803000E-01  9.9973000E-01 -9.8716000E-01 -1.8113000E-08 -9.8694000E-01
 1.4900000E+02  3.3588000E-01 -1.5287000E-01  9.9974000E-01 -9.8798000E-01 -1.7521000E-08 -9.8775000E-01
 1.4950000E+02  3.3736000E-01 -1.4780000E-01  9.9974000E-01 -9.8875000E-01 -1.6939000E-08 -9.8853000E-01
 1.5000000E+02  3.3883000E-01 -1.4282000E-01  9.9974000E-01 -9.8948000E-01 -1.6369000E-08 -9.8926000E-01
 1.5050000E+02  3.4028000E-01 -1.3793000E-01  9.9974000E-01 -9.9018000E-01 -1.5808000E-08 -9.8995000E-01
 1.5100000E+02  3.4171000E-01 -1.3313000E-01  9.9974000E-01 -9.9084000E-01 -1.5259000E-08 -9.9061000E-01
 1.5150000E+02  3.4313000E-01 -1.2843000E-01  9.9974000E-01 -9.9146000E-01 -1.4720000E-08 -9.9123000E-01
 1.5200000E+02  3.4454000E-01 -1.2381000E-01  9.9974000E-01 -9.9205000E-01 -1.4191000E-08 -9.9182000E-01
 1.5250000E+02  3.4593000E-01 -1.1929000E-01  9.9974000E-01 -9.9260000E-01 -1.3673000E-08 -9.9237000E-01
 1.5300000E+02  3.4730000E-01 -1.1486000E-01  9.9974000E-01 -9.9312000E-01 -1.3165000E-08 -9.9290000E-01
 1.5350000E+02  3.4865000E-01 -1.1052000E-01  9.9975000E-01 -9.9362000E-01 -1.2667000E-08 -9.9339000E-01
 1.5400000E+02  3.4999000E-01 -1.0627000E-01  9.9975000E-01 -9.9408000E-01 -1.2180000E-08 -9.9386000E-01
 1.5450000E+02  3.5130000E-01 -1.0211000E-01  9.9975000E-01 -9.9452000E-01 -1.1703000E-08 -9.9429000E-01
 1.5500000E+02  3.5260000E-01 -9.8032000E-02  9.9975000E-01 -9.9493000E-01 -1.1236000E-08 -9.9470000E-01
 1.5550000E+02  3.5388000E-01 -9.4048000E-02  9.9975000E-01 -9.9532000E-01 -1.0780000E-08 -9.9509000E-01
 1.5600000E+02  3.5515000E-01 -9.0151000E-02  9.9975000E-01 -9.9568000E-01 -1.0333000E-08 -9.9545000E-01
 1.5650000E+02  3.5639000E-01 -8.6342000E-02  9.9975000E-01 -9.9602000E-01 -9.8964000E-09 -9.9579000E-01
 1.5700000E+02  3.5761000E-01 -8.2621000E-02  9.9975000E-01 -9.9633000E-01 -9.4699000E-09 -9.9611000E-01
 1.5750000E+02  3.5881000E-01 -7.8987000E-02  9.9975000E-01 -9.9663000E-01 -9.0534000E-09 -9.9640000E-01
 1.5800000E+02  3.5999000E-01 -7.5439000E-02  9.9975000E-01 -9.9690000E-01 -8.6467000E-09 -9.9668000E-01
 1.5850000E+02  3.6115000E-01 -7.1977000E-02  9.9975000E-01 -9.9716000E-01 -8.2500000E-09 -9.9693000E-01
 1.5900000E+02  3.6229000E-01 -6.8601000E-02  9.9976000E-01 -9.9740000E-01 -7.8630000E-09 -9.9717000E-01
 1.5950000E+02  3.6340000E-01 -6.5311000E-02  9.9976000E-01 -9.9762000E-01 -7.4859000E-09 -9.9739000E-01
 1.6000000E+02  3.6449000E-01 -6.2105000E-02  9.9976000E-01 -9.9783000E-01 -7.1185000E-09 -9.9760000E-01
 1.6050000E+02  3.6557000E-01 -5.8984000E-02  9.9976000E-01 -9.9802000E-01 -6.7608000E-09 -9.9779000E-01
 1.6100000E+02  3.6661000E-01 -5.5948000E-02  9.9976000E-01 -9.9819000E-01 -6.4128000E-09 -9.9796000E-01
 1.6150000E+02  3.6764000E-01 -5.2995000E-02  9.9976000E-01 -9.9835000E-01 -6.0744000E-09 -9.9813000E-01
 1.6200000E+02  3.6864000E-01 -5.0126000E-02  9.9976000E-01 -9.9850000E-01 -5.7455000E-09 -9.9828000E-01
 1.6250000E+02  3.6962000E-01 -4.7340000E-02  9.9976000E-01 -9.9864000E-01 -5.4262000E-09 -9.9841000E-01
 1.6300000E+02  3.7057000E-01 -4.4637000E-02  9.9976000E-01 -9.9876000E-01 -5.1163000E-09 -9.9854000E-01
 1.6350000E+02  3.7150000E-01 -4.2016000E-02  9.9976000E-01 -9.9888000E-01 -4.8160000E-09 -9.9865000E-01
 1.6400000E+02  3.7241000E-01 -3.9477000E-02  9.9976000E-01 -9.9898000E-01 -4.5250000E-09 -9.9876000E-01
 1.6450000E+02  3.7328000E-01 -3.7021000E-02  9.9976000E-01 -9.9908000E-01 -4.2434000E-09 -9.9885000E-01
 1.6500000E+02  3.7414000E-01 -3.4645000E-02  9.9976000E-01 -9.9916000E-01 -3.9711000E-09 -9.9894000E-01
 1.6550000E+02  3.7497000E-01 -3.2351000E-02  9.9976000E-01 -9.9924000E-01 -3.7081000E-09 -9.9901000E-01
 1.6600000E+02  3.7577000E-01 -3.0137000E-02  9.9976000E-01 -9.9931000E-01 -3.4544000E-09 -9.9908000E-01
 1.6650000E+02  3.7655000E-01 -2.8004000E-02  9.9977000E-01 -9.9937000E-01 -3.2099000E-09 -9.9915000E-01
 1.6700000E+02  3.7730000E-01 -2.5951000E-02  9.9977000E-01 -9.9943000E-01 -2.9746000E-09 -9.9920000E-01
 1.6750000E+02  3.7802000E-01 -2.3978000E-02  9.9977000E-01 -9.9948000E-01 -2.7485000E-09 -9.9925000E-01
 1.6800000E+02  3.7872000E-01 -2.2085000E-02  9.9977000E-01 -9.9952000E-01 -2.5315000E-09 -9.9930000E-01
 1.6850000E+02  3.7939000E-01 -2.0271000E-02  9.9977000E-01 -9.9956000E-01 -2.3236000E-09 -9.9933000E-01
 1.6900000E+02  3.8004000E-01 -1.8537000E-02  9.9977000E-01 -9.9960000E-01 -2.1247000E-09 -9.9937000E-01
 1.6950000E+02  3.8066000E-01 -1.6881000E-02  9.9977000E-01 -9.9963000E-01 -1.9349000E-09 -9.9940000E-01
 1.7000000E+02  3.8124000E-01 -1.5304000E-02  9.9977000E-01 -9.9965000E-01 -1.7542000E-09 -9.9942000E-01
 1.7050000E+02  3.8181000E-01 -1.3805000E-02  9.9977000E-01 -9.9967000E-01 -1.5824000E-09 -9.9945000E-01
 1.7100000E+02  3.8234000E-01 -1.2384000E-02  9.9977000E-01 -9.9969000E-01 -1.4195000E-09 -9.9946000E-01
 1.7150000E+02  3.8285000E-01 -1.1042000E-02  9.9977000E-01 -9.9971000E-01 -1.2656000E-09 -9.9948000E-01
 1.7200000E+02  3.8333000E-01 -9.7767000E-03  9.9977000E-01 -9.9972000E-01 -1.1206000E-09 -9.9949000E-01
 1.7250000E+02  3.8378000E-01 -8.5895000E-03  9.9977000E-01 -9.9973000E-01 -9.8456000E-10 -9.9951000E-01
 1.7300000E+02  3.8420000E-01 -7.4797000E-03  9.9977000E-01 -9.9974000E-01 -8.5735000E-10 -9.9951000E-01
 1.7350000E+02  3.8459000E-01 -6.4471000E-03  9.9977000E-01 -9.9975000E-01 -7.3900000E-10 -9.9952000E-01
 1.7400000E+02  3.8495000E-01 -5.4917000E-03  9.9977000E-01 -9.9976000E-01 -6.2948000E-10 -9.9953000E-01
 1.7450000E+02  3.8529000E-01 -4.6132000E-03  9.9977000E-01 -9.9976000E-01 -5.2879000E-10 -9.9953000E-01
 1.7500000E+02  3.8560000E-01 -3.8115000E-03  9.9977000E-01 -9.9976000E-01 -4.3690000E-10 -9.9954000E-01
 1.7550000E+02  3.8587000E-01 -3.0866000E-03  9.9977000E-01 -9.9977000E-01 -3.5380000E-10 -9.9954000E-01
 1.7600000E+02  3.8612000E-01 -2.4383000E-03  9.9977000E-01 -9.9977000E-01 -2.7949000E-10 -9.9954000E-01
 1.7650000E+02  3.8634000E-01 -1.8665000E-03  9.9977000E-01 -9.9977000E-01 -2.1394000E-10 -9.9954000E-01
 1.7700000E+02  3.8653000E-01 -1.3710000E-03  9.9977000E-01 -9.9977000E-01 -1.5716000E-10 -9.9954000E-01
 1.7750000E+02  3.8669000E-01 -9.5198000E-04  9.9977000E-01 -9.9977000E-01 -1.0912000E-10 -9.9954000E-01
 1.7800000E+02  3.8683000E-01 -6.0920000E-04  9.9977000E-01 -9.9977000E-01 -6.9829000E-11 -9.9954000E-01
 1.7850000E+02  3.8693000E-01 -3.4264000E-04  9.9977000E-01 -9.9977000E-01 -3.9275000E-11 -9.9954000E-01
 1.7900000E+02  3.8700000E-01 -1.5228000E-04  9.9977000E-01 -9.9977000E-01 -1.7455000E-11 -9.9954000E-01
 1.7950000E+02  3.8705000E-01 -3.8067000E-05  9.9977000E-01 -9.9977000E-01 -4.3634000E-12 -9.9954000E-01
 1.8000000E+02  3.8706000E-01 -3.7738000E-15  9.9977000E-01 -9.9977000E-01 -4.3257000E-22 -9.9954000E-01
