length scale factor
3.1165000E-02
volume cluster radius, area mean sphere radius, circumscribing radius, cross section radius
6.2761909E-01 3.1133835E-02 3.6920208E+00 6.2761909E-01
total extinction, absorption, scattering efficiencies (unpolarized incidence)
6.6345000E-02 9.4381000E-03 5.6907000E-02
theta     11          12          22          33          34          44
0.000000 4.6254000E-01 -9.9668000E-08 9.9989000E-01 9.9989000E-01 3.9677000E-10 9.9977000E-01
0.500000 4.6247000E-01 -3.7951000E-05 9.9989000E-01 9.9989000E-01 1.5108000E-07 9.9977000E-01
1.000000 4.6228000E-01 -1.5181000E-04 9.9989000E-01 9.9989000E-01 6.0440000E-07 9.9977000E-01
1.500000 4.6196000E-01 -3.4159000E-04 9.9989000E-01 9.9989000E-01 1.3601000E-06 9.9977000E-01
2.000000 4.6150000E-01 -6.0733000E-04 9.9989000E-01 9.9989000E-01 2.4185000E-06 9.9977000E-01
2.500000 4.6092000E-01 -9.4907000E-04 9.9989000E-01 9.9988000E-01 3.7800000E-06 9.9977000E-01
3.000000 4.6022000E-01 -1.3668000E-03 9.9989000E-01 9.9988000E-01 5.4452000E-06 9.9977000E-01
3.500000 4.5938000E-01 -1.8607000E-03 9.9988000E-01 9.9988000E-01 7.4146000E-06 9.9977000E-01
4.000000 4.5842000E-01 -2.4308000E-03 9.9988000E-01 9.9988000E-01 9.6890000E-06 9.9977000E-01
4.500000 4.5734000E-01 -3.0772000E-03 9.9988000E-01 9.9988000E-01 1.2269000E-05 9.9976000E-01
5.000000 4.5613000E-01 -3.7999000E-03 9.9988000E-01 9.9988000E-01 1.5157000E-05 9.9976000E-01
5.500000 4.5479000E-01 -4.5991000E-03 9.9988000E-01 9.9987000E-01 1.8352000E-05 9.9976000E-01
6.000000 4.5334000E-01 -5.4749000E-03 9.9988000E-01 9.9987000E-01 2.1856000E-05 9.9975000E-01
6.500000 4.5176000E-01 -6.4274000E-03 9.9988000E-01 9.9986000E-01 2.5671000E-05 9.9975000E-01
7.000000 4.5007000E-01 -7.4568000E-03 9.9988000E-01 9.9986000E-01 2.9798000E-05 9.9974000E-01
7.500000 4.4825000E-01 -8.5632000E-03 9.9988000E-01 9.9985000E-01 3.4239000E-05 9.9973000E-01
8.000000 4.4632000E-01 -9.7468000E-03 9.9988000E-01 9.9983000E-01 3.8995000E-05 9.9972000E-01
8.500000 4.4428000E-01 -1.1008000E-02 9.9988000E-01 9.9982000E-01 4.4067000E-05 9.9970000E-01
9.000000 4.4212000E-01 -1.2346000E-02 9.9988000E-01 9.9980000E-01 4.9459000E-05 9.9969000E-01
9.500000 4.3986000E-01 -1.3763000E-02 9.9988000E-01 9.9979000E-01 5.5172000E-05 9.9967000E-01
10.000000 4.3748000E-01 -1.5257000E-02 9.9988000E-01 9.9976000E-01 6.1207000E-05 9.9964000E-01
10.500000 4.3500000E-01 -1.6829000E-02 9.9988000E-01 9.9974000E-01 6.7568000E-05 9.9962000E-01
11.000000 4.3242000E-01 -1.8480000E-02 9.9988000E-01 9.9971000E-01 7.4257000E-05 9.9959000E-01
11.500000 4.2973000E-01 -2.0209000E-02 9.9988000E-01 9.9967000E-01 8.1275000E-05 9.9955000E-01
12.000000 4.2694000E-01 -2.2018000E-02 9.9988000E-01 9.9963000E-01 8.8626000E-05 9.9951000E-01
12.500000 4.2406000E-01 -2.3905000E-02 9.9988000E-01 9.9959000E-01 9.6313000E-05 9.9947000E-01
13.000000 4.2108000E-01 -2.5872000E-02 9.9988000E-01 9.9954000E-01 1.0434000E-04 9.9942000E-01
13.500000 4.1801000E-01 -2.7919000E-02 9.9988000E-01 9.9949000E-01 1.1270000E-04 9.9936000E-01
14.000000 4.1485000E-01 -3.0045000E-02 9.9987000E-01 9.9942000E-01 1.2141000E-04 9.9930000E-01
14.500000 4.1160000E-01 -3.2252000E-02 9.9987000E-01 9.9935000E-01 1.3047000E-04 9.9923000E-01
15.000000 4.0827000E-01 -3.4539000E-02 9.9987000E-01 9.9928000E-01 1.3987000E-04 9.9915000E-01
15.500000 4.0486000E-01 -3.6908000E-02 9.9987000E-01 9.9919000E-01 1.4963000E-04 9.9906000E-01
16.000000 4.0137000E-01 -3.9357000E-02 9.9987000E-01 9.9910000E-01 1.5975000E-04 9.9897000E-01
16.500000 3.9780000E-01 -4.1888000E-02 9.9987000E-01 9.9899000E-01 1.7022000E-04 9.9886000E-01
17.000000 3.9416000E-01 -4.4501000E-02 9.9987000E-01 9.9888000E-01 1.8106000E-04 9.9875000E-01
17.500000 3.9045000E-01 -4.7196000E-02 9.9987000E-01 9.9875000E-01 1.9227000E-04 9.9862000E-01
18.000000 3.8668000E-01 -4.9973000E-02 9.9987000E-01 9.9862000E-01 2.0385000E-04 9.9849000E-01
18.500000 3.8284000E-01 -5.2834000E-02 9.9987000E-01 9.9847000E-01 2.1580000E-04 9.9834000E-01
19.000000 3.7894000E-01 -5.5778000E-02 9.9986000E-01 9.9831000E-01 2.2813000E-04 9.9818000E-01
19.500000 3.7499000E-01 -5.8805000E-02 9.9986000E-01 9.9813000E-01 2.4085000E-04 9.9800000E-01
20.000000 3.7097000E-01 -6.1916000E-02 9.9986000E-01 9.9794000E-01 2.5395000E-04 9.9781000E-01
20.500000 3.6691000E-01 -6.5112000E-02 9.9986000E-01 9.9774000E-01 2.6744000E-04 9.9760000E-01
21.000000 3.6280000E-01 -6.8393000E-02 9.9986000E-01 9.9752000E-01 2.8133000E-04 9.9738000E-01
21.500000 3.5865000E-01 -7.1758000E-02 9.9986000E-01 9.9728000E-01 2.9562000E-04 9.9714000E-01
22.000000 3.5445000E-01 -7.5210000E-02 9.9986000E-01 9.9702000E-01 3.1032000E-04 9.9689000E-01
22.500000 3.5021000E-01 -7.8747000E-02 9.9986000E-01 9.9675000E-01 3.2542000E-04 9.9661000E-01
23.000000 3.4594000E-01 -8.2370000E-02 9.9985000E-01 9.9645000E-01 3.4094000E-04 9.9632000E-01
23.500000 3.4163000E-01 -8.6081000E-02 9.9985000E-01 9.9614000E-01 3.5687000E-04 9.9600000E-01
24.000000 3.3730000E-01 -8.9878000E-02 9.9985000E-01 9.9580000E-01 3.7323000E-04 9.9566000E-01
24.500000 3.3293000E-01 -9.3763000E-02 9.9985000E-01 9.9544000E-01 3.9002000E-04 9.9530000E-01
25.000000 3.2855000E-01 -9.7736000E-02 9.9985000E-01 9.9506000E-01 4.0723000E-04 9.9491000E-01
25.500000 3.2414000E-01 -1.0180000E-01 9.9985000E-01 9.9465000E-01 4.2489000E-04 9.9450000E-01
26.000000 3.1971000E-01 -1.0595000E-01 9.9984000E-01 9.9421000E-01 4.4299000E-04 9.9407000E-01
26.500000 3.1527000E-01 -1.1019000E-01 9.9984000E-01 9.9375000E-01 4.6154000E-04 9.9360000E-01
27.000000 3.1082000E-01 -1.1451000E-01 9.9984000E-01 9.9326000E-01 4.8055000E-04 9.9311000E-01
27.500000 3.0636000E-01 -1.1893000E-01 9.9984000E-01 9.9274000E-01 5.0001000E-04 9.9259000E-01
28.000000 3.0189000E-01 -1.2344000E-01 9.9984000E-01 9.9219000E-01 5.1994000E-04 9.9203000E-01
28.500000 2.9742000E-01 -1.2804000E-01 9.9983000E-01 9.9160000E-01 5.4034000E-04 9.9145000E-01
29.000000 2.9294000E-01 -1.3273000E-01 9.9983000E-01 9.9098000E-01 5.6121000E-04 9.9083000E-01
29.500000 2.8847000E-01 -1.3751000E-01 9.9983000E-01 9.9033000E-01 5.8256000E-04 9.9017000E-01
30.000000 2.8400000E-01 -1.4239000E-01 9.9983000E-01 9.8964000E-01 6.0441000E-04 9.8948000E-01
30.500000 2.7954000E-01 -1.4735000E-01 9.9983000E-01 9.8891000E-01 6.2674000E-04 9.8875000E-01
31.000000 2.7509000E-01 -1.5241000E-01 9.9982000E-01 9.8814000E-01 6.4957000E-04 9.8798000E-01
31.500000 2.7065000E-01 -1.5756000E-01 9.9982000E-01 9.8733000E-01 6.7291000E-04 9.8716000E-01
32.000000 2.6622000E-01 -1.6280000E-01 9.9982000E-01 9.8647000E-01 6.9676000E-04 9.8631000E-01
32.500000 2.6181000E-01 -1.6814000E-01 9.9982000E-01 9.8558000E-01 7.2113000E-04 9.8541000E-01
33.000000 2.5741000E-01 -1.7357000E-01 9.9981000E-01 9.8463000E-01 7.4601000E-04 9.8446000E-01
33.500000 2.5304000E-01 -1.7910000E-01 9.9981000E-01 9.8364000E-01 7.7143000E-04 9.8347000E-01
34.000000 2.4869000E-01 -1.8472000E-01 9.9981000E-01 9.8260000E-01 7.9738000E-04 9.8242000E-01
34.500000 2.4436000E-01 -1.9043000E-01 9.9981000E-01 9.8150000E-01 8.2387000E-04 9.8133000E-01
35.000000 2.4006000E-01 -1.9624000E-01 9.9980000E-01 9.8035000E-01 8.5090000E-04 9.8018000E-01
35.500000 2.3579000E-01 -2.0214000E-01 9.9980000E-01 9.7915000E-01 8.7849000E-04 9.7897000E-01
36.000000 2.3155000E-01 -2.0813000E-01 9.9980000E-01 9.7789000E-01 9.0664000E-04 9.7771000E-01
36.500000 2.2734000E-01 -2.1423000E-01 9.9979000E-01 9.7657000E-01 9.3535000E-04 9.7639000E-01
37.000000 2.2316000E-01 -2.2041000E-01 9.9979000E-01 9.7519000E-01 9.6464000E-04 9.7501000E-01
37.500000 2.1902000E-01 -2.2670000E-01 9.9979000E-01 9.7375000E-01 9.9450000E-04 9.7356000E-01
38.000000 2.1492000E-01 -2.3307000E-01 9.9979000E-01 9.7224000E-01 1.0249000E-03 9.7205000E-01
38.500000 2.1085000E-01 -2.3954000E-01 9.9978000E-01 9.7066000E-01 1.0560000E-03 9.7047000E-01
39.000000 2.0683000E-01 -2.4611000E-01 9.9978000E-01 9.6901000E-01 1.0876000E-03 9.6882000E-01
39.500000 2.0284000E-01 -2.5277000E-01 9.9978000E-01 9.6729000E-01 1.1198000E-03 9.6709000E-01
40.000000 1.9890000E-01 -2.5953000E-01 9.9977000E-01 9.6549000E-01 1.1527000E-03 9.6530000E-01
40.500000 1.9500000E-01 -2.6638000E-01 9.9977000E-01 9.6362000E-01 1.1861000E-03 9.6342000E-01
41.000000 1.9114000E-01 -2.7333000E-01 9.9976000E-01 9.6167000E-01 1.2202000E-03 9.6147000E-01
41.500000 1.8733000E-01 -2.8037000E-01 9.9976000E-01 9.5964000E-01 1.2549000E-03 9.5943000E-01
42.000000 1.8357000E-01 -2.8750000E-01 9.9976000E-01 9.5752000E-01 1.2902000E-03 9.5731000E-01
42.500000 1.7985000E-01 -2.9473000E-01 9.9975000E-01 9.5532000E-01 1.3262000E-03 9.5511000E-01
43.000000 1.7618000E-01 -3.0205000E-01 9.9975000E-01 9.5302000E-01 1.3628000E-03 9.5281000E-01
43.500000 1.7256000E-01 -3.0947000E-01 9.9975000E-01 9.5064000E-01 1.4001000E-03 9.5042000E-01
44.000000 1.6899000E-01 -3.1697000E-01 9.9974000E-01 9.4816000E-01 1.4380000E-03 9.4794000E-01
44.500000 1.6547000E-01 -3.2457000E-01 9.9974000E-01 9.4558000E-01 1.4765000E-03 9.4536000E-01
45.000000 1.6201000E-01 -3.3226000E-01 9.9973000E-01 9.4290000E-01 1.5158000E-03 9.4268000E-01
45.500000 1.5859000E-01 -3.4004000E-01 9.9973000E-01 9.4012000E-01 1.5556000E-03 9.3989000E-01
46.000000 1.5522000E-01 -3.4790000E-01 9.9972000E-01 9.3723000E-01 1.5962000E-03 9.3700000E-01
46.500000 1.5191000E-01 -3.5586000E-01 9.9972000E-01 9.3423000E-01 1.6374000E-03 9.3400000E-01
47.000000 1.4865000E-01 -3.6390000E-01 9.9971000E-01 9.3112000E-01 1.6794000E-03 9.3089000E-01
47.500000 1.4544000E-01 -3.7203000E-01 9.9971000E-01 9.2790000E-01 1.7220000E-03 9.2766000E-01
48.000000 1.4228000E-01 -3.8024000E-01 9.9970000E-01 9.2456000E-01 1.7652000E-03 9.2432000E-01
48.500000 1.3918000E-01 -3.8854000E-01 9.9970000E-01 9.2110000E-01 1.8092000E-03 9.2085000E-01
49.000000 1.3613000E-01 -3.9692000E-01 9.9969000E-01 9.1751000E-01 1.8539000E-03 9.1726000E-01
49.500000 1.3314000E-01 -4.0539000E-01 9.9969000E-01 9.1380000E-01 1.8992000E-03 9.1355000E-01
50.000000 1.3019000E-01 -4.1393000E-01 9.9968000E-01 9.0995000E-01 1.9453000E-03 9.0970000E-01
50.500000 1.2730000E-01 -4.2255000E-01 9.9968000E-01 9.0597000E-01 1.9920000E-03 9.0572000E-01
51.000000 1.2447000E-01 -4.3124000E-01 9.9967000E-01 9.0186000E-01 2.0394000E-03 9.0160000E-01
51.500000 1.2169000E-01 -4.4001000E-01 9.9967000E-01 8.9761000E-01 2.0875000E-03 8.9735000E-01
52.000000 1.1896000E-01 -4.4886000E-01 9.9966000E-01 8.9321000E-01 2.1364000E-03 8.9295000E-01
52.500000 1.1628000E-01 -4.5777000E-01 9.9966000E-01 8.8867000E-01 2.1859000E-03 8.8840000E-01
53.000000 1.1365000E-01 -4.6675000E-01 9.9965000E-01 8.8398000E-01 2.2361000E-03 8.8371000E-01
53.500000 1.1108000E-01 -4.7580000E-01 9.9964000E-01 8.7913000E-01 2.2870000E-03 8.7886000E-01
54.000000 1.0856000E-01 -4.8491000E-01 9.9964000E-01 8.7413000E-01 2.3385000E-03 8.7385000E-01
54.500000 1.0609000E-01 -4.9408000E-01 9.9963000E-01 8.6897000E-01 2.3908000E-03 8.6869000E-01
55.000000 1.0368000E-01 -5.0332000E-01 9.9962000E-01 8.6365000E-01 2.4437000E-03 8.6337000E-01
55.500000 1.0131000E-01 -5.1260000E-01 9.9962000E-01 8.5816000E-01 2.4973000E-03 8.5787000E-01
56.000000 9.8992000E-02 -5.2194000E-01 9.9961000E-01 8.5250000E-01 2.5516000E-03 8.5221000E-01
56.500000 9.6726000E-02 -5.3133000E-01 9.9960000E-01 8.4667000E-01 2.6065000E-03 8.4638000E-01
57.000000 9.4509000E-02 -5.4077000E-01 9.9960000E-01 8.4067000E-01 2.6621000E-03 8.4037000E-01
57.500000 9.2341000E-02 -5.5025000E-01 9.9959000E-01 8.3449000E-01 2.7182000E-03 8.3419000E-01
58.000000 9.0221000E-02 -5.5976000E-01 9.9958000E-01 8.2812000E-01 2.7751000E-03 8.2782000E-01
58.500000 8.8149000E-02 -5.6932000E-01 9.9957000E-01 8.2157000E-01 2.8325000E-03 8.2127000E-01
59.000000 8.6124000E-02 -5.7891000E-01 9.9957000E-01 8.1484000E-01 2.8905000E-03 8.1453000E-01
59.500000 8.4146000E-02 -5.8852000E-01 9.9956000E-01 8.0791000E-01 2.9491000E-03 8.0760000E-01
60.000000 8.2214000E-02 -5.9816000E-01 9.9955000E-01 8.0079000E-01 3.0083000E-03 8.0047000E-01
60.500000 8.0328000E-02 -6.0782000E-01 9.9954000E-01 7.9347000E-01 3.0680000E-03 7.9315000E-01
61.000000 7.8486000E-02 -6.1749000E-01 9.9954000E-01 7.8595000E-01 3.1282000E-03 7.8563000E-01
61.500000 7.6688000E-02 -6.2718000E-01 9.9953000E-01 7.7824000E-01 3.1890000E-03 7.7791000E-01
62.000000 7.4934000E-02 -6.3687000E-01 9.9952000E-01 7.7031000E-01 3.2502000E-03 7.6998000E-01
62.500000 7.3223000E-02 -6.4656000E-01 9.9951000E-01 7.6218000E-01 3.3119000E-03 7.6185000E-01
63.000000 7.1554000E-02 -6.5625000E-01 9.9950000E-01 7.5385000E-01 3.3740000E-03 7.5351000E-01
63.500000 6.9926000E-02 -6.6593000E-01 9.9949000E-01 7.4529000E-01 3.4365000E-03 7.4496000E-01
64.000000 6.8340000E-02 -6.7559000E-01 9.9948000E-01 7.3653000E-01 3.4994000E-03 7.3619000E-01
64.500000 6.6793000E-02 -6.8524000E-01 9.9947000E-01 7.2755000E-01 3.5626000E-03 7.2721000E-01
65.000000 6.5286000E-02 -6.9486000E-01 9.9947000E-01 7.1835000E-01 3.6261000E-03 7.1801000E-01
65.500000 6.3817000E-02 -7.0445000E-01 9.9946000E-01 7.0894000E-01 3.6899000E-03 7.0859000E-01
66.000000 6.2387000E-02 -7.1400000E-01 9.9945000E-01 6.9930000E-01 3.7540000E-03 6.9895000E-01
66.500000 6.0994000E-02 -7.2351000E-01 9.9944000E-01 6.8944000E-01 3.8182000E-03 6.8908000E-01
67.000000 5.9637000E-02 -7.3297000E-01 9.9943000E-01 6.7936000E-01 3.8826000E-03 6.7900000E-01
67.500000 5.8316000E-02 -7.4238000E-01 9.9942000E-01 6.6905000E-01 3.9471000E-03 6.6869000E-01
68.000000 5.7031000E-02 -7.5172000E-01 9.9941000E-01 6.5852000E-01 4.0116000E-03 6.5815000E-01
68.500000 5.5780000E-02 -7.6100000E-01 9.9940000E-01 6.4776000E-01 4.0762000E-03 6.4739000E-01
69.000000 5.4563000E-02 -7.7020000E-01 9.9939000E-01 6.3677000E-01 4.1407000E-03 6.3640000E-01
69.500000 5.3379000E-02 -7.7932000E-01 9.9938000E-01 6.2556000E-01 4.2051000E-03 6.2519000E-01
70.000000 5.2227000E-02 -7.8835000E-01 9.9937000E-01 6.1412000E-01 4.2693000E-03 6.1375000E-01
70.500000 5.1108000E-02 -7.9728000E-01 9.9936000E-01 6.0246000E-01 4.3334000E-03 6.0208000E-01
71.000000 5.0019000E-02 -8.0612000E-01 9.9934000E-01 5.9056000E-01 4.3972000E-03 5.9018000E-01
71.500000 4.8961000E-02 -8.1484000E-01 9.9933000E-01 5.7845000E-01 4.4606000E-03 5.7807000E-01
72.000000 4.7932000E-02 -8.2345000E-01 9.9932000E-01 5.6611000E-01 4.5237000E-03 5.6572000E-01
72.500000 4.6933000E-02 -8.3193000E-01 9.9931000E-01 5.5354000E-01 4.5863000E-03 5.5316000E-01
73.000000 4.5962000E-02 -8.4028000E-01 9.9930000E-01 5.4076000E-01 4.6483000E-03 5.4037000E-01
73.500000 4.5019000E-02 -8.4850000E-01 9.9929000E-01 5.2775000E-01 4.7098000E-03 5.2736000E-01
74.000000 4.4103000E-02 -8.5656000E-01 9.9928000E-01 5.1453000E-01 4.7706000E-03 5.1414000E-01
74.500000 4.3214000E-02 -8.6448000E-01 9.9927000E-01 5.0109000E-01 4.8306000E-03 5.0070000E-01
75.000000 4.2350000E-02 -8.7224000E-01 9.9926000E-01 4.8744000E-01 4.8898000E-03 4.8705000E-01
75.500000 4.1512000E-02 -8.7982000E-01 9.9924000E-01 4.7358000E-01 4.9481000E-03 4.7318000E-01
76.000000 4.0698000E-02 -8.8724000E-01 9.9923000E-01 4.5951000E-01 5.0055000E-03 4.5911000E-01
76.500000 3.9909000E-02 -8.9447000E-01 9.9922000E-01 4.4524000E-01 5.0617000E-03 4.4484000E-01
77.000000 3.9143000E-02 -9.0151000E-01 9.9921000E-01 4.3077000E-01 5.1168000E-03 4.3037000E-01
77.500000 3.8401000E-02 -9.0836000E-01 9.9920000E-01 4.1610000E-01 5.1707000E-03 4.1571000E-01
78.000000 3.7680000E-02 -9.1501000E-01 9.9919000E-01 4.0124000E-01 5.2233000E-03 4.0085000E-01
78.500000 3.6982000E-02 -9.2144000E-01 9.9917000E-01 3.8620000E-01 5.2744000E-03 3.8581000E-01
79.000000 3.6305000E-02 -9.2766000E-01 9.9916000E-01 3.7098000E-01 5.3241000E-03 3.7058000E-01
79.500000 3.5648000E-02 -9.3366000E-01 9.9915000E-01 3.5557000E-01 5.3722000E-03 3.5518000E-01
80.000000 3.5012000E-02 -9.3943000E-01 9.9914000E-01 3.4000000E-01 5.4187000E-03 3.3961000E-01
80.500000 3.4396000E-02 -9.4496000E-01 9.9913000E-01 3.2427000E-01 5.4634000E-03 3.2388000E-01
81.000000 3.3799000E-02 -9.5025000E-01 9.9911000E-01 3.0838000E-01 5.5063000E-03 3.0799000E-01
81.500000 3.3221000E-02 -9.5529000E-01 9.9910000E-01 2.9233000E-01 5.5473000E-03 2.9194000E-01
82.000000 3.2661000E-02 -9.6009000E-01 9.9909000E-01 2.7614000E-01 5.5863000E-03 2.7576000E-01
82.500000 3.2119000E-02 -9.6462000E-01 9.9908000E-01 2.5981000E-01 5.6233000E-03 2.5943000E-01
83.000000 3.1594000E-02 -9.6889000E-01 9.9907000E-01 2.4335000E-01 5.6580000E-03 2.4297000E-01
83.500000 3.1086000E-02 -9.7289000E-01 9.9906000E-01 2.2677000E-01 5.6906000E-03 2.2639000E-01
84.000000 3.0595000E-02 -9.7662000E-01 9.9904000E-01 2.1007000E-01 5.7208000E-03 2.0969000E-01
84.500000 3.0119000E-02 -9.8007000E-01 9.9903000E-01 1.9326000E-01 5.7486000E-03 1.9289000E-01
85.000000 2.9660000E-02 -9.8324000E-01 9.9902000E-01 1.7635000E-01 5.7740000E-03 1.7598000E-01
85.500000 2.9215000E-02 -9.8613000E-01 9.9901000E-01 1.5935000E-01 5.7969000E-03 1.5899000E-01
86.000000 2.8785000E-02 -9.8872000E-01 9.9900000E-01 1.4227000E-01 5.8171000E-03 1.4191000E-01
86.500000 2.8370000E-02 -9.9103000E-01 9.9899000E-01 1.2511000E-01 5.8347000E-03 1.2475000E-01
87.000000 2.7969000E-02 -9.9304000E-01 9.9898000E-01 1.0788000E-01 5.8496000E-03 1.0753000E-01
87.500000 2.7582000E-02 -9.9475000E-01 9.9897000E-01 9.0599000E-02 5.8617000E-03 9.0252000E-02
88.000000 2.7207000E-02 -9.9617000E-01 9.9896000E-01 7.3268000E-02 5.8710000E-03 7.2926000E-02
88.500000 2.6846000E-02 -9.9728000E-01 9.9895000E-01 5.5898000E-02 5.8775000E-03 5.5561000E-02
89.000000 2.6497000E-02 -9.9809000E-01 9.9893000E-01 3.8497000E-02 5.8810000E-03 3.8166000E-02
89.500000 2.6161000E-02 -9.9860000E-01 9.9892000E-01 2.1075000E-02 5.8815000E-03 2.0750000E-02
90.000000 2.5837000E-02 -9.9881000E-01 9.9891000E-01 3.6415000E-03 5.8791000E-03 3.3229000E-03
90.500000 2.5524000E-02 -9.9871000E-01 9.9890000E-01 -1.3795000E-02 5.8736000E-03 -1.4107000E-02
91.000000 2.5222000E-02 -9.9831000E-01 9.9890000E-01 -3.1224000E-02 5.8651000E-03 -3.1529000E-02
91.500000 2.4932000E-02 -9.9760000E-01 9.9889000E-01 -4.8637000E-02 5.8536000E-03 -4.8936000E-02
92.000000 2.4652000E-02 -9.9659000E-01 9.9888000E-01 -6.6025000E-02 5.8389000E-03 -6.6316000E-02
92.500000 2.4383000E-02 -9.9528000E-01 9.9887000E-01 -8.3379000E-02 5.8212000E-03 -8.3662000E-02
93.000000 2.4123000E-02 -9.9367000E-01 9.9886000E-01 -1.0069000E-01 5.8005000E-03 -1.0096000E-01
93.500000 2.3874000E-02 -9.9176000E-01 9.9885000E-01 -1.1795000E-01 5.7766000E-03 -1.1821000E-01
94.000000 2.3634000E-02 -9.8955000E-01 9.9884000E-01 -1.3514000E-01 5.7497000E-03 -1.3540000E-01
94.500000 2.3404000E-02 -9.8705000E-01 9.9883000E-01 -1.5227000E-01 5.7198000E-03 -1.5252000E-01
95.000000 2.3182000E-02 -9.8427000E-01 9.9883000E-01 -1.6931000E-01 5.6868000E-03 -1.6956000E-01
95.500000 2.2970000E-02 -9.8119000E-01 9.9882000E-01 -1.8627000E-01 5.6508000E-03 -1.8651000E-01
96.000000 2.2766000E-02 -9.7783000E-01 9.9881000E-01 -2.0314000E-01 5.6118000E-03 -2.0336000E-01
96.500000 2.2570000E-02 -9.7419000E-01 9.9880000E-01 -2.1990000E-01 5.5700000E-03 -2.2011000E-01
97.000000 2.2382000E-02 -9.7028000E-01 9.9880000E-01 -2.3654000E-01 5.5252000E-03 -2.3675000E-01
97.500000 2.2203000E-02 -9.6609000E-01 9.9879000E-01 -2.5307000E-01 5.4776000E-03 -2.5326000E-01
98.000000 2.2031000E-02 -9.6164000E-01 9.9878000E-01 -2.6947000E-01 5.4273000E-03 -2.6965000E-01
98.500000 2.1866000E-02 -9.5693000E-01 9.9878000E-01 -2.8573000E-01 5.3742000E-03 -2.8590000E-01
99.000000 2.1709000E-02 -9.5196000E-01 9.9877000E-01 -3.0185000E-01 5.3184000E-03 -3.0202000E-01
99.500000 2.1558000E-02 -9.4674000E-01 9.9877000E-01 -3.1783000E-01 5.2601000E-03 -3.1798000E-01
100.000000 2.1415000E-02 -9.4128000E-01 9.9876000E-01 -3.3365000E-01 5.1992000E-03 -3.3379000E-01
100.500000 2.1278000E-02 -9.3558000E-01 9.9875000E-01 -3.4930000E-01 5.1359000E-03 -3.4943000E-01
101.000000 2.1148000E-02 -9.2964000E-01 9.9875000E-01 -3.6479000E-01 5.0702000E-03 -3.6491000E-01
101.500000 2.1024000E-02 -9.2348000E-01 9.9875000E-01 -3.8010000E-01 5.0023000E-03 -3.8021000E-01
102.000000 2.0906000E-02 -9.1710000E-01 9.9874000E-01 -3.9524000E-01 4.9322000E-03 -3.9533000E-01
102.500000 2.0794000E-02 -9.1051000E-01 9.9874000E-01 -4.1019000E-01 4.8599000E-03 -4.1027000E-01
103.000000 2.0688000E-02 -9.0371000E-01 9.9873000E-01 -4.2495000E-01 4.7857000E-03 -4.2502000E-01
103.500000 2.0587000E-02 -8.9671000E-01 9.9873000E-01 -4.3952000E-01 4.7096000E-03 -4.3958000E-01
104.000000 2.0492000E-02 -8.8952000E-01 9.9873000E-01 -4.5389000E-01 4.6316000E-03 -4.5394000E-01
104.500000 2.0402000E-02 -8.8215000E-01 9.9872000E-01 -4.6806000E-01 4.5520000E-03 -4.6809000E-01
105.000000 2.0318000E-02 -8.7459000E-01 9.9872000E-01 -4.8202000E-01 4.4707000E-03 -4.8204000E-01
105.500000 2.0238000E-02 -8.6687000E-01 9.9872000E-01 -4.9578000E-01 4.3879000E-03 -4.9579000E-01
106.000000 2.0163000E-02 -8.5898000E-01 9.9871000E-01 -5.0932000E-01 4.3038000E-03 -5.0931000E-01
106.500000 2.0093000E-02 -8.5094000E-01 9.9871000E-01 -5.2264000E-01 4.2183000E-03 -5.2263000E-01
107.000000 2.0027000E-02 -8.4274000E-01 9.9871000E-01 -5.3575000E-01 4.1317000E-03 -5.3572000E-01
107.500000 1.9966000E-02 -8.3441000E-01 9.9871000E-01 -5.4864000E-01 4.0439000E-03 -5.4860000E-01
108.000000 1.9908000E-02 -8.2594000E-01 9.9871000E-01 -5.6131000E-01 3.9552000E-03 -5.6125000E-01
108.500000 1.9855000E-02 -8.1735000E-01 9.9871000E-01 -5.7375000E-01 3.8657000E-03 -5.7369000E-01
109.000000 1.9806000E-02 -8.0863000E-01 9.9870000E-01 -5.8597000E-01 3.7753000E-03 -5.8589000E-01
109.500000 1.9761000E-02 -7.9980000E-01 9.9870000E-01 -5.9797000E-01 3.6843000E-03 -5.9787000E-01
110.000000 1.9720000E-02 -7.9087000E-01 9.9870000E-01 -6.0973000E-01 3.5928000E-03 -6.0963000E-01
110.500000 1.9682000E-02 -7.8184000E-01 9.9870000E-01 -6.2127000E-01 3.5008000E-03 -6.2115000E-01
111.000000 1.9648000E-02 -7.7272000E-01 9.9870000E-01 -6.3258000E-01 3.4084000E-03 -6.3245000E-01
111.500000 1.9617000E-02 -7.6351000E-01 9.9870000E-01 -6.4367000E-01 3.3158000E-03 -6.4352000E-01
112.000000 1.9589000E-02 -7.5423000E-01 9.9870000E-01 -6.5452000E-01 3.2231000E-03 -6.5436000E-01
112.500000 1.9565000E-02 -7.4487000E-01 9.9870000E-01 -6.6515000E-01 3.1303000E-03 -6.6498000E-01
113.000000 1.9544000E-02 -7.3545000E-01 9.9870000E-01 -6.7555000E-01 3.0375000E-03 -6.7537000E-01
113.500000 1.9525000E-02 -7.2598000E-01 9.9870000E-01 -6.8573000E-01 2.9449000E-03 -6.8553000E-01
114.000000 1.9510000E-02 -7.1645000E-01 9.9870000E-01 -6.9568000E-01 2.8525000E-03 -6.9547000E-01
114.500000 1.9497000E-02 -7.0688000E-01 9.9870000E-01 -7.0541000E-01 2.7604000E-03 -7.0518000E-01
115.000000 1.9486000E-02 -6.9727000E-01 9.9870000E-01 -7.1491000E-01 2.6686000E-03 -7.1468000E-01
115.500000 1.9479000E-02 -6.8762000E-01 9.9870000E-01 -7.2420000E-01 2.5774000E-03 -7.2395000E-01
116.000000 1.9473000E-02 -6.7795000E-01 9.9870000E-01 -7.3326000E-01 2.4867000E-03 -7.3300000E-01
116.500000 1.9470000E-02 -6.6826000E-01 9.9871000E-01 -7.4211000E-01 2.3967000E-03 -7.4183000E-01
117.000000 1.9470000E-02 -6.5855000E-01 9.9871000E-01 -7.5074000E-01 2.3074000E-03 -7.5045000E-01
117.500000 1.9471000E-02 -6.4883000E-01 9.9871000E-01 -7.5916000E-01 2.2188000E-03 -7.5886000E-01
118.000000 1.9474000E-02 -6.3911000E-01 9.9871000E-01 -7.6736000E-01 2.1311000E-03 -7.6705000E-01
118.500000 1.9480000E-02 -6.2939000E-01 9.9871000E-01 -7.7536000E-01 2.0444000E-03 -7.7504000E-01
119.000000 1.9487000E-02 -6.1967000E-01 9.9871000E-01 -7.8315000E-01 1.9586000E-03 -7.8281000E-01
119.500000 1.9496000E-02 -6.0997000E-01 9.9871000E-01 -7.9074000E-01 1.8738000E-03 -7.9039000E-01
120.000000 1.9507000E-02 -6.0027000E-01 9.9872000E-01 -7.9813000E-01 1.7901000E-03 -7.9776000E-01
120.500000 1.9520000E-02 -5.9060000E-01 9.9872000E-01 -8.0531000E-01 1.7076000E-03 -8.0494000E-01
121.000000 1.9534000E-02 -5.8095000E-01 9.9872000E-01 -8.1231000E-01 1.6263000E-03 -8.1192000E-01
121.500000 1.9549000E-02 -5.7133000E-01 9.9872000E-01 -8.1911000E-01 1.5462000E-03 -8.1871000E-01
122.000000 1.9566000E-02 -5.6174000E-01 9.9872000E-01 -8.2572000E-01 1.4674000E-03 -8.2531000E-01
122.500000 1.9584000E-02 -5.5218000E-01 9.9872000E-01 -8.3214000E-01 1.3900000E-03 -8.3172000E-01
123.000000 1.9604000E-02 -5.4266000E-01 9.9873000E-01 -8.3838000E-01 1.3139000E-03 -8.3795000E-01
123.500000 1.9624000E-02 -5.3319000E-01 9.9873000E-01 -8.4444000E-01 1.2392000E-03 -8.4400000E-01
124.000000 1.9646000E-02 -5.2376000E-01 9.9873000E-01 -8.5032000E-01 1.1660000E-03 -8.4987000E-01
124.500000 1.9669000E-02 -5.1439000E-01 9.9873000E-01 -8.5603000E-01 1.0942000E-03 -8.5557000E-01
125.000000 1.9692000E-02 -5.0506000E-01 9.9873000E-01 -8.6157000E-01 1.0240000E-03 -8.6109000E-01
125.500000 1.9717000E-02 -4.9579000E-01 9.9874000E-01 -8.6694000E-01 9.5530000E-04 -8.6645000E-01
126.000000 1.9743000E-02 -4.8658000E-01 9.9874000E-01 -8.7215000E-01 8.8815000E-04 -8.7165000E-01
126.500000 1.9769000E-02 -4.7744000E-01 9.9874000E-01 -8.7719000E-01 8.2258000E-04 -8.7668000E-01
127.000000 1.9796000E-02 -4.6835000E-01 9.9874000E-01 -8.8208000E-01 7.5860000E-04 -8.8156000E-01
127.500000 1.9824000E-02 -4.5933000E-01 9.9874000E-01 -8.8681000E-01 6.9623000E-04 -8.8628000E-01
128.000000 1.9852000E-02 -4.5038000E-01 9.9875000E-01 -8.9140000E-01 6.3548000E-04 -8.9085000E-01
128.500000 1.9881000E-02 -4.4150000E-01 9.9875000E-01 -8.9583000E-01 5.7638000E-04 -8.9527000E-01
129.000000 1.9910000E-02 -4.3270000E-01 9.9875000E-01 -9.0012000E-01 5.1892000E-04 -8.9955000E-01
129.500000 1.9940000E-02 -4.2397000E-01 9.9875000E-01 -9.0427000E-01 4.6312000E-04 -9.0369000E-01
130.000000 1.9970000E-02 -4.1531000E-01 9.9875000E-01 -9.0828000E-01 4.0897000E-04 -9.0769000E-01
130.500000 2.0000000E-02 -4.0674000E-01 9.9876000E-01 -9.1215000E-01 3.5650000E-04 -9.1156000E-01
131.000000 2.0031000E-02 -3.9824000E-01 9.9876000E-01 -9.1590000E-01 3.0569000E-04 -9.1529000E-01
131.500000 2.0062000E-02 -3.8983000E-01 9.9876000E-01 -9.1951000E-01 2.5654000E-04 -9.1890000E-01
132.000000 2.0093000E-02 -3.8150000E-01 9.9876000E-01 -9.2300000E-01 2.0907000E-04 -9.2238000E-01
132.500000 2.0125000E-02 -3.7325000E-01 9.9876000E-01 -9.2637000E-01 1.6325000E-04 -9.2573000E-01
133.000000 2.0156000E-02 -3.6509000E-01 9.9877000E-01 -9.2962000E-01 1.1909000E-04 -9.2897000E-01
133.500000 2.0188000E-02 -3.5702000E-01 9.9877000E-01 -9.3275000E-01 7.6583000E-05 -9.3210000E-01
134.000000 2.0219000E-02 -3.4903000E-01 9.9877000E-01 -9.3577000E-01 3.5718000E-05 -9.3511000E-01
134.500000 2.0251000E-02 -3.4114000E-01 9.9877000E-01 -9.3869000E-01 -3.5138000E-06 -9.3801000E-01
135.000000 2.0283000E-02 -3.3333000E-01 9.9877000E-01 -9.4149000E-01 -4.1123000E-05 -9.4080000E-01
135.500000 2.0314000E-02 -3.2562000E-01 9.9877000E-01 -9.4419000E-01 -7.7122000E-05 -9.4349000E-01
136.000000 2.0346000E-02 -3.1799000E-01 9.9878000E-01 -9.4678000E-01 -1.1152000E-04 -9.4608000E-01
136.500000 2.0377000E-02 -3.1046000E-01 9.9878000E-01 -9.4928000E-01 -1.4434000E-04 -9.4857000E-01
137.000000 2.0408000E-02 -3.0302000E-01 9.9878000E-01 -9.5169000E-01 -1.7560000E-04 -9.5096000E-01
137.500000 2.0439000E-02 -2.9568000E-01 9.9878000E-01 -9.5400000E-01 -2.0530000E-04 -9.5326000E-01
138.000000 2.0470000E-02 -2.8842000E-01 9.9878000E-01 -9.5622000E-01 -2.3347000E-04 -9.5547000E-01
138.500000 2.0500000E-02 -2.8127000E-01 9.9878000E-01 -9.5835000E-01 -2.6013000E-04 -9.5760000E-01
139.000000 2.0531000E-02 -2.7420000E-01 9.9879000E-01 -9.6040000E-01 -2.8529000E-04 -9.5964000E-01
139.500000 2.0561000E-02 -2.6724000E-01 9.9879000E-01 -9.6236000E-01 -3.0898000E-04 -9.6159000E-01
140.000000 2.0590000E-02 -2.6036000E-01 9.9879000E-01 -9.6424000E-01 -3.3123000E-04 -9.6347000E-01
140.500000 2.0620000E-02 -2.5358000E-01 9.9879000E-01 -9.6605000E-01 -3.5204000E-04 -9.6527000E-01
141.000000 2.0649000E-02 -2.4690000E-01 9.9879000E-01 -9.6778000E-01 -3.7145000E-04 -9.6699000E-01
141.500000 2.0677000E-02 -2.4031000E-01 9.9879000E-01 -9.6944000E-01 -3.8948000E-04 -9.6864000E-01
142.000000 2.0705000E-02 -2.3382000E-01 9.9880000E-01 -9.7103000E-01 -4.0615000E-04 -9.7022000E-01
142.500000 2.0733000E-02 -2.2743000E-01 9.9880000E-01 -9.7255000E-01 -4.2149000E-04 -9.7173000E-01
143.000000 2.0761000E-02 -2.2113000E-01 9.9880000E-01 -9.7400000E-01 -4.3553000E-04 -9.7318000E-01
143.500000 2.0788000E-02 -2.1492000E-01 9.9880000E-01 -9.7539000E-01 -4.4829000E-04 -9.7456000E-01
144.000000 2.0815000E-02 -2.0881000E-01 9.9880000E-01 -9.7672000E-01 -4.5980000E-04 -9.7588000E-01
144.500000 2.0841000E-02 -2.0280000E-01 9.9880000E-01 -9.7799000E-01 -4.7009000E-04 -9.7714000E-01
145.000000 2.0867000E-02 -1.9688000E-01 9.9880000E-01 -9.7920000E-01 -4.7918000E-04 -9.7834000E-01
145.500000 2.0892000E-02 -1.9106000E-01 9.9880000E-01 -9.8035000E-01 -4.8711000E-04 -9.7949000E-01
146.000000 2.0917000E-02 -1.8533000E-01 9.9881000E-01 -9.8145000E-01 -4.9390000E-04 -9.8058000E-01
146.500000 2.0941000E-02 -1.7970000E-01 9.9881000E-01 -9.8250000E-01 -4.9959000E-04 -9.8162000E-01
147.000000 2.0965000E-02 -1.7416000E-01 9.9881000E-01 -9.8350000E-01 -5.0420000E-04 -9.8261000E-01
147.500000 2.0988000E-02 -1.6871000E-01 9.9881000E-01 -9.8445000E-01 -5.0776000E-04 -9.8355000E-01
148.000000 2.1011000E-02 -1.6336000E-01 9.9881000E-01 -9.8535000E-01 -5.1031000E-04 -9.8445000E-01
148.500000 2.1034000E-02 -1.5810000E-01 9.9881000E-01 -9.8621000E-01 -5.1188000E-04 -9.8530000E-01
149.000000 2.1056000E-02 -1.5294000E-01 9.9881000E-01 -9.8703000E-01 -5.1249000E-04 -9.8611000E-01
149.500000 2.1077000E-02 -1.4787000E-01 9.9881000E-01 -9.8780000E-01 -5.1219000E-04 -9.8687000E-01
150.000000 2.1098000E-02 -1.4289000E-01 9.9881000E-01 -9.8854000E-01 -5.1099000E-04 -9.8760000E-01
150.500000 2.1119000E-02 -1.3800000E-01 9.9881000E-01 -9.8923000E-01 -5.0894000E-04 -9.8829000E-01
151.000000 2.1139000E-02 -1.3321000E-01 9.9882000E-01 -9.8989000E-01 -5.0607000E-04 -9.8894000E-01
151.500000 2.1159000E-02 -1.2851000E-01 9.9882000E-01 -9.9051000E-01 -5.0240000E-04 -9.8956000E-01
152.000000 2.1178000E-02 -1.2390000E-01 9.9882000E-01 -9.9110000E-01 -4.9798000E-04 -9.9014000E-01
152.500000 2.1196000E-02 -1.1938000E-01 9.9882000E-01 -9.9166000E-01 -4.9283000E-04 -9.9069000E-01
153.000000 2.1215000E-02 -1.1495000E-01 9.9882000E-01 -9.9218000E-01 -4.8698000E-04 -9.9120000E-01
153.500000 2.1232000E-02 -1.1061000E-01 9.9882000E-01 -9.9267000E-01 -4.8048000E-04 -9.9169000E-01
154.000000 2.1249000E-02 -1.0635000E-01 9.9882000E-01 -9.9314000E-01 -4.7335000E-04 -9.9215000E-01
154.500000 2.1266000E-02 -1.0219000E-01 9.9882000E-01 -9.9358000E-01 -4.6563000E-04 -9.9258000E-01
155.000000 2.1283000E-02 -9.8121000E-02 9.9882000E-01 -9.9399000E-01 -4.5735000E-04 -9.9299000E-01
155.500000 2.1298000E-02 -9.4137000E-02 9.9882000E-01 -9.9437000E-01 -4.4854000E-04 -9.9337000E-01
156.000000 2.1314000E-02 -9.0241000E-02 9.9882000E-01 -9.9474000E-01 -4.3924000E-04 -9.9372000E-01
156.500000 2.1329000E-02 -8.6432000E-02 9.9882000E-01 -9.9508000E-01 -4.2948000E-04 -9.9406000E-01
157.000000 2.1343000E-02 -8.2711000E-02 9.9882000E-01 -9.9539000E-01 -4.1930000E-04 -9.9437000E-01
157.500000 2.1357000E-02 -7.9076000E-02 9.9882000E-01 -9.9569000E-01 -4.0872000E-04 -9.9466000E-01
158.000000 2.1371000E-02 -7.5528000E-02 9.9883000E-01 -9.9596000E-01 -3.9778000E-04 -9.9493000E-01
158.500000 2.1384000E-02 -7.2066000E-02 9.9883000E-01 -9.9622000E-01 -3.8651000E-04 -9.9518000E-01
159.000000 2.1397000E-02 -6.8689000E-02 9.9883000E-01 -9.9646000E-01 -3.7495000E-04 -9.9541000E-01
159.500000 2.1410000E-02 -6.5398000E-02 9.9883000E-01 -9.9668000E-01 -3.6313000E-04 -9.9563000E-01
160.000000 2.1422000E-02 -6.2191000E-02 9.9883000E-01 -9.9689000E-01 -3.5108000E-04 -9.9583000E-01
160.500000 2.1434000E-02 -5.9069000E-02 9.9883000E-01 -9.9708000E-01 -3.3884000E-04 -9.9602000E-01
161.000000 2.1445000E-02 -5.6031000E-02 9.9883000E-01 -9.9725000E-01 -3.2643000E-04 -9.9619000E-01
161.500000 2.1456000E-02 -5.3077000E-02 9.9883000E-01 -9.9742000E-01 -3.1388000E-04 -9.9634000E-01
162.000000 2.1466000E-02 -5.0206000E-02 9.9883000E-01 -9.9757000E-01 -3.0124000E-04 -9.9649000E-01
162.500000 2.1477000E-02 -4.7418000E-02 9.9883000E-01 -9.9770000E-01 -2.8852000E-04 -9.9662000E-01
163.000000 2.1486000E-02 -4.4713000E-02 9.9883000E-01 -9.9783000E-01 -2.7577000E-04 -9.9674000E-01
163.500000 2.1496000E-02 -4.2090000E-02 9.9883000E-01 -9.9794000E-01 -2.6301000E-04 -9.9685000E-01
164.000000 2.1505000E-02 -3.9549000E-02 9.9883000E-01 -9.9805000E-01 -2.5026000E-04 -9.9695000E-01
164.500000 2.1514000E-02 -3.7089000E-02 9.9883000E-01 -9.9814000E-01 -2.3757000E-04 -9.9704000E-01
165.000000 2.1522000E-02 -3.4711000E-02 9.9883000E-01 -9.9823000E-01 -2.2496000E-04 -9.9712000E-01
165.500000 2.1530000E-02 -3.2414000E-02 9.9883000E-01 -9.9830000E-01 -2.1246000E-04 -9.9720000E-01
166.000000 2.1538000E-02 -3.0198000E-02 9.9883000E-01 -9.9837000E-01 -2.0009000E-04 -9.9726000E-01
166.500000 2.1546000E-02 -2.8062000E-02 9.9883000E-01 -9.9844000E-01 -1.8789000E-04 -9.9732000E-01
167.000000 2.1553000E-02 -2.6006000E-02 9.9883000E-01 -9.9849000E-01 -1.7588000E-04 -9.9737000E-01
167.500000 2.1560000E-02 -2.4030000E-02 9.9883000E-01 -9.9854000E-01 -1.6408000E-04 -9.9742000E-01
168.000000 2.1566000E-02 -2.2134000E-02 9.9883000E-01 -9.9859000E-01 -1.5253000E-04 -9.9746000E-01
168.500000 2.1573000E-02 -2.0317000E-02 9.9883000E-01 -9.9863000E-01 -1.4125000E-04 -9.9750000E-01
169.000000 2.1579000E-02 -1.8579000E-02 9.9883000E-01 -9.9866000E-01 -1.3025000E-04 -9.9753000E-01
169.500000 2.1584000E-02 -1.6920000E-02 9.9883000E-01 -9.9869000E-01 -1.1958000E-04 -9.9755000E-01
170.000000 2.1590000E-02 -1.5340000E-02 9.9883000E-01 -9.9872000E-01 -1.0923000E-04 -9.9758000E-01
170.500000 2.1595000E-02 -1.3838000E-02 9.9883000E-01 -9.9874000E-01 -9.9254000E-05 -9.9760000E-01
171.000000 2.1600000E-02 -1.2414000E-02 9.9883000E-01 -9.9876000E-01 -8.9653000E-05 -9.9761000E-01
171.500000 2.1604000E-02 -1.1069000E-02 9.9883000E-01 -9.9877000E-01 -8.0453000E-05 -9.9763000E-01
172.000000 2.1609000E-02 -9.8013000E-03 9.9883000E-01 -9.9879000E-01 -7.1673000E-05 -9.9764000E-01
172.500000 2.1613000E-02 -8.6114000E-03 9.9883000E-01 -9.9880000E-01 -6.3330000E-05 -9.9765000E-01
173.000000 2.1616000E-02 -7.4990000E-03 9.9883000E-01 -9.9881000E-01 -5.5443000E-05 -9.9765000E-01
173.500000 2.1620000E-02 -6.4640000E-03 9.9883000E-01 -9.9881000E-01 -4.8027000E-05 -9.9766000E-01
174.000000 2.1623000E-02 -5.5062000E-03 9.9883000E-01 -9.9882000E-01 -4.1098000E-05 -9.9766000E-01
174.500000 2.1626000E-02 -4.6255000E-03 9.9883000E-01 -9.9882000E-01 -3.4669000E-05 -9.9767000E-01
175.000000 2.1629000E-02 -3.8218000E-03 9.9883000E-01 -9.9883000E-01 -2.8755000E-05 -9.9767000E-01
175.500000 2.1631000E-02 -3.0950000E-03 9.9883000E-01 -9.9883000E-01 -2.3367000E-05 -9.9767000E-01
176.000000 2.1633000E-02 -2.4449000E-03 9.9883000E-01 -9.9883000E-01 -1.8516000E-05 -9.9767000E-01
176.500000 2.1635000E-02 -1.8716000E-03 9.9883000E-01 -9.9883000E-01 -1.4213000E-05 -9.9767000E-01
177.000000 2.1637000E-02 -1.3748000E-03 9.9883000E-01 -9.9883000E-01 -1.0465000E-05 -9.9767000E-01
177.500000 2.1638000E-02 -9.5462000E-04 9.9883000E-01 -9.9883000E-01 -7.2810000E-06 -9.9767000E-01
178.000000 2.1639000E-02 -6.1089000E-04 9.9883000E-01 -9.9883000E-01 -4.6669000E-06 -9.9767000E-01
178.500000 2.1640000E-02 -3.4360000E-04 9.9883000E-01 -9.9883000E-01 -2.6283000E-06 -9.9767000E-01
179.000000 2.1641000E-02 -1.5270000E-04 9.9883000E-01 -9.9883000E-01 -1.1691000E-06 -9.9767000E-01
179.500000 2.1641000E-02 -3.8174000E-05 9.9883000E-01 -9.9883000E-01 -2.9242000E-07 -9.9767000E-01
180.000000 2.1641000E-02 -3.7844000E-15 9.9883000E-01 -9.9883000E-01 -2.8995000E-17 -9.9767000E-01
