length scale factor
5.1941000E-02
volume cluster radius, area mean sphere radius, circumscribing radius, cross section radius
1.0460178E+00 5.1889059E-02 6.1532890E+00 1.0460178E+00
total extinction, absorption, scattering efficiencies (unpolarized incidence)
2.3434000E-01 1.6305000E-02 2.1803000E-01
theta     11          12          22          33          34          44
0.000000 9.6566000E-01 -9.9208000E-08 9.9989000E-01 9.9989000E-01 1.1899000E-09 9.9977000E-01
0.500000 9.6535000E-01 -3.7776000E-05 9.9989000E-01 9.9989000E-01 4.5311000E-07 9.9977000E-01
1.000000 9.6445000E-01 -1.5111000E-04 9.9989000E-01 9.9989000E-01 1.8127000E-06 9.9977000E-01
1.500000 9.6293000E-01 -3.4002000E-04 9.9989000E-01 9.9989000E-01 4.0796000E-06 9.9977000E-01
2.000000 9.6082000E-01 -6.0454000E-04 9.9989000E-01 9.9989000E-01 7.2550000E-06 9.9977000E-01
2.500000 9.5811000E-01 -9.4472000E-04 9.9989000E-01 9.9988000E-01 1.1341000E-05 9.9977000E-01
3.000000 9.5481000E-01 -1.3606000E-03 9.9988000E-01 9.9988000E-01 1.6339000E-05 9.9977000E-01
3.500000 9.5092000E-01 -1.8523000E-03 9.9988000E-01 9.9988000E-01 2.2254000E-05 9.9977000E-01
4.000000 9.4646000E-01 -2.4198000E-03 9.9988000E-01 9.9988000E-01 2.9087000E-05 9.9977000E-01
4.500000 9.4143000E-01 -3.0633000E-03 9.9988000E-01 9.9988000E-01 3.6843000E-05 9.9976000E-01
5.000000 9.3584000E-01 -3.7828000E-03 9.9988000E-01 9.9988000E-01 4.5527000E-05 9.9976000E-01
5.500000 9.2971000E-01 -4.5785000E-03 9.9988000E-01 9.9987000E-01 5.5142000E-05 9.9976000E-01
6.000000 9.2303000E-01 -5.4506000E-03 9.9988000E-01 9.9987000E-01 6.5696000E-05 9.9975000E-01
6.500000 9.1584000E-01 -6.3991000E-03 9.9988000E-01 9.9986000E-01 7.7193000E-05 9.9974000E-01
7.000000 9.0814000E-01 -7.4242000E-03 9.9988000E-01 9.9985000E-01 8.9639000E-05 9.9973000E-01
7.500000 8.9995000E-01 -8.5260000E-03 9.9988000E-01 9.9984000E-01 1.0304000E-04 9.9972000E-01
8.000000 8.9128000E-01 -9.7049000E-03 9.9988000E-01 9.9983000E-01 1.1741000E-04 9.9971000E-01
8.500000 8.8214000E-01 -1.0961000E-02 9.9988000E-01 9.9982000E-01 1.3275000E-04 9.9970000E-01
9.000000 8.7257000E-01 -1.2294000E-02 9.9988000E-01 9.9980000E-01 1.4907000E-04 9.9968000E-01
9.500000 8.6256000E-01 -1.3705000E-02 9.9988000E-01 9.9978000E-01 1.6638000E-04 9.9966000E-01
10.000000 8.5215000E-01 -1.5194000E-02 9.9987000E-01 9.9976000E-01 1.8469000E-04 9.9963000E-01
10.500000 8.4136000E-01 -1.6761000E-02 9.9987000E-01 9.9973000E-01 2.0400000E-04 9.9961000E-01
11.000000 8.3019000E-01 -1.8406000E-02 9.9987000E-01 9.9970000E-01 2.2434000E-04 9.9958000E-01
11.500000 8.1867000E-01 -2.0129000E-02 9.9987000E-01 9.9967000E-01 2.4570000E-04 9.9954000E-01
12.000000 8.0683000E-01 -2.1932000E-02 9.9987000E-01 9.9963000E-01 2.6810000E-04 9.9950000E-01
12.500000 7.9468000E-01 -2.3813000E-02 9.9987000E-01 9.9958000E-01 2.9155000E-04 9.9945000E-01
13.000000 7.8224000E-01 -2.5774000E-02 9.9987000E-01 9.9953000E-01 3.1606000E-04 9.9940000E-01
13.500000 7.6954000E-01 -2.7815000E-02 9.9986000E-01 9.9948000E-01 3.4164000E-04 9.9934000E-01
14.000000 7.5659000E-01 -2.9935000E-02 9.9986000E-01 9.9941000E-01 3.6831000E-04 9.9928000E-01
14.500000 7.4343000E-01 -3.2136000E-02 9.9986000E-01 9.9934000E-01 3.9607000E-04 9.9921000E-01
15.000000 7.3006000E-01 -3.4418000E-02 9.9986000E-01 9.9927000E-01 4.2495000E-04 9.9913000E-01
15.500000 7.1652000E-01 -3.6781000E-02 9.9986000E-01 9.9918000E-01 4.5494000E-04 9.9904000E-01
16.000000 7.0281000E-01 -3.9225000E-02 9.9985000E-01 9.9908000E-01 4.8607000E-04 9.9894000E-01
16.500000 6.8898000E-01 -4.1751000E-02 9.9985000E-01 9.9898000E-01 5.1834000E-04 9.9884000E-01
17.000000 6.7502000E-01 -4.4359000E-02 9.9985000E-01 9.9886000E-01 5.5178000E-04 9.9872000E-01
17.500000 6.6098000E-01 -4.7049000E-02 9.9985000E-01 9.9874000E-01 5.8638000E-04 9.9859000E-01
18.000000 6.4686000E-01 -4.9823000E-02 9.9984000E-01 9.9860000E-01 6.2217000E-04 9.9845000E-01
18.500000 6.3269000E-01 -5.2679000E-02 9.9984000E-01 9.9845000E-01 6.5915000E-04 9.9830000E-01
19.000000 6.1848000E-01 -5.5619000E-02 9.9984000E-01 9.9829000E-01 6.9734000E-04 9.9814000E-01
19.500000 6.0427000E-01 -5.8644000E-02 9.9984000E-01 9.9811000E-01 7.3674000E-04 9.9796000E-01
20.000000 5.9006000E-01 -6.1753000E-02 9.9983000E-01 9.9792000E-01 7.7737000E-04 9.9777000E-01
20.500000 5.7587000E-01 -6.4946000E-02 9.9983000E-01 9.9772000E-01 8.1925000E-04 9.9756000E-01
21.000000 5.6172000E-01 -6.8226000E-02 9.9983000E-01 9.9750000E-01 8.6237000E-04 9.9733000E-01
21.500000 5.4764000E-01 -7.1590000E-02 9.9982000E-01 9.9726000E-01 9.0674000E-04 9.9709000E-01
22.000000 5.3363000E-01 -7.5042000E-02 9.9982000E-01 9.9700000E-01 9.5239000E-04 9.9683000E-01
22.500000 5.1971000E-01 -7.8579000E-02 9.9982000E-01 9.9672000E-01 9.9930000E-04 9.9655000E-01
23.000000 5.0591000E-01 -8.2204000E-02 9.9981000E-01 9.9643000E-01 1.0475000E-03 9.9625000E-01
23.500000 4.9222000E-01 -8.5917000E-02 9.9981000E-01 9.9611000E-01 1.0970000E-03 9.9593000E-01
24.000000 4.7867000E-01 -8.9717000E-02 9.9980000E-01 9.9577000E-01 1.1477000E-03 9.9559000E-01
24.500000 4.6527000E-01 -9.3606000E-02 9.9980000E-01 9.9541000E-01 1.1998000E-03 9.9522000E-01
25.000000 4.5203000E-01 -9.7583000E-02 9.9980000E-01 9.9502000E-01 1.2531000E-03 9.9483000E-01
25.500000 4.3897000E-01 -1.0165000E-01 9.9979000E-01 9.9461000E-01 1.3077000E-03 9.9442000E-01
26.000000 4.2609000E-01 -1.0581000E-01 9.9979000E-01 9.9417000E-01 1.3636000E-03 9.9397000E-01
26.500000 4.1341000E-01 -1.1005000E-01 9.9978000E-01 9.9370000E-01 1.4207000E-03 9.9350000E-01
27.000000 4.0093000E-01 -1.1439000E-01 9.9978000E-01 9.9321000E-01 1.4791000E-03 9.9300000E-01
27.500000 3.8867000E-01 -1.1882000E-01 9.9977000E-01 9.9268000E-01 1.5388000E-03 9.9247000E-01
28.000000 3.7663000E-01 -1.2334000E-01 9.9977000E-01 9.9212000E-01 1.5996000E-03 9.9191000E-01
28.500000 3.6481000E-01 -1.2795000E-01 9.9976000E-01 9.9153000E-01 1.6617000E-03 9.9132000E-01
29.000000 3.5324000E-01 -1.3265000E-01 9.9975000E-01 9.9091000E-01 1.7250000E-03 9.9069000E-01
29.500000 3.4190000E-01 -1.3745000E-01 9.9975000E-01 9.9025000E-01 1.7894000E-03 9.9002000E-01
30.000000 3.3081000E-01 -1.4234000E-01 9.9974000E-01 9.8955000E-01 1.8550000E-03 9.8932000E-01
30.500000 3.1997000E-01 -1.4732000E-01 9.9973000E-01 9.8881000E-01 1.9217000E-03 9.8858000E-01
31.000000 3.0939000E-01 -1.5240000E-01 9.9973000E-01 9.8804000E-01 1.9894000E-03 9.8780000E-01
31.500000 2.9906000E-01 -1.5757000E-01 9.9972000E-01 9.8722000E-01 2.0581000E-03 9.8697000E-01
32.000000 2.8900000E-01 -1.6283000E-01 9.9971000E-01 9.8636000E-01 2.1278000E-03 9.8610000E-01
32.500000 2.7919000E-01 -1.6819000E-01 9.9970000E-01 9.8545000E-01 2.1985000E-03 9.8519000E-01
33.000000 2.6965000E-01 -1.7364000E-01 9.9970000E-01 9.8449000E-01 2.2699000E-03 9.8423000E-01
33.500000 2.6036000E-01 -1.7919000E-01 9.9969000E-01 9.8349000E-01 2.3422000E-03 9.8322000E-01
34.000000 2.5135000E-01 -1.8483000E-01 9.9968000E-01 9.8244000E-01 2.4152000E-03 9.8216000E-01
34.500000 2.4259000E-01 -1.9057000E-01 9.9967000E-01 9.8133000E-01 2.4889000E-03 9.8104000E-01
35.000000 2.3410000E-01 -1.9640000E-01 9.9966000E-01 9.8017000E-01 2.5631000E-03 9.7988000E-01
35.500000 2.2586000E-01 -2.0233000E-01 9.9965000E-01 9.7895000E-01 2.6378000E-03 9.7865000E-01
36.000000 2.1788000E-01 -2.0835000E-01 9.9964000E-01 9.7768000E-01 2.7130000E-03 9.7737000E-01
36.500000 2.1016000E-01 -2.1447000E-01 9.9963000E-01 9.7634000E-01 2.7884000E-03 9.7603000E-01
37.000000 2.0269000E-01 -2.2069000E-01 9.9962000E-01 9.7494000E-01 2.8640000E-03 9.7462000E-01
37.500000 1.9547000E-01 -2.2699000E-01 9.9960000E-01 9.7348000E-01 2.9398000E-03 9.7315000E-01
38.000000 1.8849000E-01 -2.3340000E-01 9.9959000E-01 9.7195000E-01 3.0155000E-03 9.7161000E-01
38.500000 1.8175000E-01 -2.3990000E-01 9.9958000E-01 9.7036000E-01 3.0912000E-03 9.7001000E-01
39.000000 1.7525000E-01 -2.4649000E-01 9.9957000E-01 9.6869000E-01 3.1666000E-03 9.6833000E-01
39.500000 1.6898000E-01 -2.5318000E-01 9.9955000E-01 9.6695000E-01 3.2416000E-03 9.6658000E-01
40.000000 1.6294000E-01 -2.5996000E-01 9.9954000E-01 9.6513000E-01 3.3162000E-03 9.6475000E-01
40.500000 1.5713000E-01 -2.6684000E-01 9.9953000E-01 9.6324000E-01 3.3902000E-03 9.6285000E-01
41.000000 1.5153000E-01 -2.7381000E-01 9.9951000E-01 9.6126000E-01 3.4635000E-03 9.6087000E-01
41.500000 1.4614000E-01 -2.8087000E-01 9.9950000E-01 9.5921000E-01 3.5359000E-03 9.5880000E-01
42.000000 1.4096000E-01 -2.8802000E-01 9.9948000E-01 9.5707000E-01 3.6074000E-03 9.5665000E-01
42.500000 1.3598000E-01 -2.9527000E-01 9.9946000E-01 9.5484000E-01 3.6778000E-03 9.5441000E-01
43.000000 1.3119000E-01 -3.0260000E-01 9.9945000E-01 9.5252000E-01 3.7469000E-03 9.5208000E-01
43.500000 1.2660000E-01 -3.1003000E-01 9.9943000E-01 9.5011000E-01 3.8148000E-03 9.4966000E-01
44.000000 1.2218000E-01 -3.1754000E-01 9.9941000E-01 9.4761000E-01 3.8812000E-03 9.4715000E-01
44.500000 1.1795000E-01 -3.2514000E-01 9.9939000E-01 9.4501000E-01 3.9460000E-03 9.4453000E-01
45.000000 1.1389000E-01 -3.3283000E-01 9.9937000E-01 9.4231000E-01 4.0092000E-03 9.4182000E-01
45.500000 1.1000000E-01 -3.4061000E-01 9.9935000E-01 9.3950000E-01 4.0706000E-03 9.3900000E-01
46.000000 1.0626000E-01 -3.4847000E-01 9.9933000E-01 9.3659000E-01 4.1303000E-03 9.3608000E-01
46.500000 1.0268000E-01 -3.5642000E-01 9.9931000E-01 9.3358000E-01 4.1880000E-03 9.3305000E-01
47.000000 9.9255000E-02 -3.6444000E-01 9.9929000E-01 9.3045000E-01 4.2437000E-03 9.2991000E-01
47.500000 9.5969000E-02 -3.7255000E-01 9.9927000E-01 9.2721000E-01 4.2974000E-03 9.2665000E-01
48.000000 9.2822000E-02 -3.8074000E-01 9.9925000E-01 9.2385000E-01 4.3490000E-03 9.2328000E-01
48.500000 8.9806000E-02 -3.8901000E-01 9.9922000E-01 9.2038000E-01 4.3985000E-03 9.1979000E-01
49.000000 8.6919000E-02 -3.9736000E-01 9.9920000E-01 9.1678000E-01 4.4459000E-03 9.1618000E-01
49.500000 8.4153000E-02 -4.0578000E-01 9.9917000E-01 9.1306000E-01 4.4912000E-03 9.1244000E-01
50.000000 8.1504000E-02 -4.1427000E-01 9.9915000E-01 9.0920000E-01 4.5343000E-03 9.0858000E-01
50.500000 7.8967000E-02 -4.2284000E-01 9.9912000E-01 9.0522000E-01 4.5753000E-03 9.0458000E-01
51.000000 7.6536000E-02 -4.3148000E-01 9.9910000E-01 9.0111000E-01 4.6142000E-03 9.0045000E-01
51.500000 7.4208000E-02 -4.4019000E-01 9.9907000E-01 8.9686000E-01 4.6511000E-03 8.9618000E-01
52.000000 7.1978000E-02 -4.4896000E-01 9.9905000E-01 8.9247000E-01 4.6860000E-03 8.9177000E-01
52.500000 6.9841000E-02 -4.5780000E-01 9.9902000E-01 8.8793000E-01 4.7190000E-03 8.8723000E-01
53.000000 6.7792000E-02 -4.6671000E-01 9.9899000E-01 8.8325000E-01 4.7502000E-03 8.8253000E-01
53.500000 6.5829000E-02 -4.7567000E-01 9.9896000E-01 8.7843000E-01 4.7796000E-03 8.7769000E-01
54.000000 6.3946000E-02 -4.8469000E-01 9.9893000E-01 8.7345000E-01 4.8074000E-03 8.7269000E-01
54.500000 6.2139000E-02 -4.9377000E-01 9.9890000E-01 8.6831000E-01 4.8337000E-03 8.6754000E-01
55.000000 6.0406000E-02 -5.0291000E-01 9.9887000E-01 8.6302000E-01 4.8586000E-03 8.6223000E-01
55.500000 5.8743000E-02 -5.1209000E-01 9.9884000E-01 8.5756000E-01 4.8822000E-03 8.5676000E-01
56.000000 5.7145000E-02 -5.2132000E-01 9.9881000E-01 8.5195000E-01 4.9046000E-03 8.5112000E-01
56.500000 5.5611000E-02 -5.3060000E-01 9.9878000E-01 8.4616000E-01 4.9260000E-03 8.4532000E-01
57.000000 5.4136000E-02 -5.3993000E-01 9.9875000E-01 8.4020000E-01 4.9466000E-03 8.3934000E-01
57.500000 5.2718000E-02 -5.4929000E-01 9.9871000E-01 8.3407000E-01 4.9663000E-03 8.3319000E-01
58.000000 5.1354000E-02 -5.5869000E-01 9.9868000E-01 8.2776000E-01 4.9855000E-03 8.2687000E-01
58.500000 5.0041000E-02 -5.6812000E-01 9.9865000E-01 8.2127000E-01 5.0042000E-03 8.2036000E-01
59.000000 4.8777000E-02 -5.7759000E-01 9.9861000E-01 8.1460000E-01 5.0226000E-03 8.1367000E-01
59.500000 4.7559000E-02 -5.8708000E-01 9.9858000E-01 8.0774000E-01 5.0408000E-03 8.0679000E-01
60.000000 4.6385000E-02 -5.9659000E-01 9.9854000E-01 8.0069000E-01 5.0589000E-03 7.9973000E-01
60.500000 4.5254000E-02 -6.0613000E-01 9.9851000E-01 7.9345000E-01 5.0771000E-03 7.9247000E-01
61.000000 4.4162000E-02 -6.1568000E-01 9.9847000E-01 7.8602000E-01 5.0954000E-03 7.8502000E-01
61.500000 4.3108000E-02 -6.2524000E-01 9.9843000E-01 7.7838000E-01 5.1141000E-03 7.7736000E-01
62.000000 4.2090000E-02 -6.3481000E-01 9.9840000E-01 7.7055000E-01 5.1332000E-03 7.6951000E-01
62.500000 4.1106000E-02 -6.4438000E-01 9.9836000E-01 7.6251000E-01 5.1528000E-03 7.6145000E-01
63.000000 4.0155000E-02 -6.5395000E-01 9.9832000E-01 7.5426000E-01 5.1730000E-03 7.5319000E-01
63.500000 3.9235000E-02 -6.6351000E-01 9.9828000E-01 7.4581000E-01 5.1940000E-03 7.4472000E-01
64.000000 3.8346000E-02 -6.7306000E-01 9.9824000E-01 7.3714000E-01 5.2157000E-03 7.3603000E-01
64.500000 3.7484000E-02 -6.8260000E-01 9.9821000E-01 7.2826000E-01 5.2382000E-03 7.2714000E-01
65.000000 3.6650000E-02 -6.9211000E-01 9.9817000E-01 7.1916000E-01 5.2617000E-03 7.1802000E-01
65.500000 3.5842000E-02 -7.0160000E-01 9.9813000E-01 7.0984000E-01 5.2861000E-03 7.0869000E-01
66.000000 3.5058000E-02 -7.1105000E-01 9.9808000E-01 7.0031000E-01 5.3115000E-03 6.9914000E-01
66.500000 3.4299000E-02 -7.2047000E-01 9.9804000E-01 6.9055000E-01 5.3379000E-03 6.8936000E-01
67.000000 3.3563000E-02 -7.2984000E-01 9.9800000E-01 6.8057000E-01 5.3654000E-03 6.7936000E-01
67.500000 3.2848000E-02 -7.3916000E-01 9.9796000E-01 6.7036000E-01 5.3940000E-03 6.6914000E-01
68.000000 3.2155000E-02 -7.4842000E-01 9.9792000E-01 6.5992000E-01 5.4236000E-03 6.5869000E-01
68.500000 3.1482000E-02 -7.5762000E-01 9.9788000E-01 6.4926000E-01 5.4543000E-03 6.4801000E-01
69.000000 3.0829000E-02 -7.6676000E-01 9.9783000E-01 6.3837000E-01 5.4860000E-03 6.3711000E-01
69.500000 3.0194000E-02 -7.7581000E-01 9.9779000E-01 6.2725000E-01 5.5187000E-03 6.2598000E-01
70.000000 2.9578000E-02 -7.8478000E-01 9.9774000E-01 6.1590000E-01 5.5524000E-03 6.1461000E-01
70.500000 2.8980000E-02 -7.9367000E-01 9.9770000E-01 6.0432000E-01 5.5870000E-03 6.0302000E-01
71.000000 2.8399000E-02 -8.0245000E-01 9.9766000E-01 5.9251000E-01 5.6224000E-03 5.9120000E-01
71.500000 2.7834000E-02 -8.1114000E-01 9.9761000E-01 5.8047000E-01 5.6587000E-03 5.7915000E-01
72.000000 2.7285000E-02 -8.1971000E-01 9.9757000E-01 5.6821000E-01 5.6956000E-03 5.6687000E-01
72.500000 2.6752000E-02 -8.2816000E-01 9.9752000E-01 5.5571000E-01 5.7332000E-03 5.5436000E-01
73.000000 2.6234000E-02 -8.3649000E-01 9.9748000E-01 5.4299000E-01 5.7714000E-03 5.4163000E-01
73.500000 2.5731000E-02 -8.4469000E-01 9.9743000E-01 5.3004000E-01 5.8099000E-03 5.2867000E-01
74.000000 2.5242000E-02 -8.5274000E-01 9.9738000E-01 5.1687000E-01 5.8488000E-03 5.1549000E-01
74.500000 2.4766000E-02 -8.6065000E-01 9.9734000E-01 5.0347000E-01 5.8879000E-03 5.0208000E-01
75.000000 2.4305000E-02 -8.6840000E-01 9.9729000E-01 4.8986000E-01 5.9271000E-03 4.8846000E-01
75.500000 2.3856000E-02 -8.7599000E-01 9.9724000E-01 4.7602000E-01 5.9661000E-03 4.7462000E-01
76.000000 2.3421000E-02 -8.8341000E-01 9.9720000E-01 4.6198000E-01 6.0050000E-03 4.6057000E-01
76.500000 2.2998000E-02 -8.9065000E-01 9.9715000E-01 4.4772000E-01 6.0434000E-03 4.4631000E-01
77.000000 2.2587000E-02 -8.9771000E-01 9.9710000E-01 4.3326000E-01 6.0814000E-03 4.3184000E-01
77.500000 2.2188000E-02 -9.0457000E-01 9.9706000E-01 4.1859000E-01 6.1186000E-03 4.1717000E-01
78.000000 2.1801000E-02 -9.1124000E-01 9.9701000E-01 4.0372000E-01 6.1549000E-03 4.0230000E-01
78.500000 2.1425000E-02 -9.1769000E-01 9.9696000E-01 3.8866000E-01 6.1902000E-03 3.8723000E-01
79.000000 2.1061000E-02 -9.2394000E-01 9.9692000E-01 3.7341000E-01 6.2242000E-03 3.7198000E-01
79.500000 2.0707000E-02 -9.2996000E-01 9.9687000E-01 3.5798000E-01 6.2568000E-03 3.5655000E-01
80.000000 2.0364000E-02 -9.3575000E-01 9.9682000E-01 3.4237000E-01 6.2878000E-03 3.4093000E-01
80.500000 2.0031000E-02 -9.4131000E-01 9.9678000E-01 3.2658000E-01 6.3169000E-03 3.2515000E-01
81.000000 1.9709000E-02 -9.4663000E-01 9.9673000E-01 3.1063000E-01 6.3440000E-03 3.0920000E-01
81.500000 1.9396000E-02 -9.5170000E-01 9.9669000E-01 2.9451000E-01 6.3689000E-03 2.9309000E-01
82.000000 1.9093000E-02 -9.5652000E-01 9.9664000E-01 2.7825000E-01 6.3913000E-03 2.7683000E-01
82.500000 1.8800000E-02 -9.6108000E-01 9.9660000E-01 2.6184000E-01 6.4111000E-03 2.6042000E-01
83.000000 1.8516000E-02 -9.6538000E-01 9.9655000E-01 2.4529000E-01 6.4280000E-03 2.4388000E-01
83.500000 1.8242000E-02 -9.6940000E-01 9.9651000E-01 2.2861000E-01 6.4418000E-03 2.2721000E-01
84.000000 1.7976000E-02 -9.7315000E-01 9.9646000E-01 2.1180000E-01 6.4525000E-03 2.1041000E-01
84.500000 1.7719000E-02 -9.7662000E-01 9.9642000E-01 1.9488000E-01 6.4596000E-03 1.9350000E-01
85.000000 1.7471000E-02 -9.7980000E-01 9.9638000E-01 1.7786000E-01 6.4632000E-03 1.7649000E-01
85.500000 1.7231000E-02 -9.8270000E-01 9.9634000E-01 1.6074000E-01 6.4629000E-03 1.5938000E-01
86.000000 1.6999000E-02 -9.8530000E-01 9.9630000E-01 1.4352000E-01 6.4586000E-03 1.4218000E-01
86.500000 1.6775000E-02 -9.8761000E-01 9.9626000E-01 1.2623000E-01 6.4502000E-03 1.2490000E-01
87.000000 1.6560000E-02 -9.8962000E-01 9.9622000E-01 1.0887000E-01 6.4375000E-03 1.0756000E-01
87.500000 1.6352000E-02 -9.9133000E-01 9.9618000E-01 9.1452000E-02 6.4203000E-03 9.0150000E-02
88.000000 1.6151000E-02 -9.9274000E-01 9.9614000E-01 7.3980000E-02 6.3986000E-03 7.2694000E-02
88.500000 1.5958000E-02 -9.9384000E-01 9.9610000E-01 5.6466000E-02 6.3722000E-03 5.5199000E-02
89.000000 1.5773000E-02 -9.9463000E-01 9.9606000E-01 3.8921000E-02 6.3410000E-03 3.7672000E-02
89.500000 1.5594000E-02 -9.9512000E-01 9.9603000E-01 2.1354000E-02 6.3049000E-03 2.0125000E-02
90.000000 1.5423000E-02 -9.9530000E-01 9.9599000E-01 3.7750000E-03 6.2639000E-03 2.5676000E-03
90.500000 1.5258000E-02 -9.9517000E-01 9.9596000E-01 -1.3806000E-02 6.2179000E-03 -1.4991000E-02
91.000000 1.5100000E-02 -9.9472000E-01 9.9593000E-01 -3.1378000E-02 6.1669000E-03 -3.2541000E-02
91.500000 1.4949000E-02 -9.9398000E-01 9.9590000E-01 -4.8932000E-02 6.1109000E-03 -5.0071000E-02
92.000000 1.4804000E-02 -9.9292000E-01 9.9587000E-01 -6.6458000E-02 6.0500000E-03 -6.7572000E-02
92.500000 1.4666000E-02 -9.9156000E-01 9.9584000E-01 -8.3946000E-02 5.9841000E-03 -8.5035000E-02
93.000000 1.4534000E-02 -9.8989000E-01 9.9581000E-01 -1.0139000E-01 5.9133000E-03 -1.0245000E-01
93.500000 1.4408000E-02 -9.8793000E-01 9.9578000E-01 -1.1877000E-01 5.8378000E-03 -1.1980000E-01
94.000000 1.4289000E-02 -9.8566000E-01 9.9576000E-01 -1.3608000E-01 5.7576000E-03 -1.3709000E-01
94.500000 1.4175000E-02 -9.8310000E-01 9.9573000E-01 -1.5332000E-01 5.6728000E-03 -1.5430000E-01
95.000000 1.4067000E-02 -9.8024000E-01 9.9571000E-01 -1.7048000E-01 5.5837000E-03 -1.7143000E-01
95.500000 1.3965000E-02 -9.7710000E-01 9.9569000E-01 -1.8754000E-01 5.4904000E-03 -1.8846000E-01
96.000000 1.3869000E-02 -9.7367000E-01 9.9567000E-01 -2.0449000E-01 5.3931000E-03 -2.0538000E-01
96.500000 1.3778000E-02 -9.6996000E-01 9.9565000E-01 -2.2133000E-01 5.2921000E-03 -2.2219000E-01
97.000000 1.3693000E-02 -9.6597000E-01 9.9563000E-01 -2.3806000E-01 5.1876000E-03 -2.3888000E-01
97.500000 1.3613000E-02 -9.6172000E-01 9.9562000E-01 -2.5465000E-01 5.0798000E-03 -2.5544000E-01
98.000000 1.3539000E-02 -9.5720000E-01 9.9560000E-01 -2.7110000E-01 4.9691000E-03 -2.7187000E-01
98.500000 1.3470000E-02 -9.5241000E-01 9.9559000E-01 -2.8742000E-01 4.8558000E-03 -2.8814000E-01
99.000000 1.3406000E-02 -9.4738000E-01 9.9558000E-01 -3.0358000E-01 4.7401000E-03 -3.0427000E-01
99.500000 1.3347000E-02 -9.4209000E-01 9.9557000E-01 -3.1958000E-01 4.6224000E-03 -3.2024000E-01
100.000000 1.3294000E-02 -9.3657000E-01 9.9556000E-01 -3.3541000E-01 4.5032000E-03 -3.3604000E-01
100.500000 1.3245000E-02 -9.3081000E-01 9.9555000E-01 -3.5108000E-01 4.3826000E-03 -3.5167000E-01
101.000000 1.3201000E-02 -9.2482000E-01 9.9555000E-01 -3.6656000E-01 4.2611000E-03 -3.6712000E-01
101.500000 1.3162000E-02 -9.1861000E-01 9.9554000E-01 -3.8187000E-01 4.1391000E-03 -3.8239000E-01
102.000000 1.3128000E-02 -9.1218000E-01 9.9554000E-01 -3.9698000E-01 4.0170000E-03 -3.9747000E-01
102.500000 1.3099000E-02 -9.0555000E-01 9.9554000E-01 -4.1190000E-01 3.8950000E-03 -4.1235000E-01
103.000000 1.3074000E-02 -8.9872000E-01 9.9554000E-01 -4.2662000E-01 3.7736000E-03 -4.2704000E-01
103.500000 1.3054000E-02 -8.9169000E-01 9.9554000E-01 -4.4114000E-01 3.6532000E-03 -4.4152000E-01
104.000000 1.3039000E-02 -8.8448000E-01 9.9555000E-01 -4.5546000E-01 3.5341000E-03 -4.5580000E-01
104.500000 1.3028000E-02 -8.7709000E-01 9.9555000E-01 -4.6956000E-01 3.4166000E-03 -4.6987000E-01
105.000000 1.3021000E-02 -8.6953000E-01 9.9556000E-01 -4.8345000E-01 3.3012000E-03 -4.8372000E-01
105.500000 1.3019000E-02 -8.6181000E-01 9.9557000E-01 -4.9713000E-01 3.1881000E-03 -4.9736000E-01
106.000000 1.3021000E-02 -8.5393000E-01 9.9558000E-01 -5.1058000E-01 3.0777000E-03 -5.1078000E-01
106.500000 1.3028000E-02 -8.4590000E-01 9.9559000E-01 -5.2382000E-01 2.9702000E-03 -5.2398000E-01
107.000000 1.3038000E-02 -8.3773000E-01 9.9561000E-01 -5.3683000E-01 2.8660000E-03 -5.3696000E-01
107.500000 1.3053000E-02 -8.2943000E-01 9.9562000E-01 -5.4962000E-01 2.7652000E-03 -5.4971000E-01
108.000000 1.3072000E-02 -8.2100000E-01 9.9564000E-01 -5.6218000E-01 2.6682000E-03 -5.6224000E-01
108.500000 1.3094000E-02 -8.1245000E-01 9.9565000E-01 -5.7451000E-01 2.5751000E-03 -5.7454000E-01
109.000000 1.3121000E-02 -8.0379000E-01 9.9567000E-01 -5.8662000E-01 2.4861000E-03 -5.8661000E-01
109.500000 1.3152000E-02 -7.9502000E-01 9.9569000E-01 -5.9850000E-01 2.4013000E-03 -5.9846000E-01
110.000000 1.3186000E-02 -7.8616000E-01 9.9571000E-01 -6.1015000E-01 2.3210000E-03 -6.1008000E-01
110.500000 1.3224000E-02 -7.7720000E-01 9.9574000E-01 -6.2157000E-01 2.2452000E-03 -6.2147000E-01
111.000000 1.3265000E-02 -7.6816000E-01 9.9576000E-01 -6.3277000E-01 2.1739000E-03 -6.3263000E-01
111.500000 1.3311000E-02 -7.5904000E-01 9.9579000E-01 -6.4374000E-01 2.1073000E-03 -6.4356000E-01
112.000000 1.3359000E-02 -7.4984000E-01 9.9581000E-01 -6.5448000E-01 2.0454000E-03 -6.5427000E-01
112.500000 1.3411000E-02 -7.4059000E-01 9.9584000E-01 -6.6499000E-01 1.9881000E-03 -6.6476000E-01
113.000000 1.3467000E-02 -7.3127000E-01 9.9586000E-01 -6.7528000E-01 1.9355000E-03 -6.7501000E-01
113.500000 1.3525000E-02 -7.2190000E-01 9.9589000E-01 -6.8535000E-01 1.8874000E-03 -6.8505000E-01
114.000000 1.3587000E-02 -7.1248000E-01 9.9592000E-01 -6.9519000E-01 1.8439000E-03 -6.9486000E-01
114.500000 1.3652000E-02 -7.0302000E-01 9.9595000E-01 -7.0482000E-01 1.8047000E-03 -7.0446000E-01
115.000000 1.3719000E-02 -6.9352000E-01 9.9598000E-01 -7.1422000E-01 1.7699000E-03 -7.1383000E-01
115.500000 1.3790000E-02 -6.8400000E-01 9.9601000E-01 -7.2341000E-01 1.7391000E-03 -7.2299000E-01
116.000000 1.3863000E-02 -6.7444000E-01 9.9605000E-01 -7.3238000E-01 1.7124000E-03 -7.3193000E-01
116.500000 1.3939000E-02 -6.6487000E-01 9.9608000E-01 -7.4114000E-01 1.6894000E-03 -7.4066000E-01
117.000000 1.4018000E-02 -6.5528000E-01 9.9611000E-01 -7.4969000E-01 1.6701000E-03 -7.4918000E-01
117.500000 1.4099000E-02 -6.4569000E-01 9.9614000E-01 -7.5802000E-01 1.6541000E-03 -7.5749000E-01
118.000000 1.4183000E-02 -6.3608000E-01 9.9618000E-01 -7.6616000E-01 1.6414000E-03 -7.6559000E-01
118.500000 1.4268000E-02 -6.2648000E-01 9.9621000E-01 -7.7408000E-01 1.6316000E-03 -7.7349000E-01
119.000000 1.4356000E-02 -6.1688000E-01 9.9624000E-01 -7.8181000E-01 1.6245000E-03 -7.8119000E-01
119.500000 1.4446000E-02 -6.0729000E-01 9.9628000E-01 -7.8934000E-01 1.6199000E-03 -7.8870000E-01
120.000000 1.4538000E-02 -5.9772000E-01 9.9631000E-01 -7.9667000E-01 1.6175000E-03 -7.9600000E-01
120.500000 1.4632000E-02 -5.8815000E-01 9.9634000E-01 -8.0381000E-01 1.6171000E-03 -8.0311000E-01
121.000000 1.4728000E-02 -5.7861000E-01 9.9638000E-01 -8.1076000E-01 1.6184000E-03 -8.1004000E-01
121.500000 1.4825000E-02 -5.6910000E-01 9.9641000E-01 -8.1752000E-01 1.6211000E-03 -8.1677000E-01
122.000000 1.4924000E-02 -5.5961000E-01 9.9645000E-01 -8.2409000E-01 1.6250000E-03 -8.2332000E-01
122.500000 1.5024000E-02 -5.5016000E-01 9.9648000E-01 -8.3048000E-01 1.6299000E-03 -8.2969000E-01
123.000000 1.5125000E-02 -5.4074000E-01 9.9651000E-01 -8.3670000E-01 1.6355000E-03 -8.3588000E-01
123.500000 1.5228000E-02 -5.3136000E-01 9.9655000E-01 -8.4274000E-01 1.6416000E-03 -8.4190000E-01
124.000000 1.5332000E-02 -5.2202000E-01 9.9658000E-01 -8.4860000E-01 1.6479000E-03 -8.4774000E-01
124.500000 1.5436000E-02 -5.1273000E-01 9.9661000E-01 -8.5429000E-01 1.6541000E-03 -8.5341000E-01
125.000000 1.5542000E-02 -5.0348000E-01 9.9664000E-01 -8.5982000E-01 1.6602000E-03 -8.5891000E-01
125.500000 1.5648000E-02 -4.9429000E-01 9.9668000E-01 -8.6518000E-01 1.6658000E-03 -8.6425000E-01
126.000000 1.5755000E-02 -4.8515000E-01 9.9671000E-01 -8.7039000E-01 1.6707000E-03 -8.6943000E-01
126.500000 1.5862000E-02 -4.7607000E-01 9.9674000E-01 -8.7543000E-01 1.6748000E-03 -8.7446000E-01
127.000000 1.5970000E-02 -4.6705000E-01 9.9677000E-01 -8.8032000E-01 1.6780000E-03 -8.7932000E-01
127.500000 1.6078000E-02 -4.5809000E-01 9.9680000E-01 -8.8506000E-01 1.6799000E-03 -8.8404000E-01
128.000000 1.6187000E-02 -4.4920000E-01 9.9683000E-01 -8.8964000E-01 1.6805000E-03 -8.8861000E-01
128.500000 1.6295000E-02 -4.4037000E-01 9.9686000E-01 -8.9409000E-01 1.6796000E-03 -8.9303000E-01
129.000000 1.6404000E-02 -4.3161000E-01 9.9688000E-01 -8.9839000E-01 1.6770000E-03 -8.9731000E-01
129.500000 1.6512000E-02 -4.2292000E-01 9.9691000E-01 -9.0255000E-01 1.6728000E-03 -9.0145000E-01
130.000000 1.6620000E-02 -4.1431000E-01 9.9694000E-01 -9.0657000E-01 1.6667000E-03 -9.0545000E-01
130.500000 1.6728000E-02 -4.0577000E-01 9.9696000E-01 -9.1046000E-01 1.6586000E-03 -9.0932000E-01
131.000000 1.6836000E-02 -3.9731000E-01 9.9699000E-01 -9.1422000E-01 1.6486000E-03 -9.1306000E-01
131.500000 1.6943000E-02 -3.8892000E-01 9.9702000E-01 -9.1785000E-01 1.6365000E-03 -9.1668000E-01
132.000000 1.7049000E-02 -3.8062000E-01 9.9704000E-01 -9.2136000E-01 1.6222000E-03 -9.2017000E-01
132.500000 1.7155000E-02 -3.7239000E-01 9.9706000E-01 -9.2475000E-01 1.6057000E-03 -9.2353000E-01
133.000000 1.7261000E-02 -3.6425000E-01 9.9709000E-01 -9.2802000E-01 1.5871000E-03 -9.2678000E-01
133.500000 1.7365000E-02 -3.5620000E-01 9.9711000E-01 -9.3117000E-01 1.5662000E-03 -9.2991000E-01
134.000000 1.7469000E-02 -3.4823000E-01 9.9713000E-01 -9.3421000E-01 1.5431000E-03 -9.3293000E-01
134.500000 1.7572000E-02 -3.4035000E-01 9.9715000E-01 -9.3714000E-01 1.5178000E-03 -9.3584000E-01
135.000000 1.7674000E-02 -3.3255000E-01 9.9717000E-01 -9.3996000E-01 1.4902000E-03 -9.3865000E-01
135.500000 1.7775000E-02 -3.2485000E-01 9.9719000E-01 -9.4268000E-01 1.4605000E-03 -9.4135000E-01
136.000000 1.7874000E-02 -3.1723000E-01 9.9721000E-01 -9.4529000E-01 1.4287000E-03 -9.4395000E-01
136.500000 1.7973000E-02 -3.0970000E-01 9.9723000E-01 -9.4781000E-01 1.3947000E-03 -9.4644000E-01
137.000000 1.8070000E-02 -3.0227000E-01 9.9725000E-01 -9.5023000E-01 1.3588000E-03 -9.4885000E-01
137.500000 1.8167000E-02 -2.9493000E-01 9.9727000E-01 -9.5256000E-01 1.3208000E-03 -9.5116000E-01
138.000000 1.8261000E-02 -2.8768000E-01 9.9728000E-01 -9.5479000E-01 1.2810000E-03 -9.5337000E-01
138.500000 1.8355000E-02 -2.8052000E-01 9.9730000E-01 -9.5694000E-01 1.2394000E-03 -9.5550000E-01
139.000000 1.8447000E-02 -2.7346000E-01 9.9731000E-01 -9.5901000E-01 1.1961000E-03 -9.5755000E-01
139.500000 1.8538000E-02 -2.6649000E-01 9.9733000E-01 -9.6098000E-01 1.1512000E-03 -9.5951000E-01
140.000000 1.8628000E-02 -2.5962000E-01 9.9734000E-01 -9.6288000E-01 1.1048000E-03 -9.6139000E-01
140.500000 1.8716000E-02 -2.5284000E-01 9.9736000E-01 -9.6470000E-01 1.0570000E-03 -9.6319000E-01
141.000000 1.8803000E-02 -2.4616000E-01 9.9737000E-01 -9.6645000E-01 1.0079000E-03 -9.6492000E-01
141.500000 1.8888000E-02 -2.3958000E-01 9.9738000E-01 -9.6812000E-01 9.5774000E-04 -9.6657000E-01
142.000000 1.8972000E-02 -2.3309000E-01 9.9739000E-01 -9.6972000E-01 9.0654000E-04 -9.6815000E-01
142.500000 1.9054000E-02 -2.2669000E-01 9.9741000E-01 -9.7125000E-01 8.5447000E-04 -9.6967000E-01
143.000000 1.9135000E-02 -2.2039000E-01 9.9742000E-01 -9.7271000E-01 8.0166000E-04 -9.7111000E-01
143.500000 1.9214000E-02 -2.1419000E-01 9.9743000E-01 -9.7411000E-01 7.4826000E-04 -9.7249000E-01
144.000000 1.9292000E-02 -2.0809000E-01 9.9744000E-01 -9.7544000E-01 6.9441000E-04 -9.7381000E-01
144.500000 1.9368000E-02 -2.0207000E-01 9.9744000E-01 -9.7672000E-01 6.4025000E-04 -9.7507000E-01
145.000000 1.9443000E-02 -1.9616000E-01 9.9745000E-01 -9.7794000E-01 5.8593000E-04 -9.7627000E-01
145.500000 1.9516000E-02 -1.9034000E-01 9.9746000E-01 -9.7910000E-01 5.3160000E-04 -9.7741000E-01
146.000000 1.9588000E-02 -1.8462000E-01 9.9747000E-01 -9.8020000E-01 4.7740000E-04 -9.7850000E-01
146.500000 1.9658000E-02 -1.7899000E-01 9.9748000E-01 -9.8126000E-01 4.2348000E-04 -9.7953000E-01
147.000000 1.9727000E-02 -1.7346000E-01 9.9748000E-01 -9.8226000E-01 3.6999000E-04 -9.8052000E-01
147.500000 1.9795000E-02 -1.6802000E-01 9.9749000E-01 -9.8321000E-01 3.1708000E-04 -9.8145000E-01
148.000000 1.9861000E-02 -1.6268000E-01 9.9749000E-01 -9.8412000E-01 2.6487000E-04 -9.8234000E-01
148.500000 1.9925000E-02 -1.5743000E-01 9.9750000E-01 -9.8498000E-01 2.1353000E-04 -9.8318000E-01
149.000000 1.9989000E-02 -1.5228000E-01 9.9750000E-01 -9.8580000E-01 1.6317000E-04 -9.8398000E-01
149.500000 2.0051000E-02 -1.4722000E-01 9.9751000E-01 -9.8657000E-01 1.1394000E-04 -9.8474000E-01
150.000000 2.0111000E-02 -1.4225000E-01 9.9751000E-01 -9.8730000E-01 6.5958000E-05 -9.8546000E-01
150.500000 2.0170000E-02 -1.3738000E-01 9.9752000E-01 -9.8800000E-01 1.9354000E-05 -9.8614000E-01
151.000000 2.0228000E-02 -1.3260000E-01 9.9752000E-01 -9.8866000E-01 -2.5755000E-05 -9.8678000E-01
151.500000 2.0285000E-02 -1.2791000E-01 9.9752000E-01 -9.8928000E-01 -6.9256000E-05 -9.8738000E-01
152.000000 2.0340000E-02 -1.2331000E-01 9.9753000E-01 -9.8987000E-01 -1.1104000E-04 -9.8795000E-01
152.500000 2.0395000E-02 -1.1880000E-01 9.9753000E-01 -9.9042000E-01 -1.5102000E-04 -9.8849000E-01
153.000000 2.0448000E-02 -1.1439000E-01 9.9753000E-01 -9.9095000E-01 -1.8908000E-04 -9.8899000E-01
153.500000 2.0499000E-02 -1.1006000E-01 9.9753000E-01 -9.9144000E-01 -2.2516000E-04 -9.8947000E-01
154.000000 2.0550000E-02 -1.0583000E-01 9.9753000E-01 -9.9190000E-01 -2.5917000E-04 -9.8992000E-01
154.500000 2.0599000E-02 -1.0168000E-01 9.9753000E-01 -9.9234000E-01 -2.9104000E-04 -9.9033000E-01
155.000000 2.0647000E-02 -9.7629000E-02 9.9754000E-01 -9.9275000E-01 -3.2072000E-04 -9.9073000E-01
155.500000 2.0695000E-02 -9.3662000E-02 9.9754000E-01 -9.9313000E-01 -3.4815000E-04 -9.9109000E-01
156.000000 2.0741000E-02 -8.9783000E-02 9.9754000E-01 -9.9349000E-01 -3.7329000E-04 -9.9144000E-01
156.500000 2.0786000E-02 -8.5992000E-02 9.9754000E-01 -9.9382000E-01 -3.9610000E-04 -9.9176000E-01
157.000000 2.0830000E-02 -8.2288000E-02 9.9754000E-01 -9.9414000E-01 -4.1657000E-04 -9.9205000E-01
157.500000 2.0873000E-02 -7.8671000E-02 9.9754000E-01 -9.9443000E-01 -4.3468000E-04 -9.9233000E-01
158.000000 2.0914000E-02 -7.5140000E-02 9.9754000E-01 -9.9470000E-01 -4.5042000E-04 -9.9259000E-01
158.500000 2.0955000E-02 -7.1696000E-02 9.9754000E-01 -9.9496000E-01 -4.6381000E-04 -9.9283000E-01
159.000000 2.0995000E-02 -6.8336000E-02 9.9754000E-01 -9.9519000E-01 -4.7485000E-04 -9.9305000E-01
159.500000 2.1034000E-02 -6.5062000E-02 9.9753000E-01 -9.9541000E-01 -4.8357000E-04 -9.9325000E-01
160.000000 2.1072000E-02 -6.1873000E-02 9.9753000E-01 -9.9562000E-01 -4.9000000E-04 -9.9344000E-01
160.500000 2.1109000E-02 -5.8767000E-02 9.9753000E-01 -9.9580000E-01 -4.9420000E-04 -9.9361000E-01
161.000000 2.1145000E-02 -5.5746000E-02 9.9753000E-01 -9.9597000E-01 -4.9619000E-04 -9.9377000E-01
161.500000 2.1180000E-02 -5.2807000E-02 9.9753000E-01 -9.9613000E-01 -4.9606000E-04 -9.9391000E-01
162.000000 2.1215000E-02 -4.9952000E-02 9.9753000E-01 -9.9628000E-01 -4.9387000E-04 -9.9404000E-01
162.500000 2.1248000E-02 -4.7180000E-02 9.9753000E-01 -9.9641000E-01 -4.8970000E-04 -9.9416000E-01
163.000000 2.1280000E-02 -4.4489000E-02 9.9752000E-01 -9.9653000E-01 -4.8362000E-04 -9.9427000E-01
163.500000 2.1312000E-02 -4.1881000E-02 9.9752000E-01 -9.9665000E-01 -4.7575000E-04 -9.9436000E-01
164.000000 2.1342000E-02 -3.9354000E-02 9.9752000E-01 -9.9675000E-01 -4.6616000E-04 -9.9445000E-01
164.500000 2.1372000E-02 -3.6908000E-02 9.9752000E-01 -9.9684000E-01 -4.5498000E-04 -9.9453000E-01
165.000000 2.1401000E-02 -3.4543000E-02 9.9752000E-01 -9.9692000E-01 -4.4231000E-04 -9.9460000E-01
165.500000 2.1429000E-02 -3.2258000E-02 9.9751000E-01 -9.9699000E-01 -4.2828000E-04 -9.9466000E-01
166.000000 2.1456000E-02 -3.0054000E-02 9.9751000E-01 -9.9706000E-01 -4.1299000E-04 -9.9472000E-01
166.500000 2.1482000E-02 -2.7929000E-02 9.9751000E-01 -9.9712000E-01 -3.9659000E-04 -9.9476000E-01
167.000000 2.1507000E-02 -2.5884000E-02 9.9751000E-01 -9.9717000E-01 -3.7919000E-04 -9.9480000E-01
167.500000 2.1532000E-02 -2.3919000E-02 9.9751000E-01 -9.9722000E-01 -3.6094000E-04 -9.9484000E-01
168.000000 2.1555000E-02 -2.2033000E-02 9.9750000E-01 -9.9726000E-01 -3.4197000E-04 -9.9487000E-01
168.500000 2.1578000E-02 -2.0225000E-02 9.9750000E-01 -9.9730000E-01 -3.2242000E-04 -9.9489000E-01
169.000000 2.1599000E-02 -1.8496000E-02 9.9750000E-01 -9.9733000E-01 -3.0242000E-04 -9.9492000E-01
169.500000 2.1620000E-02 -1.6845000E-02 9.9750000E-01 -9.9736000E-01 -2.8212000E-04 -9.9493000E-01
170.000000 2.1640000E-02 -1.5273000E-02 9.9750000E-01 -9.9738000E-01 -2.6165000E-04 -9.9495000E-01
170.500000 2.1659000E-02 -1.3778000E-02 9.9749000E-01 -9.9740000E-01 -2.4114000E-04 -9.9496000E-01
171.000000 2.1677000E-02 -1.2361000E-02 9.9749000E-01 -9.9741000E-01 -2.2075000E-04 -9.9496000E-01
171.500000 2.1694000E-02 -1.1022000E-02 9.9749000E-01 -9.9743000E-01 -2.0059000E-04 -9.9497000E-01
172.000000 2.1710000E-02 -9.7604000E-03 9.9749000E-01 -9.9744000E-01 -1.8080000E-04 -9.9497000E-01
172.500000 2.1725000E-02 -8.5758000E-03 9.9749000E-01 -9.9745000E-01 -1.6150000E-04 -9.9498000E-01
173.000000 2.1739000E-02 -7.4683000E-03 9.9748000E-01 -9.9746000E-01 -1.4282000E-04 -9.9498000E-01
173.500000 2.1752000E-02 -6.4378000E-03 9.9748000E-01 -9.9746000E-01 -1.2488000E-04 -9.9497000E-01
174.000000 2.1765000E-02 -5.4841000E-03 9.9748000E-01 -9.9747000E-01 -1.0779000E-04 -9.9497000E-01
174.500000 2.1776000E-02 -4.6071000E-03 9.9748000E-01 -9.9747000E-01 -9.1645000E-05 -9.9497000E-01
175.000000 2.1786000E-02 -3.8067000E-03 9.9748000E-01 -9.9747000E-01 -7.6556000E-05 -9.9497000E-01
175.500000 2.1796000E-02 -3.0829000E-03 9.9748000E-01 -9.9747000E-01 -6.2612000E-05 -9.9496000E-01
176.000000 2.1804000E-02 -2.4354000E-03 9.9748000E-01 -9.9747000E-01 -4.9899000E-05 -9.9496000E-01
176.500000 2.1812000E-02 -1.8644000E-03 9.9747000E-01 -9.9747000E-01 -3.8495000E-05 -9.9496000E-01
177.000000 2.1818000E-02 -1.3696000E-03 9.9747000E-01 -9.9747000E-01 -2.8468000E-05 -9.9495000E-01
177.500000 2.1824000E-02 -9.5098000E-04 9.9747000E-01 -9.9747000E-01 -1.9879000E-05 -9.9495000E-01
178.000000 2.1828000E-02 -6.0857000E-04 9.9747000E-01 -9.9747000E-01 -1.2780000E-05 -9.9495000E-01
178.500000 2.1832000E-02 -3.4230000E-04 9.9747000E-01 -9.9747000E-01 -7.2141000E-06 -9.9495000E-01
179.000000 2.1834000E-02 -1.5212000E-04 9.9747000E-01 -9.9747000E-01 -3.2143000E-06 -9.9494000E-01
179.500000 2.1836000E-02 -3.8030000E-05 9.9747000E-01 -9.9747000E-01 -8.0477000E-07 -9.9494000E-01
180.000000 2.1836000E-02 -3.7701000E-15 9.9747000E-01 -9.9747000E-01 -7.9822000E-17 -9.9494000E-01
