length scale factor
1.0389460E-02
volume cluster radius, area mean sphere radius, circumscribing radius, cross section radius
2.0922929E-01 1.0379071E-02 1.2308071E+00 2.0922929E-01
total extinction, absorption, scattering efficiencies (unpolarized incidence)
4.9948000E-03 3.0007000E-03 1.9941000E-03
theta     11          12          22          33          34          44
 0.0000000E+00  1.5717000E-01  0.0000000E+00  9.9991000E-01  9.9991000E-01  0.0000000E+00  9.9982000E-01
 5.0000000E-01  1.5717000E-01 -3.8056000E-05  9.9991000E-01  9.9991000E-01  3.1158000E-10  9.9982000E-01
 1.0000000E+00  1.5714000E-01 -1.5223000E-04  9.9991000E-01  9.9991000E-01  1.2464000E-09  9.9982000E-01
 1.5000000E+00  1.5710000E-01 -3.4254000E-04  9.9991000E-01  9.9991000E-01  2.8046000E-09  9.9982000E-01
 2.0000000E+00  1.5705000E-01 -6.0901000E-04  9.9991000E-01  9.9991000E-01  4.9865000E-09  9.9982000E-01
 2.5000000E+00  1.5698000E-01 -9.5169000E-04  9.9991000E-01  9.9991000E-01  7.7926000E-09  9.9982000E-01
 3.0000000E+00  1.5689000E-01 -1.3706000E-03  9.9991000E-01  9.9991000E-01  1.1223000E-08  9.9982000E-01
 3.5000000E+00  1.5679000E-01 -1.8659000E-03  9.9991000E-01  9.9991000E-01  1.5280000E-08  9.9982000E-01
 4.0000000E+00  1.5668000E-01 -2.4375000E-03  9.9991000E-01  9.9991000E-01  1.9962000E-08  9.9982000E-01
 4.5000000E+00  1.5655000E-01 -3.0857000E-03  9.9991000E-01  9.9991000E-01  2.5272000E-08  9.9982000E-01
 5.0000000E+00  1.5640000E-01 -3.8104000E-03  9.9991000E-01  9.9990000E-01  3.1211000E-08  9.9982000E-01
 5.5000000E+00  1.5624000E-01 -4.6118000E-03  9.9991000E-01  9.9990000E-01  3.7778000E-08  9.9981000E-01
 6.0000000E+00  1.5606000E-01 -5.4900000E-03  9.9991000E-01  9.9990000E-01  4.4977000E-08  9.9981000E-01
 6.5000000E+00  1.5587000E-01 -6.4451000E-03  9.9991000E-01  9.9989000E-01  5.2808000E-08  9.9980000E-01
 7.0000000E+00  1.5566000E-01 -7.4773000E-03  9.9991000E-01  9.9988000E-01  6.1273000E-08  9.9979000E-01
 7.5000000E+00  1.5544000E-01 -8.5868000E-03  9.9991000E-01  9.9987000E-01  7.0374000E-08  9.9978000E-01
 8.0000000E+00  1.5520000E-01 -9.7737000E-03  9.9991000E-01  9.9986000E-01  8.0112000E-08  9.9977000E-01
 8.5000000E+00  1.5495000E-01 -1.1038000E-02  9.9991000E-01  9.9985000E-01  9.0490000E-08  9.9976000E-01
 9.0000000E+00  1.5468000E-01 -1.2380000E-02  9.9991000E-01  9.9983000E-01  1.0151000E-07  9.9974000E-01
 9.5000000E+00  1.5440000E-01 -1.3801000E-02  9.9991000E-01  9.9981000E-01  1.1317000E-07  9.9973000E-01
 1.0000000E+01  1.5410000E-01 -1.5299000E-02  9.9991000E-01  9.9979000E-01  1.2548000E-07  9.9970000E-01
 1.0500000E+01  1.5379000E-01 -1.6876000E-02  9.9991000E-01  9.9977000E-01  1.3844000E-07  9.9968000E-01
 1.1000000E+01  1.5347000E-01 -1.8531000E-02  9.9991000E-01  9.9974000E-01  1.5205000E-07  9.9965000E-01
 1.1500000E+01  1.5313000E-01 -2.0265000E-02  9.9991000E-01  9.9970000E-01  1.6631000E-07  9.9961000E-01
 1.2000000E+01  1.5278000E-01 -2.2078000E-02  9.9991000E-01  9.9967000E-01  1.8123000E-07  9.9958000E-01
 1.2500000E+01  1.5241000E-01 -2.3971000E-02  9.9991000E-01  9.9962000E-01  1.9681000E-07  9.9953000E-01
 1.3000000E+01  1.5203000E-01 -2.5943000E-02  9.9991000E-01  9.9957000E-01  2.1305000E-07  9.9948000E-01
 1.3500000E+01  1.5164000E-01 -2.7996000E-02  9.9991000E-01  9.9952000E-01  2.2996000E-07  9.9943000E-01
 1.4000000E+01  1.5123000E-01 -3.0128000E-02  9.9991000E-01  9.9945000E-01  2.4753000E-07  9.9936000E-01
 1.4500000E+01  1.5081000E-01 -3.2341000E-02  9.9991000E-01  9.9938000E-01  2.6578000E-07  9.9930000E-01
 1.5000000E+01  1.5038000E-01 -3.4634000E-02  9.9991000E-01  9.9931000E-01  2.8470000E-07  9.9922000E-01
 1.5500000E+01  1.4993000E-01 -3.7009000E-02  9.9991000E-01  9.9922000E-01  3.0431000E-07  9.9913000E-01
 1.6000000E+01  1.4947000E-01 -3.9465000E-02  9.9991000E-01  9.9913000E-01  3.2459000E-07  9.9904000E-01
 1.6500000E+01  1.4900000E-01 -4.2003000E-02  9.9991000E-01  9.9902000E-01  3.4556000E-07  9.9893000E-01
 1.7000000E+01  1.4851000E-01 -4.4623000E-02  9.9991000E-01  9.9891000E-01  3.6723000E-07  9.9882000E-01
 1.7500000E+01  1.4801000E-01 -4.7326000E-02  9.9991000E-01  9.9879000E-01  3.8958000E-07  9.9870000E-01
 1.8000000E+01  1.4750000E-01 -5.0111000E-02  9.9991000E-01  9.9865000E-01  4.1264000E-07  9.9856000E-01
 1.8500000E+01  1.4698000E-01 -5.2979000E-02  9.9991000E-01  9.9850000E-01  4.3640000E-07  9.9841000E-01
 1.9000000E+01  1.4645000E-01 -5.5931000E-02  9.9991000E-01  9.9834000E-01  4.6086000E-07  9.9825000E-01
 1.9500000E+01  1.4590000E-01 -5.8967000E-02  9.9990000E-01  9.9816000E-01  4.8604000E-07  9.9807000E-01
 2.0000000E+01  1.4535000E-01 -6.2087000E-02  9.9990000E-01  9.9798000E-01  5.1193000E-07  9.9789000E-01
 2.0500000E+01  1.4478000E-01 -6.5291000E-02  9.9990000E-01  9.9777000E-01  5.3854000E-07  9.9768000E-01
 2.1000000E+01  1.4420000E-01 -6.8581000E-02  9.9990000E-01  9.9755000E-01  5.6587000E-07  9.9746000E-01
 2.1500000E+01  1.4361000E-01 -7.1956000E-02  9.9990000E-01  9.9731000E-01  5.9393000E-07  9.9722000E-01
 2.2000000E+01  1.4301000E-01 -7.5416000E-02  9.9990000E-01  9.9705000E-01  6.2273000E-07  9.9696000E-01
 2.2500000E+01  1.4240000E-01 -7.8963000E-02  9.9990000E-01  9.9678000E-01  6.5226000E-07  9.9669000E-01
 2.3000000E+01  1.4178000E-01 -8.2597000E-02  9.9990000E-01  9.9648000E-01  6.8254000E-07  9.9639000E-01
 2.3500000E+01  1.4115000E-01 -8.6317000E-02  9.9990000E-01  9.9617000E-01  7.1356000E-07  9.9608000E-01
 2.4000000E+01  1.4051000E-01 -9.0125000E-02  9.9990000E-01  9.9583000E-01  7.4534000E-07  9.9574000E-01
 2.4500000E+01  1.3986000E-01 -9.4020000E-02  9.9990000E-01  9.9547000E-01  7.7787000E-07  9.9538000E-01
 2.5000000E+01  1.3920000E-01 -9.8004000E-02  9.9990000E-01  9.9509000E-01  8.1117000E-07  9.9500000E-01
 2.5500000E+01  1.3853000E-01 -1.0208000E-01  9.9990000E-01  9.9468000E-01  8.4523000E-07  9.9459000E-01
 2.6000000E+01  1.3785000E-01 -1.0624000E-01  9.9990000E-01  9.9424000E-01  8.8006000E-07  9.9415000E-01
 2.6500000E+01  1.3717000E-01 -1.1049000E-01  9.9990000E-01  9.9378000E-01  9.1567000E-07  9.9369000E-01
 2.7000000E+01  1.3648000E-01 -1.1483000E-01  9.9990000E-01  9.9328000E-01  9.5207000E-07  9.9319000E-01
 2.7500000E+01  1.3577000E-01 -1.1926000E-01  9.9990000E-01  9.9276000E-01  9.8924000E-07  9.9267000E-01
 2.8000000E+01  1.3506000E-01 -1.2378000E-01  9.9990000E-01  9.9221000E-01  1.0272000E-06  9.9212000E-01
 2.8500000E+01  1.3435000E-01 -1.2839000E-01  9.9990000E-01  9.9162000E-01  1.0660000E-06  9.9153000E-01
 2.9000000E+01  1.3362000E-01 -1.3309000E-01  9.9990000E-01  9.9100000E-01  1.1055000E-06  9.9091000E-01
 2.9500000E+01  1.3289000E-01 -1.3789000E-01  9.9990000E-01  9.9034000E-01  1.1459000E-06  9.9025000E-01
 3.0000000E+01  1.3215000E-01 -1.4277000E-01  9.9990000E-01  9.8965000E-01  1.1871000E-06  9.8956000E-01
 3.0500000E+01  1.3140000E-01 -1.4775000E-01  9.9989000E-01  9.8892000E-01  1.2291000E-06  9.8883000E-01
 3.1000000E+01  1.3065000E-01 -1.5283000E-01  9.9989000E-01  9.8815000E-01  1.2719000E-06  9.8806000E-01
 3.1500000E+01  1.2990000E-01 -1.5799000E-01  9.9989000E-01  9.8733000E-01  1.3156000E-06  9.8724000E-01
 3.2000000E+01  1.2913000E-01 -1.6325000E-01  9.9989000E-01  9.8648000E-01  1.3600000E-06  9.8639000E-01
 3.2500000E+01  1.2836000E-01 -1.6860000E-01  9.9989000E-01  9.8558000E-01  1.4053000E-06  9.8548000E-01
 3.3000000E+01  1.2759000E-01 -1.7404000E-01  9.9989000E-01  9.8463000E-01  1.4515000E-06  9.8454000E-01
 3.3500000E+01  1.2681000E-01 -1.7958000E-01  9.9989000E-01  9.8363000E-01  1.4984000E-06  9.8354000E-01
 3.4000000E+01  1.2602000E-01 -1.8522000E-01  9.9989000E-01  9.8259000E-01  1.5463000E-06  9.8249000E-01
 3.4500000E+01  1.2523000E-01 -1.9094000E-01  9.9989000E-01  9.8149000E-01  1.5949000E-06  9.8140000E-01
 3.5000000E+01  1.2444000E-01 -1.9677000E-01  9.9989000E-01  9.8034000E-01  1.6445000E-06  9.8025000E-01
 3.5500000E+01  1.2364000E-01 -2.0269000E-01  9.9989000E-01  9.7913000E-01  1.6949000E-06  9.7904000E-01
 3.6000000E+01  1.2284000E-01 -2.0870000E-01  9.9989000E-01  9.7787000E-01  1.7461000E-06  9.7777000E-01
 3.6500000E+01  1.2203000E-01 -2.1481000E-01  9.9989000E-01  9.7654000E-01  1.7982000E-06  9.7645000E-01
 3.7000000E+01  1.2123000E-01 -2.2101000E-01  9.9989000E-01  9.7516000E-01  1.8512000E-06  9.7506000E-01
 3.7500000E+01  1.2041000E-01 -2.2731000E-01  9.9989000E-01  9.7371000E-01  1.9050000E-06  9.7361000E-01
 3.8000000E+01  1.1960000E-01 -2.3370000E-01  9.9989000E-01  9.7219000E-01  1.9597000E-06  9.7210000E-01
 3.8500000E+01  1.1878000E-01 -2.4019000E-01  9.9988000E-01  9.7061000E-01  2.0153000E-06  9.7051000E-01
 3.9000000E+01  1.1796000E-01 -2.4678000E-01  9.9988000E-01  9.6895000E-01  2.0717000E-06  9.6886000E-01
 3.9500000E+01  1.1714000E-01 -2.5346000E-01  9.9988000E-01  9.6723000E-01  2.1291000E-06  9.6713000E-01
 4.0000000E+01  1.1632000E-01 -2.6023000E-01  9.9988000E-01  9.6542000E-01  2.1873000E-06  9.6533000E-01
 4.0500000E+01  1.1550000E-01 -2.6710000E-01  9.9988000E-01  9.6355000E-01  2.2464000E-06  9.6345000E-01
 4.1000000E+01  1.1467000E-01 -2.7406000E-01  9.9988000E-01  9.6159000E-01  2.3063000E-06  9.6150000E-01
 4.1500000E+01  1.1384000E-01 -2.8112000E-01  9.9988000E-01  9.5955000E-01  2.3671000E-06  9.5945000E-01
 4.2000000E+01  1.1301000E-01 -2.8828000E-01  9.9988000E-01  9.5742000E-01  2.4288000E-06  9.5733000E-01
 4.2500000E+01  1.1219000E-01 -2.9552000E-01  9.9988000E-01  9.5521000E-01  2.4914000E-06  9.5512000E-01
 4.3000000E+01  1.1136000E-01 -3.0286000E-01  9.9988000E-01  9.5291000E-01  2.5549000E-06  9.5281000E-01
 4.3500000E+01  1.1053000E-01 -3.1029000E-01  9.9988000E-01  9.5051000E-01  2.6192000E-06  9.5042000E-01
 4.4000000E+01  1.0970000E-01 -3.1782000E-01  9.9988000E-01  9.4802000E-01  2.6844000E-06  9.4793000E-01
 4.4500000E+01  1.0887000E-01 -3.2544000E-01  9.9987000E-01  9.4543000E-01  2.7505000E-06  9.4534000E-01
 4.5000000E+01  1.0805000E-01 -3.3314000E-01  9.9987000E-01  9.4274000E-01  2.8174000E-06  9.4265000E-01
 4.5500000E+01  1.0722000E-01 -3.4094000E-01  9.9987000E-01  9.3995000E-01  2.8852000E-06  9.3986000E-01
 4.6000000E+01  1.0640000E-01 -3.4883000E-01  9.9987000E-01  9.3705000E-01  2.9538000E-06  9.3696000E-01
 4.6500000E+01  1.0557000E-01 -3.5680000E-01  9.9987000E-01  9.3404000E-01  3.0233000E-06  9.3395000E-01
 4.7000000E+01  1.0475000E-01 -3.6487000E-01  9.9987000E-01  9.3092000E-01  3.0936000E-06  9.3083000E-01
 4.7500000E+01  1.0393000E-01 -3.7302000E-01  9.9987000E-01  9.2768000E-01  3.1648000E-06  9.2759000E-01
 4.8000000E+01  1.0311000E-01 -3.8125000E-01  9.9987000E-01  9.2433000E-01  3.2368000E-06  9.2424000E-01
 4.8500000E+01  1.0230000E-01 -3.8957000E-01  9.9987000E-01  9.2085000E-01  3.3096000E-06  9.2076000E-01
 4.9000000E+01  1.0149000E-01 -3.9797000E-01  9.9987000E-01  9.1725000E-01  3.3832000E-06  9.1716000E-01
 4.9500000E+01  1.0068000E-01 -4.0646000E-01  9.9987000E-01  9.1352000E-01  3.4576000E-06  9.1343000E-01
 5.0000000E+01  9.9869000E-02 -4.1502000E-01  9.9986000E-01  9.0966000E-01  3.5328000E-06  9.0957000E-01
 5.0500000E+01  9.9065000E-02 -4.2366000E-01  9.9986000E-01  9.0567000E-01  3.6087000E-06  9.0558000E-01
 5.1000000E+01  9.8265000E-02 -4.3238000E-01  9.9986000E-01  9.0154000E-01  3.6855000E-06  9.0145000E-01
 5.1500000E+01  9.7468000E-02 -4.4117000E-01  9.9986000E-01  8.9727000E-01  3.7629000E-06  8.9718000E-01
 5.2000000E+01  9.6675000E-02 -4.5003000E-01  9.9986000E-01  8.9285000E-01  3.8411000E-06  8.9277000E-01
 5.2500000E+01  9.5887000E-02 -4.5897000E-01  9.9986000E-01  8.8829000E-01  3.9201000E-06  8.8820000E-01
 5.3000000E+01  9.5102000E-02 -4.6797000E-01  9.9986000E-01  8.8358000E-01  3.9997000E-06  8.8349000E-01
 5.3500000E+01  9.4323000E-02 -4.7704000E-01  9.9986000E-01  8.7872000E-01  4.0800000E-06  8.7863000E-01
 5.4000000E+01  9.3547000E-02 -4.8618000E-01  9.9986000E-01  8.7369000E-01  4.1610000E-06  8.7361000E-01
 5.4500000E+01  9.2777000E-02 -4.9537000E-01  9.9985000E-01  8.6851000E-01  4.2426000E-06  8.6843000E-01
 5.5000000E+01  9.2012000E-02 -5.0462000E-01  9.9985000E-01  8.6317000E-01  4.3248000E-06  8.6308000E-01
 5.5500000E+01  9.1252000E-02 -5.1393000E-01  9.9985000E-01  8.5766000E-01  4.4076000E-06  8.5757000E-01
 5.6000000E+01  9.0497000E-02 -5.2329000E-01  9.9985000E-01  8.5198000E-01  4.4910000E-06  8.5189000E-01
 5.6500000E+01  8.9748000E-02 -5.3271000E-01  9.9985000E-01  8.4612000E-01  4.5750000E-06  8.4604000E-01
 5.7000000E+01  8.9005000E-02 -5.4216000E-01  9.9985000E-01  8.4009000E-01  4.6594000E-06  8.4001000E-01
 5.7500000E+01  8.8268000E-02 -5.5166000E-01  9.9985000E-01  8.3388000E-01  4.7444000E-06  8.3380000E-01
 5.8000000E+01  8.7537000E-02 -5.6120000E-01  9.9985000E-01  8.2749000E-01  4.8298000E-06  8.2741000E-01
 5.8500000E+01  8.6812000E-02 -5.7078000E-01  9.9985000E-01  8.2091000E-01  4.9157000E-06  8.2083000E-01
 5.9000000E+01  8.6093000E-02 -5.8039000E-01  9.9984000E-01  8.1415000E-01  5.0020000E-06  8.1407000E-01
 5.9500000E+01  8.5382000E-02 -5.9002000E-01  9.9984000E-01  8.0719000E-01  5.0886000E-06  8.0711000E-01
 6.0000000E+01  8.4677000E-02 -5.9968000E-01  9.9984000E-01  8.0004000E-01  5.1755000E-06  7.9996000E-01
 6.0500000E+01  8.3979000E-02 -6.0936000E-01  9.9984000E-01  7.9269000E-01  5.2628000E-06  7.9261000E-01
 6.1000000E+01  8.3288000E-02 -6.1905000E-01  9.9984000E-01  7.8514000E-01  5.3503000E-06  7.8506000E-01
 6.1500000E+01  8.2604000E-02 -6.2876000E-01  9.9984000E-01  7.7739000E-01  5.4380000E-06  7.7731000E-01
 6.2000000E+01  8.1928000E-02 -6.3847000E-01  9.9984000E-01  7.6944000E-01  5.5260000E-06  7.6935000E-01
 6.2500000E+01  8.1259000E-02 -6.4818000E-01  9.9984000E-01  7.6127000E-01  5.6140000E-06  7.6119000E-01
 6.3000000E+01  8.0598000E-02 -6.5789000E-01  9.9983000E-01  7.5290000E-01  5.7021000E-06  7.5282000E-01
 6.3500000E+01  7.9945000E-02 -6.6758000E-01  9.9983000E-01  7.4431000E-01  5.7903000E-06  7.4423000E-01
 6.4000000E+01  7.9299000E-02 -6.7727000E-01  9.9983000E-01  7.3551000E-01  5.8785000E-06  7.3543000E-01
 6.4500000E+01  7.8662000E-02 -6.8693000E-01  9.9983000E-01  7.2649000E-01  5.9666000E-06  7.2641000E-01
 6.5000000E+01  7.8033000E-02 -6.9657000E-01  9.9983000E-01  7.1725000E-01  6.0547000E-06  7.1718000E-01
 6.5500000E+01  7.7412000E-02 -7.0617000E-01  9.9983000E-01  7.0780000E-01  6.1426000E-06  7.0772000E-01
 6.6000000E+01  7.6799000E-02 -7.1574000E-01  9.9983000E-01  6.9812000E-01  6.2303000E-06  6.9804000E-01
 6.6500000E+01  7.6195000E-02 -7.2527000E-01  9.9983000E-01  6.8822000E-01  6.3177000E-06  6.8814000E-01
 6.7000000E+01  7.5599000E-02 -7.3474000E-01  9.9982000E-01  6.7809000E-01  6.4048000E-06  6.7802000E-01
 6.7500000E+01  7.5012000E-02 -7.4416000E-01  9.9982000E-01  6.6774000E-01  6.4916000E-06  6.6767000E-01
 6.8000000E+01  7.4434000E-02 -7.5351000E-01  9.9982000E-01  6.5716000E-01  6.5780000E-06  6.5709000E-01
 6.8500000E+01  7.3865000E-02 -7.6280000E-01  9.9982000E-01  6.4636000E-01  6.6638000E-06  6.4629000E-01
 6.9000000E+01  7.3305000E-02 -7.7201000E-01  9.9982000E-01  6.3533000E-01  6.7491000E-06  6.3526000E-01
 6.9500000E+01  7.2753000E-02 -7.8114000E-01  9.9982000E-01  6.2407000E-01  6.8338000E-06  6.2400000E-01
 7.0000000E+01  7.2211000E-02 -7.9018000E-01  9.9982000E-01  6.1258000E-01  6.9179000E-06  6.1251000E-01
 7.0500000E+01  7.1678000E-02 -7.9912000E-01  9.9982000E-01  6.0087000E-01  7.0012000E-06  6.0080000E-01
 7.1000000E+01  7.1154000E-02 -8.0796000E-01  9.9981000E-01  5.8893000E-01  7.0838000E-06  5.8886000E-01
 7.1500000E+01  7.0640000E-02 -8.1668000E-01  9.9981000E-01  5.7676000E-01  7.1654000E-06  5.7670000E-01
 7.2000000E+01  7.0135000E-02 -8.2529000E-01  9.9981000E-01  5.6437000E-01  7.2462000E-06  5.6431000E-01
 7.2500000E+01  6.9639000E-02 -8.3378000E-01  9.9981000E-01  5.5176000E-01  7.3260000E-06  5.5170000E-01
 7.3000000E+01  6.9153000E-02 -8.4213000E-01  9.9981000E-01  5.3892000E-01  7.4047000E-06  5.3886000E-01
 7.3500000E+01  6.8677000E-02 -8.5034000E-01  9.9981000E-01  5.2587000E-01  7.4823000E-06  5.2581000E-01
 7.4000000E+01  6.8210000E-02 -8.5841000E-01  9.9981000E-01  5.1259000E-01  7.5587000E-06  5.1253000E-01
 7.4500000E+01  6.7752000E-02 -8.6632000E-01  9.9981000E-01  4.9910000E-01  7.6339000E-06  4.9904000E-01
 7.5000000E+01  6.7305000E-02 -8.7407000E-01  9.9981000E-01  4.8540000E-01  7.7077000E-06  4.8534000E-01
 7.5500000E+01  6.6867000E-02 -8.8165000E-01  9.9980000E-01  4.7149000E-01  7.7802000E-06  4.7143000E-01
 7.6000000E+01  6.6439000E-02 -8.8905000E-01  9.9980000E-01  4.5737000E-01  7.8512000E-06  4.5732000E-01
 7.6500000E+01  6.6021000E-02 -8.9628000E-01  9.9980000E-01  4.4305000E-01  7.9206000E-06  4.4299000E-01
 7.7000000E+01  6.5612000E-02 -9.0331000E-01  9.9980000E-01  4.2853000E-01  7.9885000E-06  4.2847000E-01
 7.7500000E+01  6.5214000E-02 -9.1014000E-01  9.9980000E-01  4.1381000E-01  8.0548000E-06  4.1376000E-01
 7.8000000E+01  6.4825000E-02 -9.1677000E-01  9.9980000E-01  3.9890000E-01  8.1193000E-06  3.9886000E-01
 7.8500000E+01  6.4446000E-02 -9.2319000E-01  9.9980000E-01  3.8381000E-01  8.1820000E-06  3.8376000E-01
 7.9000000E+01  6.4077000E-02 -9.2939000E-01  9.9980000E-01  3.6854000E-01  8.2429000E-06  3.6849000E-01
 7.9500000E+01  6.3718000E-02 -9.3537000E-01  9.9980000E-01  3.5309000E-01  8.3018000E-06  3.5305000E-01
 8.0000000E+01  6.3369000E-02 -9.4112000E-01  9.9979000E-01  3.3747000E-01  8.3588000E-06  3.3743000E-01
 8.0500000E+01  6.3030000E-02 -9.4663000E-01  9.9979000E-01  3.2169000E-01  8.4138000E-06  3.2165000E-01
 8.1000000E+01  6.2701000E-02 -9.5189000E-01  9.9979000E-01  3.0575000E-01  8.4667000E-06  3.0571000E-01
 8.1500000E+01  6.2381000E-02 -9.5691000E-01  9.9979000E-01  2.8966000E-01  8.5174000E-06  2.8963000E-01
 8.2000000E+01  6.2072000E-02 -9.6167000E-01  9.9979000E-01  2.7343000E-01  8.5659000E-06  2.7339000E-01
 8.2500000E+01  6.1772000E-02 -9.6618000E-01  9.9979000E-01  2.5706000E-01  8.6122000E-06  2.5703000E-01
 8.3000000E+01  6.1483000E-02 -9.7042000E-01  9.9979000E-01  2.4056000E-01  8.6562000E-06  2.4053000E-01
 8.3500000E+01  6.1203000E-02 -9.7439000E-01  9.9979000E-01  2.2394000E-01  8.6978000E-06  2.2391000E-01
 8.4000000E+01  6.0933000E-02 -9.7808000E-01  9.9979000E-01  2.0720000E-01  8.7370000E-06  2.0717000E-01
 8.4500000E+01  6.0673000E-02 -9.8150000E-01  9.9979000E-01  1.9036000E-01  8.7738000E-06  1.9033000E-01
 8.5000000E+01  6.0422000E-02 -9.8463000E-01  9.9979000E-01  1.7341000E-01  8.8081000E-06  1.7339000E-01
 8.5500000E+01  6.0182000E-02 -9.8748000E-01  9.9979000E-01  1.5638000E-01  8.8398000E-06  1.5635000E-01
 8.6000000E+01  5.9951000E-02 -9.9004000E-01  9.9979000E-01  1.3926000E-01  8.8690000E-06  1.3924000E-01
 8.6500000E+01  5.9730000E-02 -9.9230000E-01  9.9978000E-01  1.2208000E-01  8.8956000E-06  1.2206000E-01
 8.7000000E+01  5.9518000E-02 -9.9427000E-01  9.9978000E-01  1.0482000E-01  8.9196000E-06  1.0480000E-01
 8.7500000E+01  5.9316000E-02 -9.9594000E-01  9.9978000E-01  8.7517000E-02  8.9410000E-06  8.7499000E-02
 8.8000000E+01  5.9124000E-02 -9.9732000E-01  9.9978000E-01  7.0163000E-02  8.9596000E-06  7.0147000E-02
 8.8500000E+01  5.8941000E-02 -9.9839000E-01  9.9978000E-01  5.2771000E-02  8.9756000E-06  5.2757000E-02
 8.9000000E+01  5.8768000E-02 -9.9916000E-01  9.9978000E-01  3.5352000E-02  8.9889000E-06  3.5340000E-02
 8.9500000E+01  5.8604000E-02 -9.9962000E-01  9.9978000E-01  1.7914000E-02  8.9994000E-06  1.7904000E-02
 9.0000000E+01  5.8449000E-02 -9.9978000E-01  9.9978000E-01  4.6608000E-04  9.0072000E-06  4.5765000E-04
 9.0500000E+01  5.8304000E-02 -9.9964000E-01  9.9978000E-01 -1.6982000E-02  9.0123000E-06 -1.6989000E-02
 9.1000000E+01  5.8168000E-02 -9.9919000E-01  9.9978000E-01 -3.4421000E-02  9.0146000E-06 -3.4426000E-02
 9.1500000E+01  5.8041000E-02 -9.9843000E-01  9.9978000E-01 -5.1842000E-02  9.0141000E-06 -5.1844000E-02
 9.2000000E+01  5.7924000E-02 -9.9738000E-01  9.9978000E-01 -6.9235000E-02  9.0109000E-06 -6.9236000E-02
 9.2500000E+01  5.7815000E-02 -9.9602000E-01  9.9978000E-01 -8.6591000E-02  9.0050000E-06 -8.6590000E-02
 9.3000000E+01  5.7715000E-02 -9.9437000E-01  9.9978000E-01 -1.0390000E-01  8.9964000E-06 -1.0390000E-01
 9.3500000E+01  5.7625000E-02 -9.9241000E-01  9.9978000E-01 -1.2116000E-01  8.9850000E-06 -1.2115000E-01
 9.4000000E+01  5.7543000E-02 -9.9016000E-01  9.9978000E-01 -1.3835000E-01  8.9709000E-06 -1.3834000E-01
 9.4500000E+01  5.7470000E-02 -9.8762000E-01  9.9978000E-01 -1.5547000E-01  8.9541000E-06 -1.5546000E-01
 9.5000000E+01  5.7405000E-02 -9.8478000E-01  9.9978000E-01 -1.7251000E-01  8.9347000E-06 -1.7250000E-01
 9.5500000E+01  5.7350000E-02 -9.8166000E-01  9.9978000E-01 -1.8946000E-01  8.9126000E-06 -1.8944000E-01
 9.6000000E+01  5.7303000E-02 -9.7826000E-01  9.9978000E-01 -2.0631000E-01  8.8880000E-06 -2.0629000E-01
 9.6500000E+01  5.7264000E-02 -9.7458000E-01  9.9978000E-01 -2.2305000E-01  8.8607000E-06 -2.2303000E-01
 9.7000000E+01  5.7233000E-02 -9.7062000E-01  9.9978000E-01 -2.3968000E-01  8.8309000E-06 -2.3966000E-01
 9.7500000E+01  5.7211000E-02 -9.6640000E-01  9.9978000E-01 -2.5619000E-01  8.7986000E-06 -2.5617000E-01
 9.8000000E+01  5.7197000E-02 -9.6191000E-01  9.9978000E-01 -2.7257000E-01  8.7638000E-06 -2.7254000E-01
 9.8500000E+01  5.7192000E-02 -9.5716000E-01  9.9978000E-01 -2.8881000E-01  8.7266000E-06 -2.8878000E-01
 9.9000000E+01  5.7194000E-02 -9.5215000E-01  9.9978000E-01 -3.0491000E-01  8.6870000E-06 -3.0488000E-01
 9.9500000E+01  5.7204000E-02 -9.4690000E-01  9.9978000E-01 -3.2085000E-01  8.6451000E-06 -3.2083000E-01
 1.0000000E+02  5.7222000E-02 -9.4140000E-01  9.9978000E-01 -3.3664000E-01  8.6009000E-06 -3.3661000E-01
 1.0050000E+02  5.7248000E-02 -9.3566000E-01  9.9978000E-01 -3.5227000E-01  8.5544000E-06 -3.5224000E-01
 1.0100000E+02  5.7281000E-02 -9.2970000E-01  9.9978000E-01 -3.6773000E-01  8.5058000E-06 -3.6770000E-01
 1.0150000E+02  5.7322000E-02 -9.2351000E-01  9.9978000E-01 -3.8301000E-01  8.4550000E-06 -3.8298000E-01
 1.0200000E+02  5.7370000E-02 -9.1710000E-01  9.9978000E-01 -3.9811000E-01  8.4021000E-06 -3.9808000E-01
 1.0250000E+02  5.7426000E-02 -9.1048000E-01  9.9978000E-01 -4.1303000E-01  8.3473000E-06 -4.1299000E-01
 1.0300000E+02  5.7489000E-02 -9.0365000E-01  9.9978000E-01 -4.2776000E-01  8.2904000E-06 -4.2772000E-01
 1.0350000E+02  5.7559000E-02 -8.9663000E-01  9.9978000E-01 -4.4229000E-01  8.2317000E-06 -4.4225000E-01
 1.0400000E+02  5.7636000E-02 -8.8942000E-01  9.9978000E-01 -4.5663000E-01  8.1711000E-06 -4.5658000E-01
 1.0450000E+02  5.7720000E-02 -8.8202000E-01  9.9978000E-01 -4.7076000E-01  8.1088000E-06 -4.7071000E-01
 1.0500000E+02  5.7810000E-02 -8.7444000E-01  9.9978000E-01 -4.8468000E-01  8.0447000E-06 -4.8463000E-01
 1.0550000E+02  5.7908000E-02 -8.6670000E-01  9.9979000E-01 -4.9839000E-01  7.9789000E-06 -4.9835000E-01
 1.0600000E+02  5.8012000E-02 -8.5880000E-01  9.9979000E-01 -5.1190000E-01  7.9116000E-06 -5.1185000E-01
 1.0650000E+02  5.8122000E-02 -8.5074000E-01  9.9979000E-01 -5.2518000E-01  7.8428000E-06 -5.2513000E-01
 1.0700000E+02  5.8239000E-02 -8.4253000E-01  9.9979000E-01 -5.3825000E-01  7.7725000E-06 -5.3820000E-01
 1.0750000E+02  5.8362000E-02 -8.3418000E-01  9.9979000E-01 -5.5110000E-01  7.7008000E-06 -5.5104000E-01
 1.0800000E+02  5.8492000E-02 -8.2570000E-01  9.9979000E-01 -5.6373000E-01  7.6277000E-06 -5.6367000E-01
 1.0850000E+02  5.8627000E-02 -8.1710000E-01  9.9979000E-01 -5.7613000E-01  7.5534000E-06 -5.7607000E-01
 1.0900000E+02  5.8768000E-02 -8.0838000E-01  9.9979000E-01 -5.8831000E-01  7.4779000E-06 -5.8825000E-01
 1.0950000E+02  5.8915000E-02 -7.9954000E-01  9.9979000E-01 -6.0026000E-01  7.4013000E-06 -6.0020000E-01
 1.1000000E+02  5.9068000E-02 -7.9060000E-01  9.9979000E-01 -6.1199000E-01  7.3235000E-06 -6.1192000E-01
 1.1050000E+02  5.9226000E-02 -7.8157000E-01  9.9979000E-01 -6.2348000E-01  7.2448000E-06 -6.2342000E-01
 1.1100000E+02  5.9390000E-02 -7.7244000E-01  9.9979000E-01 -6.3476000E-01  7.1651000E-06 -6.3469000E-01
 1.1150000E+02  5.9559000E-02 -7.6324000E-01  9.9979000E-01 -6.4580000E-01  7.0845000E-06 -6.4573000E-01
 1.1200000E+02  5.9734000E-02 -7.5395000E-01  9.9979000E-01 -6.5662000E-01  7.0031000E-06 -6.5655000E-01
 1.1250000E+02  5.9913000E-02 -7.4460000E-01  9.9979000E-01 -6.6721000E-01  6.9210000E-06 -6.6714000E-01
 1.1300000E+02  6.0097000E-02 -7.3518000E-01  9.9980000E-01 -6.7757000E-01  6.8381000E-06 -6.7750000E-01
 1.1350000E+02  6.0287000E-02 -7.2571000E-01  9.9980000E-01 -6.8771000E-01  6.7546000E-06 -6.8763000E-01
 1.1400000E+02  6.0481000E-02 -7.1618000E-01  9.9980000E-01 -6.9762000E-01  6.6705000E-06 -6.9755000E-01
 1.1450000E+02  6.0679000E-02 -7.0661000E-01  9.9980000E-01 -7.0731000E-01  6.5859000E-06 -7.0724000E-01
 1.1500000E+02  6.0883000E-02 -6.9701000E-01  9.9980000E-01 -7.1678000E-01  6.5007000E-06 -7.1670000E-01
 1.1550000E+02  6.1090000E-02 -6.8737000E-01  9.9980000E-01 -7.2603000E-01  6.4152000E-06 -7.2595000E-01
 1.1600000E+02  6.1302000E-02 -6.7771000E-01  9.9980000E-01 -7.3506000E-01  6.3293000E-06 -7.3498000E-01
 1.1650000E+02  6.1518000E-02 -6.6802000E-01  9.9980000E-01 -7.4387000E-01  6.2431000E-06 -7.4379000E-01
 1.1700000E+02  6.1738000E-02 -6.5832000E-01  9.9980000E-01 -7.5247000E-01  6.1566000E-06 -7.5239000E-01
 1.1750000E+02  6.1962000E-02 -6.4861000E-01  9.9980000E-01 -7.6086000E-01  6.0699000E-06 -7.6077000E-01
 1.1800000E+02  6.2190000E-02 -6.3890000E-01  9.9980000E-01 -7.6903000E-01  5.9831000E-06 -7.6895000E-01
 1.1850000E+02  6.2421000E-02 -6.2919000E-01  9.9981000E-01 -7.7700000E-01  5.8961000E-06 -7.7691000E-01
 1.1900000E+02  6.2656000E-02 -6.1948000E-01  9.9981000E-01 -7.8476000E-01  5.8090000E-06 -7.8468000E-01
 1.1950000E+02  6.2895000E-02 -6.0978000E-01  9.9981000E-01 -7.9232000E-01  5.7219000E-06 -7.9223000E-01
 1.2000000E+02  6.3136000E-02 -6.0010000E-01  9.9981000E-01 -7.9968000E-01  5.6349000E-06 -7.9959000E-01
 1.2050000E+02  6.3381000E-02 -5.9044000E-01  9.9981000E-01 -8.0684000E-01  5.5479000E-06 -8.0675000E-01
 1.2100000E+02  6.3629000E-02 -5.8080000E-01  9.9981000E-01 -8.1381000E-01  5.4610000E-06 -8.1372000E-01
 1.2150000E+02  6.3881000E-02 -5.7119000E-01  9.9981000E-01 -8.2059000E-01  5.3742000E-06 -8.2049000E-01
 1.2200000E+02  6.4134000E-02 -5.6161000E-01  9.9981000E-01 -8.2717000E-01  5.2876000E-06 -8.2708000E-01
 1.2250000E+02  6.4391000E-02 -5.5207000E-01  9.9981000E-01 -8.3357000E-01  5.2012000E-06 -8.3348000E-01
 1.2300000E+02  6.4650000E-02 -5.4256000E-01  9.9981000E-01 -8.3979000E-01  5.1151000E-06 -8.3970000E-01
 1.2350000E+02  6.4912000E-02 -5.3310000E-01  9.9981000E-01 -8.4583000E-01  5.0292000E-06 -8.4573000E-01
 1.2400000E+02  6.5176000E-02 -5.2369000E-01  9.9981000E-01 -8.5169000E-01  4.9436000E-06 -8.5160000E-01
 1.2450000E+02  6.5443000E-02 -5.1432000E-01  9.9982000E-01 -8.5738000E-01  4.8584000E-06 -8.5728000E-01
 1.2500000E+02  6.5711000E-02 -5.0501000E-01  9.9982000E-01 -8.6290000E-01  4.7736000E-06 -8.6280000E-01
 1.2550000E+02  6.5982000E-02 -4.9575000E-01  9.9982000E-01 -8.6826000E-01  4.6892000E-06 -8.6816000E-01
 1.2600000E+02  6.6254000E-02 -4.8655000E-01  9.9982000E-01 -8.7345000E-01  4.6052000E-06 -8.7334000E-01
 1.2650000E+02  6.6529000E-02 -4.7741000E-01  9.9982000E-01 -8.7847000E-01  4.5217000E-06 -8.7837000E-01
 1.2700000E+02  6.6805000E-02 -4.6833000E-01  9.9982000E-01 -8.8335000E-01  4.4386000E-06 -8.8324000E-01
 1.2750000E+02  6.7082000E-02 -4.5933000E-01  9.9982000E-01 -8.8807000E-01  4.3561000E-06 -8.8796000E-01
 1.2800000E+02  6.7362000E-02 -4.5038000E-01  9.9982000E-01 -8.9263000E-01  4.2741000E-06 -8.9253000E-01
 1.2850000E+02  6.7642000E-02 -4.4151000E-01  9.9982000E-01 -8.9706000E-01  4.1926000E-06 -8.9695000E-01
 1.2900000E+02  6.7924000E-02 -4.3272000E-01  9.9982000E-01 -9.0133000E-01  4.1117000E-06 -9.0123000E-01
 1.2950000E+02  6.8207000E-02 -4.2399000E-01  9.9982000E-01 -9.0547000E-01  4.0315000E-06 -9.0536000E-01
 1.3000000E+02  6.8491000E-02 -4.1535000E-01  9.9983000E-01 -9.0947000E-01  3.9518000E-06 -9.0936000E-01
 1.3050000E+02  6.8775000E-02 -4.0678000E-01  9.9983000E-01 -9.1334000E-01  3.8728000E-06 -9.1323000E-01
 1.3100000E+02  6.9061000E-02 -3.9829000E-01  9.9983000E-01 -9.1707000E-01  3.7944000E-06 -9.1696000E-01
 1.3150000E+02  6.9347000E-02 -3.8988000E-01  9.9983000E-01 -9.2068000E-01  3.7166000E-06 -9.2057000E-01
 1.3200000E+02  6.9634000E-02 -3.8156000E-01  9.9983000E-01 -9.2416000E-01  3.6396000E-06 -9.2405000E-01
 1.3250000E+02  6.9922000E-02 -3.7332000E-01  9.9983000E-01 -9.2752000E-01  3.5633000E-06 -9.2741000E-01
 1.3300000E+02  7.0210000E-02 -3.6516000E-01  9.9983000E-01 -9.3076000E-01  3.4876000E-06 -9.3065000E-01
 1.3350000E+02  7.0498000E-02 -3.5709000E-01  9.9983000E-01 -9.3389000E-01  3.4127000E-06 -9.3378000E-01
 1.3400000E+02  7.0786000E-02 -3.4911000E-01  9.9983000E-01 -9.3690000E-01  3.3385000E-06 -9.3679000E-01
 1.3450000E+02  7.1075000E-02 -3.4122000E-01  9.9983000E-01 -9.3981000E-01  3.2651000E-06 -9.3969000E-01
 1.3500000E+02  7.1363000E-02 -3.3342000E-01  9.9983000E-01 -9.4260000E-01  3.1924000E-06 -9.4249000E-01
 1.3550000E+02  7.1651000E-02 -3.2570000E-01  9.9983000E-01 -9.4530000E-01  3.1205000E-06 -9.4518000E-01
 1.3600000E+02  7.1940000E-02 -3.1808000E-01  9.9984000E-01 -9.4789000E-01  3.0493000E-06 -9.4777000E-01
 1.3650000E+02  7.2227000E-02 -3.1055000E-01  9.9984000E-01 -9.5038000E-01  2.9789000E-06 -9.5027000E-01
 1.3700000E+02  7.2515000E-02 -3.0311000E-01  9.9984000E-01 -9.5278000E-01  2.9094000E-06 -9.5267000E-01
 1.3750000E+02  7.2802000E-02 -2.9577000E-01  9.9984000E-01 -9.5509000E-01  2.8406000E-06 -9.5497000E-01
 1.3800000E+02  7.3088000E-02 -2.8851000E-01  9.9984000E-01 -9.5731000E-01  2.7726000E-06 -9.5719000E-01
 1.3850000E+02  7.3373000E-02 -2.8136000E-01  9.9984000E-01 -9.5944000E-01  2.7054000E-06 -9.5932000E-01
 1.3900000E+02  7.3658000E-02 -2.7429000E-01  9.9984000E-01 -9.6148000E-01  2.6391000E-06 -9.6136000E-01
 1.3950000E+02  7.3942000E-02 -2.6732000E-01  9.9984000E-01 -9.6344000E-01  2.5735000E-06 -9.6332000E-01
 1.4000000E+02  7.4225000E-02 -2.6045000E-01  9.9984000E-01 -9.6532000E-01  2.5088000E-06 -9.6520000E-01
 1.4050000E+02  7.4507000E-02 -2.5367000E-01  9.9984000E-01 -9.6713000E-01  2.4450000E-06 -9.6701000E-01
 1.4100000E+02  7.4787000E-02 -2.4698000E-01  9.9984000E-01 -9.6886000E-01  2.3819000E-06 -9.6874000E-01
 1.4150000E+02  7.5067000E-02 -2.4039000E-01  9.9984000E-01 -9.7051000E-01  2.3197000E-06 -9.7039000E-01
 1.4200000E+02  7.5345000E-02 -2.3390000E-01  9.9984000E-01 -9.7210000E-01  2.2583000E-06 -9.7198000E-01
 1.4250000E+02  7.5621000E-02 -2.2750000E-01  9.9984000E-01 -9.7362000E-01  2.1978000E-06 -9.7350000E-01
 1.4300000E+02  7.5896000E-02 -2.2119000E-01  9.9984000E-01 -9.7507000E-01  2.1381000E-06 -9.7495000E-01
 1.4350000E+02  7.6170000E-02 -2.1499000E-01  9.9985000E-01 -9.7646000E-01  2.0793000E-06 -9.7634000E-01
 1.4400000E+02  7.6442000E-02 -2.0887000E-01  9.9985000E-01 -9.7779000E-01  2.0213000E-06 -9.7766000E-01
 1.4450000E+02  7.6712000E-02 -2.0286000E-01  9.9985000E-01 -9.7905000E-01  1.9641000E-06 -9.7893000E-01
 1.4500000E+02  7.6980000E-02 -1.9693000E-01  9.9985000E-01 -9.8026000E-01  1.9078000E-06 -9.8014000E-01
 1.4550000E+02  7.7246000E-02 -1.9111000E-01  9.9985000E-01 -9.8141000E-01  1.8524000E-06 -9.8129000E-01
 1.4600000E+02  7.7510000E-02 -1.8537000E-01  9.9985000E-01 -9.8251000E-01  1.7978000E-06 -9.8239000E-01
 1.4650000E+02  7.7773000E-02 -1.7973000E-01  9.9985000E-01 -9.8356000E-01  1.7440000E-06 -9.8344000E-01
 1.4700000E+02  7.8033000E-02 -1.7419000E-01  9.9985000E-01 -9.8456000E-01  1.6911000E-06 -9.8444000E-01
 1.4750000E+02  7.8290000E-02 -1.6874000E-01  9.9985000E-01 -9.8551000E-01  1.6391000E-06 -9.8538000E-01
 1.4800000E+02  7.8546000E-02 -1.6338000E-01  9.9985000E-01 -9.8641000E-01  1.5879000E-06 -9.8629000E-01
 1.4850000E+02  7.8799000E-02 -1.5812000E-01  9.9985000E-01 -9.8727000E-01  1.5375000E-06 -9.8714000E-01
 1.4900000E+02  7.9049000E-02 -1.5295000E-01  9.9985000E-01 -9.8808000E-01  1.4880000E-06 -9.8796000E-01
 1.4950000E+02  7.9297000E-02 -1.4788000E-01  9.9985000E-01 -9.8886000E-01  1.4394000E-06 -9.8873000E-01
 1.5000000E+02  7.9543000E-02 -1.4290000E-01  9.9985000E-01 -9.8959000E-01  1.3916000E-06 -9.8946000E-01
 1.5050000E+02  7.9786000E-02 -1.3800000E-01  9.9985000E-01 -9.9028000E-01  1.3446000E-06 -9.9016000E-01
 1.5100000E+02  8.0026000E-02 -1.3321000E-01  9.9985000E-01 -9.9094000E-01  1.2985000E-06 -9.9081000E-01
 1.5150000E+02  8.0263000E-02 -1.2850000E-01  9.9985000E-01 -9.9156000E-01  1.2532000E-06 -9.9144000E-01
 1.5200000E+02  8.0497000E-02 -1.2388000E-01  9.9985000E-01 -9.9215000E-01  1.2087000E-06 -9.9202000E-01
 1.5250000E+02  8.0728000E-02 -1.1936000E-01  9.9986000E-01 -9.9271000E-01  1.1651000E-06 -9.9258000E-01
 1.5300000E+02  8.0957000E-02 -1.1492000E-01  9.9986000E-01 -9.9323000E-01  1.1224000E-06 -9.9310000E-01
 1.5350000E+02  8.1182000E-02 -1.1058000E-01  9.9986000E-01 -9.9372000E-01  1.0804000E-06 -9.9360000E-01
 1.5400000E+02  8.1404000E-02 -1.0633000E-01  9.9986000E-01 -9.9419000E-01  1.0393000E-06 -9.9406000E-01
 1.5450000E+02  8.1623000E-02 -1.0216000E-01  9.9986000E-01 -9.9462000E-01  9.9908000E-07 -9.9450000E-01
 1.5500000E+02  8.1839000E-02 -9.8086000E-02  9.9986000E-01 -9.9503000E-01  9.5964000E-07 -9.9491000E-01
 1.5550000E+02  8.2051000E-02 -9.4099000E-02  9.9986000E-01 -9.9542000E-01  9.2103000E-07 -9.9529000E-01
 1.5600000E+02  8.2260000E-02 -9.0201000E-02  9.9986000E-01 -9.9578000E-01  8.8324000E-07 -9.9565000E-01
 1.5650000E+02  8.2466000E-02 -8.6390000E-02  9.9986000E-01 -9.9612000E-01  8.4627000E-07 -9.9599000E-01
 1.5700000E+02  8.2668000E-02 -8.2666000E-02  9.9986000E-01 -9.9644000E-01  8.1013000E-07 -9.9631000E-01
 1.5750000E+02  8.2866000E-02 -7.9030000E-02  9.9986000E-01 -9.9673000E-01  7.7480000E-07 -9.9660000E-01
 1.5800000E+02  8.3061000E-02 -7.5480000E-02  9.9986000E-01 -9.9701000E-01  7.4029000E-07 -9.9688000E-01
 1.5850000E+02  8.3253000E-02 -7.2016000E-02  9.9986000E-01 -9.9726000E-01  7.0659000E-07 -9.9713000E-01
 1.5900000E+02  8.3440000E-02 -6.8638000E-02  9.9986000E-01 -9.9750000E-01  6.7371000E-07 -9.9737000E-01
 1.5950000E+02  8.3624000E-02 -6.5346000E-02  9.9986000E-01 -9.9772000E-01  6.4163000E-07 -9.9759000E-01
 1.6000000E+02  8.3804000E-02 -6.2139000E-02  9.9986000E-01 -9.9793000E-01  6.1036000E-07 -9.9780000E-01
 1.6050000E+02  8.3981000E-02 -5.9016000E-02  9.9986000E-01 -9.9812000E-01  5.7989000E-07 -9.9799000E-01
 1.6100000E+02  8.4153000E-02 -5.5978000E-02  9.9986000E-01 -9.9829000E-01  5.5023000E-07 -9.9816000E-01
 1.6150000E+02  8.4321000E-02 -5.3024000E-02  9.9986000E-01 -9.9846000E-01  5.2137000E-07 -9.9833000E-01
 1.6200000E+02  8.4486000E-02 -5.0153000E-02  9.9986000E-01 -9.9860000E-01  4.9331000E-07 -9.9847000E-01
 1.6250000E+02  8.4646000E-02 -4.7365000E-02  9.9986000E-01 -9.9874000E-01  4.6604000E-07 -9.9861000E-01
 1.6300000E+02  8.4803000E-02 -4.4661000E-02  9.9986000E-01 -9.9887000E-01  4.3957000E-07 -9.9874000E-01
 1.6350000E+02  8.4955000E-02 -4.2039000E-02  9.9986000E-01 -9.9898000E-01  4.1389000E-07 -9.9885000E-01
 1.6400000E+02  8.5103000E-02 -3.9499000E-02  9.9986000E-01 -9.9908000E-01  3.8899000E-07 -9.9895000E-01
 1.6450000E+02  8.5247000E-02 -3.7040000E-02  9.9986000E-01 -9.9918000E-01  3.6489000E-07 -9.9905000E-01
 1.6500000E+02  8.5387000E-02 -3.4664000E-02  9.9986000E-01 -9.9926000E-01  3.4157000E-07 -9.9913000E-01
 1.6550000E+02  8.5523000E-02 -3.2368000E-02  9.9986000E-01 -9.9934000E-01  3.1904000E-07 -9.9921000E-01
 1.6600000E+02  8.5654000E-02 -3.0153000E-02  9.9986000E-01 -9.9941000E-01  2.9729000E-07 -9.9928000E-01
 1.6650000E+02  8.5781000E-02 -2.8019000E-02  9.9987000E-01 -9.9947000E-01  2.7632000E-07 -9.9934000E-01
 1.6700000E+02  8.5904000E-02 -2.5965000E-02  9.9987000E-01 -9.9953000E-01  2.5613000E-07 -9.9940000E-01
 1.6750000E+02  8.6022000E-02 -2.3991000E-02  9.9987000E-01 -9.9958000E-01  2.3671000E-07 -9.9945000E-01
 1.6800000E+02  8.6136000E-02 -2.2097000E-02  9.9987000E-01 -9.9962000E-01  2.1807000E-07 -9.9949000E-01
 1.6850000E+02  8.6245000E-02 -2.0282000E-02  9.9987000E-01 -9.9966000E-01  2.0021000E-07 -9.9953000E-01
 1.6900000E+02  8.6350000E-02 -1.8546000E-02  9.9987000E-01 -9.9969000E-01  1.8311000E-07 -9.9956000E-01
 1.6950000E+02  8.6451000E-02 -1.6890000E-02  9.9987000E-01 -9.9972000E-01  1.6679000E-07 -9.9959000E-01
 1.7000000E+02  8.6547000E-02 -1.5312000E-02  9.9987000E-01 -9.9975000E-01  1.5124000E-07 -9.9962000E-01
 1.7050000E+02  8.6638000E-02 -1.3812000E-02  9.9987000E-01 -9.9977000E-01  1.3645000E-07 -9.9964000E-01
 1.7100000E+02  8.6725000E-02 -1.2391000E-02  9.9987000E-01 -9.9979000E-01  1.2243000E-07 -9.9966000E-01
 1.7150000E+02  8.6807000E-02 -1.1047000E-02  9.9987000E-01 -9.9981000E-01  1.0917000E-07 -9.9967000E-01
 1.7200000E+02  8.6885000E-02 -9.7818000E-03  9.9987000E-01 -9.9982000E-01  9.6683000E-08 -9.9969000E-01
 1.7250000E+02  8.6958000E-02 -8.5940000E-03  9.9987000E-01 -9.9983000E-01  8.4955000E-08 -9.9970000E-01
 1.7300000E+02  8.7027000E-02 -7.4836000E-03  9.9987000E-01 -9.9984000E-01  7.3988000E-08 -9.9971000E-01
 1.7350000E+02  8.7090000E-02 -6.4505000E-03  9.9987000E-01 -9.9985000E-01  6.3783000E-08 -9.9971000E-01
 1.7400000E+02  8.7150000E-02 -5.4945000E-03  9.9987000E-01 -9.9985000E-01  5.4337000E-08 -9.9972000E-01
 1.7450000E+02  8.7204000E-02 -4.6156000E-03  9.9987000E-01 -9.9986000E-01  4.5650000E-08 -9.9973000E-01
 1.7500000E+02  8.7254000E-02 -3.8135000E-03  9.9987000E-01 -9.9986000E-01  3.7721000E-08 -9.9973000E-01
 1.7550000E+02  8.7299000E-02 -3.0882000E-03  9.9987000E-01 -9.9986000E-01  3.0549000E-08 -9.9973000E-01
 1.7600000E+02  8.7339000E-02 -2.4396000E-03  9.9987000E-01 -9.9986000E-01  2.4135000E-08 -9.9973000E-01
 1.7650000E+02  8.7375000E-02 -1.8674000E-03  9.9987000E-01 -9.9987000E-01  1.8476000E-08 -9.9973000E-01
 1.7700000E+02  8.7406000E-02 -1.3718000E-03  9.9987000E-01 -9.9987000E-01  1.3573000E-08 -9.9973000E-01
 1.7750000E+02  8.7432000E-02 -9.5248000E-04  9.9987000E-01 -9.9987000E-01  9.4247000E-09 -9.9974000E-01
 1.7800000E+02  8.7453000E-02 -6.0952000E-04  9.9987000E-01 -9.9987000E-01  6.0314000E-09 -9.9974000E-01
 1.7850000E+02  8.7470000E-02 -3.4282000E-04  9.9987000E-01 -9.9987000E-01  3.3924000E-09 -9.9974000E-01
 1.7900000E+02  8.7482000E-02 -1.5235000E-04  9.9987000E-01 -9.9987000E-01  1.5077000E-09 -9.9974000E-01
 1.7950000E+02  8.7489000E-02 -3.8087000E-05  9.9987000E-01 -9.9987000E-01  3.7691000E-10 -9.9974000E-01
 1.8000000E+02  8.7492000E-02 -3.7757000E-15  9.9987000E-01 -9.9987000E-01  3.7365000E-20 -9.9974000E-01
