length scale factor
7.2717000E-02
volume cluster radius, area mean sphere radius, circumscribing radius, cross section radius
1.4644164E+00 7.2644283E-02 4.9455132E+00 1.4644164E+00
total extinction, absorption, scattering efficiencies (unpolarized incidence)
6.3057000E-01 1.7120000E-02 6.1345000E-01
theta     11          12          22          33          34          44
0.000000 1.0422000E+00 0.0000000E+00 9.9997000E-01 9.9997000E-01 0.0000000E+00 9.9994000E-01
0.500000 1.0420000E+00 -3.5069000E-05 9.9997000E-01 9.9997000E-01 2.4625000E-06 9.9994000E-01
1.000000 1.0412000E+00 -1.4028000E-04 9.9997000E-01 9.9997000E-01 9.8520000E-06 9.9994000E-01
1.500000 1.0399000E+00 -3.1565000E-04 9.9997000E-01 9.9997000E-01 2.2175000E-05 9.9994000E-01
2.000000 1.0381000E+00 -5.6119000E-04 9.9997000E-01 9.9997000E-01 3.9443000E-05 9.9994000E-01
2.500000 1.0358000E+00 -8.7694000E-04 9.9997000E-01 9.9997000E-01 6.1671000E-05 9.9994000E-01
3.000000 1.0329000E+00 -1.2629000E-03 9.9997000E-01 9.9997000E-01 8.8878000E-05 9.9994000E-01
3.500000 1.0296000E+00 -1.7192000E-03 9.9997000E-01 9.9997000E-01 1.2109000E-04 9.9994000E-01
4.000000 1.0257000E+00 -2.2458000E-03 9.9997000E-01 9.9997000E-01 1.5833000E-04 9.9994000E-01
4.500000 1.0214000E+00 -2.8429000E-03 9.9997000E-01 9.9997000E-01 2.0064000E-04 9.9994000E-01
5.000000 1.0165000E+00 -3.5104000E-03 9.9997000E-01 9.9996000E-01 2.4805000E-04 9.9993000E-01
5.500000 1.0112000E+00 -4.2485000E-03 9.9997000E-01 9.9996000E-01 3.0060000E-04 9.9993000E-01
6.000000 1.0054000E+00 -5.0572000E-03 9.9997000E-01 9.9996000E-01 3.5835000E-04 9.9993000E-01
6.500000 9.9914000E-01 -5.9366000E-03 9.9997000E-01 9.9995000E-01 4.2134000E-04 9.9992000E-01
7.000000 9.9242000E-01 -6.8869000E-03 9.9997000E-01 9.9994000E-01 4.8962000E-04 9.9991000E-01
7.500000 9.8525000E-01 -7.9082000E-03 9.9997000E-01 9.9994000E-01 5.6327000E-04 9.9991000E-01
8.000000 9.7765000E-01 -9.0005000E-03 9.9997000E-01 9.9993000E-01 6.4233000E-04 9.9990000E-01
8.500000 9.6962000E-01 -1.0164000E-02 9.9997000E-01 9.9992000E-01 7.2690000E-04 9.9989000E-01
9.000000 9.6117000E-01 -1.1399000E-02 9.9997000E-01 9.9990000E-01 8.1703000E-04 9.9987000E-01
9.500000 9.5231000E-01 -1.2705000E-02 9.9997000E-01 9.9989000E-01 9.1281000E-04 9.9985000E-01
10.000000 9.4307000E-01 -1.4083000E-02 9.9997000E-01 9.9987000E-01 1.0143000E-03 9.9984000E-01
10.500000 9.3345000E-01 -1.5533000E-02 9.9997000E-01 9.9984000E-01 1.1217000E-03 9.9981000E-01
11.000000 9.2346000E-01 -1.7055000E-02 9.9997000E-01 9.9982000E-01 1.2349000E-03 9.9979000E-01
11.500000 9.1312000E-01 -1.8648000E-02 9.9996000E-01 9.9979000E-01 1.3542000E-03 9.9976000E-01
12.000000 9.0245000E-01 -2.0314000E-02 9.9996000E-01 9.9976000E-01 1.4796000E-03 9.9972000E-01
12.500000 8.9145000E-01 -2.2053000E-02 9.9996000E-01 9.9972000E-01 1.6113000E-03 9.9969000E-01
13.000000 8.8014000E-01 -2.3864000E-02 9.9996000E-01 9.9968000E-01 1.7493000E-03 9.9964000E-01
13.500000 8.6854000E-01 -2.5748000E-02 9.9996000E-01 9.9963000E-01 1.8938000E-03 9.9959000E-01
14.000000 8.5666000E-01 -2.7705000E-02 9.9996000E-01 9.9957000E-01 2.0449000E-03 9.9954000E-01
14.500000 8.4452000E-01 -2.9736000E-02 9.9996000E-01 9.9952000E-01 2.2027000E-03 9.9948000E-01
15.000000 8.3213000E-01 -3.1840000E-02 9.9996000E-01 9.9945000E-01 2.3675000E-03 9.9941000E-01
15.500000 8.1951000E-01 -3.4017000E-02 9.9996000E-01 9.9938000E-01 2.5393000E-03 9.9934000E-01
16.000000 8.0667000E-01 -3.6269000E-02 9.9996000E-01 9.9930000E-01 2.7182000E-03 9.9926000E-01
16.500000 7.9364000E-01 -3.8594000E-02 9.9996000E-01 9.9921000E-01 2.9045000E-03 9.9917000E-01
17.000000 7.8042000E-01 -4.0994000E-02 9.9996000E-01 9.9911000E-01 3.0984000E-03 9.9907000E-01
17.500000 7.6704000E-01 -4.3469000E-02 9.9995000E-01 9.9900000E-01 3.2999000E-03 9.9896000E-01
18.000000 7.5350000E-01 -4.6018000E-02 9.9995000E-01 9.9889000E-01 3.5093000E-03 9.9885000E-01
18.500000 7.3983000E-01 -4.8643000E-02 9.9995000E-01 9.9876000E-01 3.7268000E-03 9.9872000E-01
19.000000 7.2604000E-01 -5.1343000E-02 9.9995000E-01 9.9862000E-01 3.9525000E-03 9.9858000E-01
19.500000 7.1215000E-01 -5.4118000E-02 9.9995000E-01 9.9847000E-01 4.1867000E-03 9.9843000E-01
20.000000 6.9817000E-01 -5.6970000E-02 9.9995000E-01 9.9831000E-01 4.4295000E-03 9.9827000E-01
20.500000 6.8412000E-01 -5.9897000E-02 9.9995000E-01 9.9814000E-01 4.6813000E-03 9.9810000E-01
21.000000 6.7001000E-01 -6.2901000E-02 9.9994000E-01 9.9795000E-01 4.9421000E-03 9.9791000E-01
21.500000 6.5586000E-01 -6.5981000E-02 9.9994000E-01 9.9775000E-01 5.2123000E-03 9.9770000E-01
22.000000 6.4168000E-01 -6.9138000E-02 9.9994000E-01 9.9753000E-01 5.4921000E-03 9.9749000E-01
22.500000 6.2749000E-01 -7.2373000E-02 9.9994000E-01 9.9730000E-01 5.7818000E-03 9.9725000E-01
23.000000 6.1331000E-01 -7.5684000E-02 9.9994000E-01 9.9705000E-01 6.0815000E-03 9.9700000E-01
23.500000 5.9914000E-01 -7.9073000E-02 9.9993000E-01 9.9678000E-01 6.3916000E-03 9.9673000E-01
24.000000 5.8500000E-01 -8.2540000E-02 9.9993000E-01 9.9650000E-01 6.7124000E-03 9.9645000E-01
24.500000 5.7090000E-01 -8.6086000E-02 9.9993000E-01 9.9619000E-01 7.0441000E-03 9.9614000E-01
25.000000 5.5686000E-01 -8.9709000E-02 9.9993000E-01 9.9587000E-01 7.3870000E-03 9.9581000E-01
25.500000 5.4289000E-01 -9.3411000E-02 9.9993000E-01 9.9552000E-01 7.7415000E-03 9.9547000E-01
26.000000 5.2900000E-01 -9.7192000E-02 9.9992000E-01 9.9515000E-01 8.1079000E-03 9.9510000E-01
26.500000 5.1521000E-01 -1.0105000E-01 9.9992000E-01 9.9476000E-01 8.4864000E-03 9.9471000E-01
27.000000 5.0152000E-01 -1.0499000E-01 9.9992000E-01 9.9435000E-01 8.8774000E-03 9.9429000E-01
27.500000 4.8794000E-01 -1.0901000E-01 9.9991000E-01 9.9391000E-01 9.2812000E-03 9.9385000E-01
28.000000 4.7449000E-01 -1.1311000E-01 9.9991000E-01 9.9344000E-01 9.6983000E-03 9.9338000E-01
28.500000 4.6118000E-01 -1.1729000E-01 9.9991000E-01 9.9295000E-01 1.0129000E-02 9.9289000E-01
29.000000 4.4801000E-01 -1.2155000E-01 9.9990000E-01 9.9243000E-01 1.0574000E-02 9.9236000E-01
29.500000 4.3500000E-01 -1.2589000E-01 9.9990000E-01 9.9188000E-01 1.1032000E-02 9.9181000E-01
30.000000 4.2215000E-01 -1.3031000E-01 9.9990000E-01 9.9130000E-01 1.1506000E-02 9.9123000E-01
30.500000 4.0947000E-01 -1.3481000E-01 9.9989000E-01 9.9068000E-01 1.1995000E-02 9.9061000E-01
31.000000 3.9697000E-01 -1.3939000E-01 9.9989000E-01 9.9004000E-01 1.2499000E-02 9.8996000E-01
31.500000 3.8466000E-01 -1.4405000E-01 9.9988000E-01 9.8936000E-01 1.3019000E-02 9.8928000E-01
32.000000 3.7254000E-01 -1.4879000E-01 9.9988000E-01 9.8864000E-01 1.3556000E-02 9.8856000E-01
32.500000 3.6062000E-01 -1.5362000E-01 9.9987000E-01 9.8789000E-01 1.4109000E-02 9.8781000E-01
33.000000 3.4890000E-01 -1.5852000E-01 9.9987000E-01 9.8710000E-01 1.4680000E-02 9.8702000E-01
33.500000 3.3739000E-01 -1.6351000E-01 9.9986000E-01 9.8627000E-01 1.5269000E-02 9.8618000E-01
34.000000 3.2610000E-01 -1.6858000E-01 9.9986000E-01 9.8540000E-01 1.5875000E-02 9.8531000E-01
34.500000 3.1503000E-01 -1.7373000E-01 9.9985000E-01 9.8449000E-01 1.6501000E-02 9.8439000E-01
35.000000 3.0418000E-01 -1.7896000E-01 9.9984000E-01 9.8353000E-01 1.7145000E-02 9.8343000E-01
35.500000 2.9356000E-01 -1.8428000E-01 9.9984000E-01 9.8253000E-01 1.7809000E-02 9.8243000E-01
36.000000 2.8316000E-01 -1.8967000E-01 9.9983000E-01 9.8148000E-01 1.8493000E-02 9.8137000E-01
36.500000 2.7300000E-01 -1.9515000E-01 9.9982000E-01 9.8038000E-01 1.9198000E-02 9.8027000E-01
37.000000 2.6307000E-01 -2.0071000E-01 9.9981000E-01 9.7923000E-01 1.9924000E-02 9.7912000E-01
37.500000 2.5338000E-01 -2.0635000E-01 9.9980000E-01 9.7803000E-01 2.0672000E-02 9.7791000E-01
38.000000 2.4392000E-01 -2.1207000E-01 9.9979000E-01 9.7678000E-01 2.1441000E-02 9.7665000E-01
38.500000 2.3470000E-01 -2.1788000E-01 9.9978000E-01 9.7547000E-01 2.2233000E-02 9.7534000E-01
39.000000 2.2572000E-01 -2.2376000E-01 9.9977000E-01 9.7410000E-01 2.3049000E-02 9.7397000E-01
39.500000 2.1697000E-01 -2.2973000E-01 9.9976000E-01 9.7267000E-01 2.3887000E-02 9.7254000E-01
40.000000 2.0847000E-01 -2.3577000E-01 9.9975000E-01 9.7119000E-01 2.4750000E-02 9.7105000E-01
40.500000 2.0020000E-01 -2.4190000E-01 9.9974000E-01 9.6964000E-01 2.5637000E-02 9.6949000E-01
41.000000 1.9216000E-01 -2.4810000E-01 9.9972000E-01 9.6803000E-01 2.6549000E-02 9.6787000E-01
41.500000 1.8437000E-01 -2.5439000E-01 9.9971000E-01 9.6635000E-01 2.7486000E-02 9.6618000E-01
42.000000 1.7680000E-01 -2.6075000E-01 9.9970000E-01 9.6460000E-01 2.8449000E-02 9.6443000E-01
42.500000 1.6947000E-01 -2.6720000E-01 9.9968000E-01 9.6278000E-01 2.9438000E-02 9.6260000E-01
43.000000 1.6236000E-01 -2.7372000E-01 9.9966000E-01 9.6089000E-01 3.0453000E-02 9.6070000E-01
43.500000 1.5549000E-01 -2.8032000E-01 9.9965000E-01 9.5892000E-01 3.1495000E-02 9.5873000E-01
44.000000 1.4883000E-01 -2.8700000E-01 9.9963000E-01 9.5688000E-01 3.2563000E-02 9.5668000E-01
44.500000 1.4240000E-01 -2.9376000E-01 9.9961000E-01 9.5476000E-01 3.3659000E-02 9.5454000E-01
45.000000 1.3619000E-01 -3.0059000E-01 9.9959000E-01 9.5255000E-01 3.4781000E-02 9.5233000E-01
45.500000 1.3019000E-01 -3.0750000E-01 9.9957000E-01 9.5026000E-01 3.5931000E-02 9.5003000E-01
46.000000 1.2440000E-01 -3.1448000E-01 9.9954000E-01 9.4789000E-01 3.7108000E-02 9.4764000E-01
46.500000 1.1883000E-01 -3.2154000E-01 9.9952000E-01 9.4543000E-01 3.8311000E-02 9.4517000E-01
47.000000 1.1345000E-01 -3.2867000E-01 9.9949000E-01 9.4287000E-01 3.9541000E-02 9.4260000E-01
47.500000 1.0828000E-01 -3.3588000E-01 9.9946000E-01 9.4023000E-01 4.0798000E-02 9.3994000E-01
48.000000 1.0330000E-01 -3.4315000E-01 9.9943000E-01 9.3748000E-01 4.2080000E-02 9.3718000E-01
48.500000 9.8517000E-02 -3.5050000E-01 9.9940000E-01 9.3464000E-01 4.3387000E-02 9.3432000E-01
49.000000 9.3920000E-02 -3.5792000E-01 9.9937000E-01 9.3169000E-01 4.4719000E-02 9.3136000E-01
49.500000 8.9507000E-02 -3.6541000E-01 9.9933000E-01 9.2865000E-01 4.6074000E-02 9.2829000E-01
50.000000 8.5273000E-02 -3.7296000E-01 9.9930000E-01 9.2549000E-01 4.7451000E-02 9.2512000E-01
50.500000 8.1214000E-02 -3.8059000E-01 9.9926000E-01 9.2222000E-01 4.8849000E-02 9.2183000E-01
51.000000 7.7326000E-02 -3.8828000E-01 9.9922000E-01 9.1884000E-01 5.0265000E-02 9.1843000E-01
51.500000 7.3603000E-02 -3.9603000E-01 9.9917000E-01 9.1535000E-01 5.1699000E-02 9.1492000E-01
52.000000 7.0041000E-02 -4.0385000E-01 9.9913000E-01 9.1173000E-01 5.3148000E-02 9.1128000E-01
52.500000 6.6636000E-02 -4.1173000E-01 9.9908000E-01 9.0800000E-01 5.4610000E-02 9.0752000E-01
53.000000 6.3383000E-02 -4.1968000E-01 9.9902000E-01 9.0413000E-01 5.6081000E-02 9.0363000E-01
53.500000 6.0277000E-02 -4.2768000E-01 9.9897000E-01 9.0014000E-01 5.7559000E-02 8.9961000E-01
54.000000 5.7314000E-02 -4.3575000E-01 9.9891000E-01 8.9602000E-01 5.9041000E-02 8.9546000E-01
54.500000 5.4489000E-02 -4.4387000E-01 9.9885000E-01 8.9176000E-01 6.0521000E-02 8.9117000E-01
55.000000 5.1798000E-02 -4.5204000E-01 9.9878000E-01 8.8736000E-01 6.1996000E-02 8.8673000E-01
55.500000 4.9236000E-02 -4.6028000E-01 9.9871000E-01 8.8282000E-01 6.3462000E-02 8.8216000E-01
56.000000 4.6799000E-02 -4.6856000E-01 9.9864000E-01 8.7813000E-01 6.4913000E-02 8.7743000E-01
56.500000 4.4482000E-02 -4.7690000E-01 9.9857000E-01 8.7329000E-01 6.6343000E-02 8.7255000E-01
57.000000 4.2281000E-02 -4.8529000E-01 9.9848000E-01 8.6829000E-01 6.7747000E-02 8.6752000E-01
57.500000 4.0191000E-02 -4.9373000E-01 9.9840000E-01 8.6313000E-01 6.9117000E-02 8.6232000E-01
58.000000 3.8209000E-02 -5.0222000E-01 9.9831000E-01 8.5782000E-01 7.0448000E-02 8.5696000E-01
58.500000 3.6330000E-02 -5.1076000E-01 9.9822000E-01 8.5233000E-01 7.1730000E-02 8.5143000E-01
59.000000 3.4549000E-02 -5.1934000E-01 9.9812000E-01 8.4668000E-01 7.2957000E-02 8.4572000E-01
59.500000 3.2864000E-02 -5.2796000E-01 9.9802000E-01 8.4084000E-01 7.4120000E-02 8.3984000E-01
60.000000 3.1270000E-02 -5.3663000E-01 9.9791000E-01 8.3483000E-01 7.5211000E-02 8.3377000E-01
60.500000 2.9764000E-02 -5.4534000E-01 9.9780000E-01 8.2863000E-01 7.6219000E-02 8.2752000E-01
61.000000 2.8340000E-02 -5.5409000E-01 9.9768000E-01 8.2225000E-01 7.7136000E-02 8.2108000E-01
61.500000 2.6997000E-02 -5.6287000E-01 9.9756000E-01 8.1567000E-01 7.7953000E-02 8.1444000E-01
62.000000 2.5730000E-02 -5.7169000E-01 9.9743000E-01 8.0889000E-01 7.8659000E-02 8.0760000E-01
62.500000 2.4536000E-02 -5.8054000E-01 9.9730000E-01 8.0191000E-01 7.9244000E-02 8.0056000E-01
63.000000 2.3411000E-02 -5.8942000E-01 9.9717000E-01 7.9473000E-01 7.9700000E-02 7.9331000E-01
63.500000 2.2352000E-02 -5.9834000E-01 9.9703000E-01 7.8733000E-01 8.0017000E-02 7.8584000E-01
64.000000 2.1356000E-02 -6.0728000E-01 9.9688000E-01 7.7972000E-01 8.0185000E-02 7.7816000E-01
64.500000 2.0420000E-02 -6.1624000E-01 9.9674000E-01 7.7189000E-01 8.0196000E-02 7.7026000E-01
65.000000 1.9541000E-02 -6.2522000E-01 9.9659000E-01 7.6384000E-01 8.0043000E-02 7.6214000E-01
65.500000 1.8716000E-02 -6.3423000E-01 9.9643000E-01 7.5557000E-01 7.9718000E-02 7.5379000E-01
66.000000 1.7942000E-02 -6.4324000E-01 9.9627000E-01 7.4706000E-01 7.9214000E-02 7.4521000E-01
66.500000 1.7217000E-02 -6.5227000E-01 9.9611000E-01 7.3833000E-01 7.8527000E-02 7.3639000E-01
67.000000 1.6537000E-02 -6.6131000E-01 9.9595000E-01 7.2936000E-01 7.7653000E-02 7.2735000E-01
67.500000 1.5901000E-02 -6.7035000E-01 9.9579000E-01 7.2016000E-01 7.6590000E-02 7.1807000E-01
68.000000 1.5306000E-02 -6.7938000E-01 9.9562000E-01 7.1072000E-01 7.5336000E-02 7.0855000E-01
68.500000 1.4750000E-02 -6.8841000E-01 9.9545000E-01 7.0105000E-01 7.3893000E-02 6.9879000E-01
69.000000 1.4231000E-02 -6.9743000E-01 9.9529000E-01 6.9113000E-01 7.2261000E-02 6.8880000E-01
69.500000 1.3745000E-02 -7.0643000E-01 9.9512000E-01 6.8098000E-01 7.0446000E-02 6.7856000E-01
70.000000 1.3293000E-02 -7.1540000E-01 9.9496000E-01 6.7059000E-01 6.8452000E-02 6.6810000E-01
70.500000 1.2870000E-02 -7.2435000E-01 9.9479000E-01 6.5996000E-01 6.6287000E-02 6.5739000E-01
71.000000 1.2477000E-02 -7.3325000E-01 9.9463000E-01 6.4910000E-01 6.3959000E-02 6.4646000E-01
71.500000 1.2110000E-02 -7.4211000E-01 9.9447000E-01 6.3801000E-01 6.1478000E-02 6.3529000E-01
72.000000 1.1768000E-02 -7.5092000E-01 9.9432000E-01 6.2669000E-01 5.8856000E-02 6.2389000E-01
72.500000 1.1450000E-02 -7.5967000E-01 9.9417000E-01 6.1514000E-01 5.6105000E-02 6.1227000E-01
73.000000 1.1154000E-02 -7.6835000E-01 9.9402000E-01 6.0336000E-01 5.3238000E-02 6.0042000E-01
73.500000 1.0878000E-02 -7.7695000E-01 9.9387000E-01 5.9137000E-01 5.0270000E-02 5.8836000E-01
74.000000 1.0622000E-02 -7.8547000E-01 9.9374000E-01 5.7915000E-01 4.7216000E-02 5.7608000E-01
74.500000 1.0384000E-02 -7.9389000E-01 9.9360000E-01 5.6673000E-01 4.4090000E-02 5.6360000E-01
75.000000 1.0162000E-02 -8.0221000E-01 9.9348000E-01 5.5410000E-01 4.0908000E-02 5.5091000E-01
75.500000 9.9556000E-03 -8.1042000E-01 9.9335000E-01 5.4126000E-01 3.7686000E-02 5.3802000E-01
76.000000 9.7638000E-03 -8.1851000E-01 9.9324000E-01 5.2823000E-01 3.4437000E-02 5.2493000E-01
76.500000 9.5853000E-03 -8.2647000E-01 9.9313000E-01 5.1500000E-01 3.1177000E-02 5.1165000E-01
77.000000 9.4192000E-03 -8.3430000E-01 9.9302000E-01 5.0158000E-01 2.7920000E-02 4.9819000E-01
77.500000 9.2646000E-03 -8.4198000E-01 9.9293000E-01 4.8798000E-01 2.4680000E-02 4.8455000E-01
78.000000 9.1205000E-03 -8.4951000E-01 9.9283000E-01 4.7421000E-01 2.1467000E-02 4.7073000E-01
78.500000 8.9862000E-03 -8.5688000E-01 9.9275000E-01 4.6026000E-01 1.8296000E-02 4.5674000E-01
79.000000 8.8609000E-03 -8.6409000E-01 9.9267000E-01 4.4614000E-01 1.5175000E-02 4.4259000E-01
79.500000 8.7438000E-03 -8.7111000E-01 9.9260000E-01 4.3186000E-01 1.2115000E-02 4.2828000E-01
80.000000 8.6343000E-03 -8.7796000E-01 9.9253000E-01 4.1742000E-01 9.1251000E-03 4.1381000E-01
80.500000 8.5317000E-03 -8.8461000E-01 9.9246000E-01 4.0283000E-01 6.2122000E-03 3.9920000E-01
81.000000 8.4355000E-03 -8.9107000E-01 9.9241000E-01 3.8810000E-01 3.3833000E-03 3.8444000E-01
81.500000 8.3452000E-03 -8.9732000E-01 9.9235000E-01 3.7322000E-01 6.4399000E-04 3.6955000E-01
82.000000 8.2601000E-03 -9.0337000E-01 9.9231000E-01 3.5821000E-01 -2.0008000E-03 3.5452000E-01
82.500000 8.1798000E-03 -9.0920000E-01 9.9226000E-01 3.4307000E-01 -4.5472000E-03 3.3936000E-01
83.000000 8.1040000E-03 -9.1481000E-01 9.9222000E-01 3.2781000E-01 -6.9922000E-03 3.2408000E-01
83.500000 8.0321000E-03 -9.2020000E-01 9.9219000E-01 3.1242000E-01 -9.3335000E-03 3.0869000E-01
84.000000 7.9638000E-03 -9.2535000E-01 9.9216000E-01 2.9692000E-01 -1.1570000E-02 2.9318000E-01
84.500000 7.8987000E-03 -9.3027000E-01 9.9213000E-01 2.8131000E-01 -1.3699000E-02 2.7756000E-01
85.000000 7.8365000E-03 -9.3494000E-01 9.9211000E-01 2.6560000E-01 -1.5723000E-02 2.6185000E-01
85.500000 7.7770000E-03 -9.3938000E-01 9.9209000E-01 2.4979000E-01 -1.7640000E-02 2.4603000E-01
86.000000 7.7198000E-03 -9.4356000E-01 9.9207000E-01 2.3389000E-01 -1.9452000E-02 2.3013000E-01
86.500000 7.6648000E-03 -9.4749000E-01 9.9206000E-01 2.1791000E-01 -2.1160000E-02 2.1414000E-01
87.000000 7.6116000E-03 -9.5117000E-01 9.9204000E-01 2.0184000E-01 -2.2765000E-02 1.9808000E-01
87.500000 7.5600000E-03 -9.5458000E-01 9.9204000E-01 1.8570000E-01 -2.4269000E-02 1.8194000E-01
88.000000 7.5099000E-03 -9.5773000E-01 9.9203000E-01 1.6950000E-01 -2.5674000E-02 1.6573000E-01
88.500000 7.4612000E-03 -9.6062000E-01 9.9202000E-01 1.5323000E-01 -2.6983000E-02 1.4947000E-01
89.000000 7.4135000E-03 -9.6324000E-01 9.9202000E-01 1.3690000E-01 -2.8198000E-02 1.3315000E-01
89.500000 7.3669000E-03 -9.6559000E-01 9.9202000E-01 1.2053000E-01 -2.9321000E-02 1.1678000E-01
90.000000 7.3211000E-03 -9.6767000E-01 9.9202000E-01 1.0411000E-01 -3.0356000E-02 1.0037000E-01
90.500000 7.2761000E-03 -9.6948000E-01 9.9202000E-01 8.7654000E-02 -3.1305000E-02 8.3921000E-02
91.000000 7.2317000E-03 -9.7101000E-01 9.9203000E-01 7.1170000E-02 -3.2171000E-02 6.7444000E-02
91.500000 7.1879000E-03 -9.7226000E-01 9.9203000E-01 5.4662000E-02 -3.2958000E-02 5.0945000E-02
92.000000 7.1446000E-03 -9.7323000E-01 9.9204000E-01 3.8137000E-02 -3.3668000E-02 3.4430000E-02
92.500000 7.1017000E-03 -9.7393000E-01 9.9204000E-01 2.1602000E-02 -3.4304000E-02 1.7904000E-02
93.000000 7.0592000E-03 -9.7435000E-01 9.9205000E-01 5.0637000E-03 -3.4870000E-02 1.3763000E-03
93.500000 7.0169000E-03 -9.7449000E-01 9.9206000E-01 -1.1472000E-02 -3.5368000E-02 -1.5148000E-02
94.000000 6.9750000E-03 -9.7435000E-01 9.9207000E-01 -2.7997000E-02 -3.5802000E-02 -3.1662000E-02
94.500000 6.9332000E-03 -9.7394000E-01 9.9208000E-01 -4.4506000E-02 -3.6173000E-02 -4.8159000E-02
95.000000 6.8917000E-03 -9.7324000E-01 9.9210000E-01 -6.0991000E-02 -3.6486000E-02 -6.4632000E-02
95.500000 6.8503000E-03 -9.7227000E-01 9.9211000E-01 -7.7446000E-02 -3.6743000E-02 -8.1074000E-02
96.000000 6.8090000E-03 -9.7103000E-01 9.9212000E-01 -9.3864000E-02 -3.6947000E-02 -9.7478000E-02
96.500000 6.7679000E-03 -9.6951000E-01 9.9214000E-01 -1.1024000E-01 -3.7100000E-02 -1.1384000E-01
97.000000 6.7269000E-03 -9.6771000E-01 9.9215000E-01 -1.2656000E-01 -3.7206000E-02 -1.3015000E-01
97.500000 6.6861000E-03 -9.6565000E-01 9.9217000E-01 -1.4283000E-01 -3.7266000E-02 -1.4640000E-01
98.000000 6.6453000E-03 -9.6331000E-01 9.9219000E-01 -1.5903000E-01 -3.7284000E-02 -1.6259000E-01
98.500000 6.6046000E-03 -9.6071000E-01 9.9220000E-01 -1.7517000E-01 -3.7262000E-02 -1.7871000E-01
99.000000 6.5641000E-03 -9.5785000E-01 9.9222000E-01 -1.9122000E-01 -3.7202000E-02 -1.9475000E-01
99.500000 6.5237000E-03 -9.5472000E-01 9.9224000E-01 -2.0720000E-01 -3.7106000E-02 -2.1071000E-01
100.000000 6.4834000E-03 -9.5133000E-01 9.9226000E-01 -2.2308000E-01 -3.6978000E-02 -2.2657000E-01
100.500000 6.4432000E-03 -9.4769000E-01 9.9228000E-01 -2.3887000E-01 -3.6818000E-02 -2.4235000E-01
101.000000 6.4032000E-03 -9.4380000E-01 9.9230000E-01 -2.5456000E-01 -3.6630000E-02 -2.5802000E-01
101.500000 6.3634000E-03 -9.3966000E-01 9.9232000E-01 -2.7014000E-01 -3.6415000E-02 -2.7358000E-01
102.000000 6.3237000E-03 -9.3527000E-01 9.9234000E-01 -2.8561000E-01 -3.6175000E-02 -2.8903000E-01
102.500000 6.2842000E-03 -9.3064000E-01 9.9236000E-01 -3.0096000E-01 -3.5912000E-02 -3.0436000E-01
103.000000 6.2450000E-03 -9.2578000E-01 9.9239000E-01 -3.1619000E-01 -3.5628000E-02 -3.1957000E-01
103.500000 6.2059000E-03 -9.2068000E-01 9.9241000E-01 -3.3128000E-01 -3.5325000E-02 -3.3465000E-01
104.000000 6.1671000E-03 -9.1536000E-01 9.9243000E-01 -3.4625000E-01 -3.5004000E-02 -3.4959000E-01
104.500000 6.1286000E-03 -9.0981000E-01 9.9246000E-01 -3.6107000E-01 -3.4667000E-02 -3.6439000E-01
105.000000 6.0903000E-03 -9.0404000E-01 9.9248000E-01 -3.7575000E-01 -3.4316000E-02 -3.7905000E-01
105.500000 6.0523000E-03 -8.9806000E-01 9.9251000E-01 -3.9028000E-01 -3.3952000E-02 -3.9356000E-01
106.000000 6.0147000E-03 -8.9187000E-01 9.9253000E-01 -4.0466000E-01 -3.3577000E-02 -4.0791000E-01
106.500000 5.9774000E-03 -8.8548000E-01 9.9256000E-01 -4.1888000E-01 -3.3192000E-02 -4.2211000E-01
107.000000 5.9404000E-03 -8.7889000E-01 9.9259000E-01 -4.3293000E-01 -3.2798000E-02 -4.3614000E-01
107.500000 5.9038000E-03 -8.7211000E-01 9.9261000E-01 -4.4682000E-01 -3.2397000E-02 -4.5001000E-01
108.000000 5.8676000E-03 -8.6514000E-01 9.9264000E-01 -4.6055000E-01 -3.1990000E-02 -4.6371000E-01
108.500000 5.8318000E-03 -8.5799000E-01 9.9267000E-01 -4.7409000E-01 -3.1578000E-02 -4.7723000E-01
109.000000 5.7964000E-03 -8.5066000E-01 9.9270000E-01 -4.8747000E-01 -3.1162000E-02 -4.9058000E-01
109.500000 5.7615000E-03 -8.4317000E-01 9.9273000E-01 -5.0066000E-01 -3.0743000E-02 -5.0374000E-01
110.000000 5.7270000E-03 -8.3551000E-01 9.9276000E-01 -5.1367000E-01 -3.0322000E-02 -5.1672000E-01
110.500000 5.6930000E-03 -8.2769000E-01 9.9279000E-01 -5.2650000E-01 -2.9900000E-02 -5.2952000E-01
111.000000 5.6595000E-03 -8.1972000E-01 9.9282000E-01 -5.3913000E-01 -2.9478000E-02 -5.4213000E-01
111.500000 5.6265000E-03 -8.1160000E-01 9.9285000E-01 -5.5158000E-01 -2.9057000E-02 -5.5454000E-01
112.000000 5.5941000E-03 -8.0334000E-01 9.9288000E-01 -5.6383000E-01 -2.8638000E-02 -5.6676000E-01
112.500000 5.5621000E-03 -7.9495000E-01 9.9291000E-01 -5.7589000E-01 -2.8221000E-02 -5.7879000E-01
113.000000 5.5307000E-03 -7.8644000E-01 9.9295000E-01 -5.8775000E-01 -2.7806000E-02 -5.9062000E-01
113.500000 5.4999000E-03 -7.7780000E-01 9.9298000E-01 -5.9942000E-01 -2.7396000E-02 -6.0225000E-01
114.000000 5.4696000E-03 -7.6904000E-01 9.9301000E-01 -6.1088000E-01 -2.6989000E-02 -6.1368000E-01
114.500000 5.4399000E-03 -7.6018000E-01 9.9304000E-01 -6.2215000E-01 -2.6587000E-02 -6.2491000E-01
115.000000 5.4108000E-03 -7.5121000E-01 9.9308000E-01 -6.3321000E-01 -2.6190000E-02 -6.3593000E-01
115.500000 5.3823000E-03 -7.4214000E-01 9.9311000E-01 -6.4407000E-01 -2.5798000E-02 -6.4675000E-01
116.000000 5.3545000E-03 -7.3299000E-01 9.9315000E-01 -6.5473000E-01 -2.5412000E-02 -6.5737000E-01
116.500000 5.3272000E-03 -7.2375000E-01 9.9318000E-01 -6.6518000E-01 -2.5033000E-02 -6.6778000E-01
117.000000 5.3006000E-03 -7.1443000E-01 9.9322000E-01 -6.7543000E-01 -2.4660000E-02 -6.7799000E-01
117.500000 5.2746000E-03 -7.0504000E-01 9.9325000E-01 -6.8547000E-01 -2.4294000E-02 -6.8799000E-01
118.000000 5.2492000E-03 -6.9559000E-01 9.9329000E-01 -6.9531000E-01 -2.3934000E-02 -6.9778000E-01
118.500000 5.2245000E-03 -6.8607000E-01 9.9332000E-01 -7.0495000E-01 -2.3582000E-02 -7.0737000E-01
119.000000 5.2005000E-03 -6.7650000E-01 9.9336000E-01 -7.1438000E-01 -2.3237000E-02 -7.1676000E-01
119.500000 5.1771000E-03 -6.6688000E-01 9.9340000E-01 -7.2360000E-01 -2.2899000E-02 -7.2594000E-01
120.000000 5.1543000E-03 -6.5722000E-01 9.9343000E-01 -7.3263000E-01 -2.2569000E-02 -7.3491000E-01
120.500000 5.1323000E-03 -6.4752000E-01 9.9347000E-01 -7.4145000E-01 -2.2246000E-02 -7.4368000E-01
121.000000 5.1109000E-03 -6.3779000E-01 9.9350000E-01 -7.5007000E-01 -2.1931000E-02 -7.5225000E-01
121.500000 5.0901000E-03 -6.2803000E-01 9.9354000E-01 -7.5849000E-01 -2.1623000E-02 -7.6062000E-01
122.000000 5.0701000E-03 -6.1826000E-01 9.9357000E-01 -7.6671000E-01 -2.1322000E-02 -7.6878000E-01
122.500000 5.0507000E-03 -6.0846000E-01 9.9361000E-01 -7.7473000E-01 -2.1029000E-02 -7.7675000E-01
123.000000 5.0320000E-03 -5.9866000E-01 9.9365000E-01 -7.8255000E-01 -2.0742000E-02 -7.8452000E-01
123.500000 5.0139000E-03 -5.8886000E-01 9.9368000E-01 -7.9018000E-01 -2.0463000E-02 -7.9209000E-01
124.000000 4.9965000E-03 -5.7906000E-01 9.9372000E-01 -7.9762000E-01 -2.0190000E-02 -7.9946000E-01
124.500000 4.9798000E-03 -5.6926000E-01 9.9375000E-01 -8.0487000E-01 -1.9924000E-02 -8.0665000E-01
125.000000 4.9638000E-03 -5.5947000E-01 9.9379000E-01 -8.1192000E-01 -1.9664000E-02 -8.1364000E-01
125.500000 4.9484000E-03 -5.4970000E-01 9.9382000E-01 -8.1879000E-01 -1.9411000E-02 -8.2044000E-01
126.000000 4.9337000E-03 -5.3996000E-01 9.9385000E-01 -8.2547000E-01 -1.9163000E-02 -8.2706000E-01
126.500000 4.9196000E-03 -5.3023000E-01 9.9389000E-01 -8.3197000E-01 -1.8921000E-02 -8.3349000E-01
127.000000 4.9062000E-03 -5.2054000E-01 9.9392000E-01 -8.3829000E-01 -1.8685000E-02 -8.3974000E-01
127.500000 4.8934000E-03 -5.1088000E-01 9.9395000E-01 -8.4442000E-01 -1.8454000E-02 -8.4581000E-01
128.000000 4.8813000E-03 -5.0125000E-01 9.9399000E-01 -8.5039000E-01 -1.8227000E-02 -8.5170000E-01
128.500000 4.8698000E-03 -4.9167000E-01 9.9402000E-01 -8.5617000E-01 -1.8006000E-02 -8.5742000E-01
129.000000 4.8590000E-03 -4.8214000E-01 9.9405000E-01 -8.6179000E-01 -1.7788000E-02 -8.6296000E-01
129.500000 4.8488000E-03 -4.7266000E-01 9.9408000E-01 -8.6723000E-01 -1.7575000E-02 -8.6833000E-01
130.000000 4.8391000E-03 -4.6323000E-01 9.9411000E-01 -8.7251000E-01 -1.7365000E-02 -8.7353000E-01
130.500000 4.8301000E-03 -4.5386000E-01 9.9414000E-01 -8.7763000E-01 -1.7159000E-02 -8.7857000E-01
131.000000 4.8218000E-03 -4.4455000E-01 9.9416000E-01 -8.8259000E-01 -1.6955000E-02 -8.8345000E-01
131.500000 4.8140000E-03 -4.3530000E-01 9.9419000E-01 -8.8738000E-01 -1.6755000E-02 -8.8817000E-01
132.000000 4.8067000E-03 -4.2612000E-01 9.9422000E-01 -8.9203000E-01 -1.6557000E-02 -8.9273000E-01
132.500000 4.8001000E-03 -4.1701000E-01 9.9424000E-01 -8.9652000E-01 -1.6361000E-02 -8.9714000E-01
133.000000 4.7941000E-03 -4.0798000E-01 9.9427000E-01 -9.0086000E-01 -1.6167000E-02 -9.0140000E-01
133.500000 4.7886000E-03 -3.9902000E-01 9.9429000E-01 -9.0505000E-01 -1.5975000E-02 -9.0551000E-01
134.000000 4.7836000E-03 -3.9014000E-01 9.9432000E-01 -9.0911000E-01 -1.5784000E-02 -9.0947000E-01
134.500000 4.7792000E-03 -3.8135000E-01 9.9434000E-01 -9.1302000E-01 -1.5594000E-02 -9.1330000E-01
135.000000 4.7753000E-03 -3.7263000E-01 9.9436000E-01 -9.1679000E-01 -1.5405000E-02 -9.1698000E-01
135.500000 4.7720000E-03 -3.6401000E-01 9.9438000E-01 -9.2043000E-01 -1.5216000E-02 -9.2054000E-01
136.000000 4.7691000E-03 -3.5547000E-01 9.9440000E-01 -9.2394000E-01 -1.5028000E-02 -9.2395000E-01
136.500000 4.7668000E-03 -3.4702000E-01 9.9442000E-01 -9.2732000E-01 -1.4840000E-02 -9.2724000E-01
137.000000 4.7650000E-03 -3.3867000E-01 9.9444000E-01 -9.3057000E-01 -1.4652000E-02 -9.3041000E-01
137.500000 4.7636000E-03 -3.3041000E-01 9.9445000E-01 -9.3370000E-01 -1.4463000E-02 -9.3345000E-01
138.000000 4.7627000E-03 -3.2224000E-01 9.9447000E-01 -9.3672000E-01 -1.4274000E-02 -9.3637000E-01
138.500000 4.7622000E-03 -3.1418000E-01 9.9448000E-01 -9.3961000E-01 -1.4084000E-02 -9.3917000E-01
139.000000 4.7622000E-03 -3.0621000E-01 9.9450000E-01 -9.4240000E-01 -1.3893000E-02 -9.4186000E-01
139.500000 4.7627000E-03 -2.9834000E-01 9.9451000E-01 -9.4507000E-01 -1.3702000E-02 -9.4444000E-01
140.000000 4.7635000E-03 -2.9058000E-01 9.9452000E-01 -9.4764000E-01 -1.3509000E-02 -9.4691000E-01
140.500000 4.7648000E-03 -2.8292000E-01 9.9453000E-01 -9.5010000E-01 -1.3315000E-02 -9.4927000E-01
141.000000 4.7664000E-03 -2.7536000E-01 9.9454000E-01 -9.5246000E-01 -1.3119000E-02 -9.5154000E-01
141.500000 4.7685000E-03 -2.6790000E-01 9.9455000E-01 -9.5472000E-01 -1.2922000E-02 -9.5370000E-01
142.000000 4.7709000E-03 -2.6055000E-01 9.9456000E-01 -9.5689000E-01 -1.2724000E-02 -9.5577000E-01
142.500000 4.7737000E-03 -2.5331000E-01 9.9456000E-01 -9.5896000E-01 -1.2524000E-02 -9.5774000E-01
143.000000 4.7768000E-03 -2.4618000E-01 9.9457000E-01 -9.6094000E-01 -1.2322000E-02 -9.5963000E-01
143.500000 4.7803000E-03 -2.3915000E-01 9.9457000E-01 -9.6284000E-01 -1.2118000E-02 -9.6143000E-01
144.000000 4.7840000E-03 -2.3223000E-01 9.9458000E-01 -9.6465000E-01 -1.1913000E-02 -9.6314000E-01
144.500000 4.7881000E-03 -2.2542000E-01 9.9458000E-01 -9.6637000E-01 -1.1706000E-02 -9.6477000E-01
145.000000 4.7925000E-03 -2.1872000E-01 9.9458000E-01 -9.6802000E-01 -1.1497000E-02 -9.6632000E-01
145.500000 4.7972000E-03 -2.1213000E-01 9.9458000E-01 -9.6959000E-01 -1.1287000E-02 -9.6779000E-01
146.000000 4.8021000E-03 -2.0564000E-01 9.9458000E-01 -9.7109000E-01 -1.1075000E-02 -9.6919000E-01
146.500000 4.8074000E-03 -1.9927000E-01 9.9458000E-01 -9.7252000E-01 -1.0861000E-02 -9.7051000E-01
147.000000 4.8128000E-03 -1.9300000E-01 9.9458000E-01 -9.7387000E-01 -1.0645000E-02 -9.7177000E-01
147.500000 4.8185000E-03 -1.8685000E-01 9.9457000E-01 -9.7516000E-01 -1.0428000E-02 -9.7296000E-01
148.000000 4.8244000E-03 -1.8080000E-01 9.9457000E-01 -9.7639000E-01 -1.0210000E-02 -9.7409000E-01
148.500000 4.8305000E-03 -1.7487000E-01 9.9456000E-01 -9.7755000E-01 -9.9897000E-03 -9.7515000E-01
149.000000 4.8369000E-03 -1.6904000E-01 9.9456000E-01 -9.7865000E-01 -9.7684000E-03 -9.7616000E-01
149.500000 4.8434000E-03 -1.6332000E-01 9.9455000E-01 -9.7970000E-01 -9.5459000E-03 -9.7710000E-01
150.000000 4.8500000E-03 -1.5771000E-01 9.9454000E-01 -9.8069000E-01 -9.3223000E-03 -9.7800000E-01
150.500000 4.8569000E-03 -1.5221000E-01 9.9454000E-01 -9.8162000E-01 -9.0978000E-03 -9.7883000E-01
151.000000 4.8639000E-03 -1.4682000E-01 9.9453000E-01 -9.8251000E-01 -8.8724000E-03 -9.7962000E-01
151.500000 4.8710000E-03 -1.4153000E-01 9.9452000E-01 -9.8334000E-01 -8.6462000E-03 -9.8036000E-01
152.000000 4.8782000E-03 -1.3635000E-01 9.9451000E-01 -9.8413000E-01 -8.4195000E-03 -9.8105000E-01
152.500000 4.8856000E-03 -1.3128000E-01 9.9450000E-01 -9.8487000E-01 -8.1924000E-03 -9.8170000E-01
153.000000 4.8931000E-03 -1.2631000E-01 9.9449000E-01 -9.8557000E-01 -7.9650000E-03 -9.8231000E-01
153.500000 4.9006000E-03 -1.2145000E-01 9.9447000E-01 -9.8622000E-01 -7.7374000E-03 -9.8287000E-01
154.000000 4.9082000E-03 -1.1670000E-01 9.9446000E-01 -9.8684000E-01 -7.5099000E-03 -9.8339000E-01
154.500000 4.9159000E-03 -1.1205000E-01 9.9445000E-01 -9.8742000E-01 -7.2827000E-03 -9.8388000E-01
155.000000 4.9237000E-03 -1.0750000E-01 9.9444000E-01 -9.8796000E-01 -7.0558000E-03 -9.8433000E-01
155.500000 4.9315000E-03 -1.0306000E-01 9.9442000E-01 -9.8847000E-01 -6.8294000E-03 -9.8475000E-01
156.000000 4.9393000E-03 -9.8723000E-02 9.9441000E-01 -9.8894000E-01 -6.6038000E-03 -9.8513000E-01
156.500000 4.9471000E-03 -9.4487000E-02 9.9439000E-01 -9.8938000E-01 -6.3792000E-03 -9.8549000E-01
157.000000 4.9550000E-03 -9.0352000E-02 9.9438000E-01 -9.8979000E-01 -6.1556000E-03 -9.8581000E-01
157.500000 4.9628000E-03 -8.6318000E-02 9.9436000E-01 -9.9018000E-01 -5.9333000E-03 -9.8611000E-01
158.000000 4.9707000E-03 -8.2385000E-02 9.9435000E-01 -9.9053000E-01 -5.7125000E-03 -9.8638000E-01
158.500000 4.9785000E-03 -7.8551000E-02 9.9433000E-01 -9.9086000E-01 -5.4934000E-03 -9.8663000E-01
159.000000 4.9863000E-03 -7.4817000E-02 9.9432000E-01 -9.9117000E-01 -5.2761000E-03 -9.8685000E-01
159.500000 4.9941000E-03 -7.1182000E-02 9.9430000E-01 -9.9145000E-01 -5.0609000E-03 -9.8705000E-01
160.000000 5.0018000E-03 -6.7644000E-02 9.9429000E-01 -9.9171000E-01 -4.8479000E-03 -9.8724000E-01
160.500000 5.0094000E-03 -6.4203000E-02 9.9427000E-01 -9.9194000E-01 -4.6373000E-03 -9.8740000E-01
161.000000 5.0170000E-03 -6.0860000E-02 9.9425000E-01 -9.9216000E-01 -4.4293000E-03 -9.8754000E-01
161.500000 5.0245000E-03 -5.7612000E-02 9.9424000E-01 -9.9236000E-01 -4.2241000E-03 -9.8766000E-01
162.000000 5.0319000E-03 -5.4459000E-02 9.9422000E-01 -9.9254000E-01 -4.0219000E-03 -9.8777000E-01
162.500000 5.0392000E-03 -5.1401000E-02 9.9420000E-01 -9.9271000E-01 -3.8228000E-03 -9.8787000E-01
163.000000 5.0464000E-03 -4.8437000E-02 9.9419000E-01 -9.9286000E-01 -3.6271000E-03 -9.8795000E-01
163.500000 5.0535000E-03 -4.5567000E-02 9.9417000E-01 -9.9300000E-01 -3.4349000E-03 -9.8802000E-01
164.000000 5.0604000E-03 -4.2790000E-02 9.9416000E-01 -9.9312000E-01 -3.2464000E-03 -9.8807000E-01
164.500000 5.0673000E-03 -4.0104000E-02 9.9414000E-01 -9.9323000E-01 -3.0617000E-03 -9.8812000E-01
165.000000 5.0740000E-03 -3.7511000E-02 9.9413000E-01 -9.9333000E-01 -2.8811000E-03 -9.8816000E-01
165.500000 5.0805000E-03 -3.5008000E-02 9.9411000E-01 -9.9342000E-01 -2.7047000E-03 -9.8818000E-01
166.000000 5.0870000E-03 -3.2596000E-02 9.9410000E-01 -9.9349000E-01 -2.5326000E-03 -9.8820000E-01
166.500000 5.0932000E-03 -3.0274000E-02 9.9408000E-01 -9.9356000E-01 -2.3651000E-03 -9.8821000E-01
167.000000 5.0993000E-03 -2.8041000E-02 9.9407000E-01 -9.9362000E-01 -2.2022000E-03 -9.8821000E-01
167.500000 5.1052000E-03 -2.5897000E-02 9.9405000E-01 -9.9367000E-01 -2.0442000E-03 -9.8821000E-01
168.000000 5.1109000E-03 -2.3842000E-02 9.9404000E-01 -9.9372000E-01 -1.8911000E-03 -9.8820000E-01
168.500000 5.1165000E-03 -2.1874000E-02 9.9402000E-01 -9.9375000E-01 -1.7432000E-03 -9.8819000E-01
169.000000 5.1218000E-03 -1.9994000E-02 9.9401000E-01 -9.9378000E-01 -1.6005000E-03 -9.8817000E-01
169.500000 5.1270000E-03 -1.8200000E-02 9.9400000E-01 -9.9381000E-01 -1.4632000E-03 -9.8815000E-01
170.000000 5.1319000E-03 -1.6493000E-02 9.9399000E-01 -9.9383000E-01 -1.3314000E-03 -9.8813000E-01
170.500000 5.1367000E-03 -1.4873000E-02 9.9398000E-01 -9.9385000E-01 -1.2052000E-03 -9.8811000E-01
171.000000 5.1412000E-03 -1.3337000E-02 9.9396000E-01 -9.9386000E-01 -1.0848000E-03 -9.8808000E-01
171.500000 5.1455000E-03 -1.1887000E-02 9.9395000E-01 -9.9387000E-01 -9.7024000E-04 -9.8805000E-01
172.000000 5.1496000E-03 -1.0522000E-02 9.9394000E-01 -9.9388000E-01 -8.6165000E-04 -9.8802000E-01
172.500000 5.1535000E-03 -9.2418000E-03 9.9393000E-01 -9.9389000E-01 -7.5912000E-04 -9.8799000E-01
173.000000 5.1571000E-03 -8.0455000E-03 9.9392000E-01 -9.9389000E-01 -6.6277000E-04 -9.8797000E-01
173.500000 5.1605000E-03 -6.9330000E-03 9.9392000E-01 -9.9389000E-01 -5.7266000E-04 -9.8794000E-01
174.000000 5.1637000E-03 -5.9041000E-03 9.9391000E-01 -9.9389000E-01 -4.8889000E-04 -9.8791000E-01
174.500000 5.1666000E-03 -4.9585000E-03 9.9390000E-01 -9.9389000E-01 -4.1153000E-04 -9.8788000E-01
175.000000 5.1692000E-03 -4.0960000E-03 9.9389000E-01 -9.9388000E-01 -3.4066000E-04 -9.8786000E-01
175.500000 5.1717000E-03 -3.3164000E-03 9.9389000E-01 -9.9388000E-01 -2.7634000E-04 -9.8783000E-01
176.000000 5.1739000E-03 -2.6193000E-03 9.9388000E-01 -9.9388000E-01 -2.1863000E-04 -9.8781000E-01
176.500000 5.1758000E-03 -2.0048000E-03 9.9388000E-01 -9.9388000E-01 -1.6758000E-04 -9.8779000E-01
177.000000 5.1775000E-03 -1.4725000E-03 9.9387000E-01 -9.9387000E-01 -1.2324000E-04 -9.8777000E-01
177.500000 5.1789000E-03 -1.0223000E-03 9.9387000E-01 -9.9387000E-01 -8.5659000E-05 -9.8776000E-01
178.000000 5.1801000E-03 -6.5413000E-04 9.9387000E-01 -9.9387000E-01 -5.4860000E-05 -9.8775000E-01
178.500000 5.1810000E-03 -3.6789000E-04 9.9386000E-01 -9.9386000E-01 -3.0875000E-05 -9.8774000E-01
179.000000 5.1816000E-03 -1.6349000E-04 9.9386000E-01 -9.9386000E-01 -1.3727000E-05 -9.8773000E-01
179.500000 5.1820000E-03 -4.0869000E-05 9.9386000E-01 -9.9386000E-01 -3.4326000E-06 -9.8772000E-01
180.000000 5.1821000E-03 -4.0515000E-15 9.9386000E-01 -9.9386000E-01 -3.4032000E-16 -9.8772000E-01
