length scale factor
1.4328600E-03
volume cluster radius, area mean sphere radius, circumscribing radius, cross section radius
2.8855870E-02 1.4314271E-03 5.4793478E-01 2.8855870E-02
total extinction, absorption, scattering efficiencies (unpolarized incidence)
7.5443000E-04 7.5354000E-04 8.9361000E-07
theta     11          12          22          33          34          44
 0.0000000E+00  2.8964000E-01  0.0000000E+00  9.9983000E-01  9.9983000E-01  0.0000000E+00  9.9966000E-01
 5.0000000E-01  2.8962000E-01 -3.8075000E-05  9.9983000E-01  9.9983000E-01 -4.1340000E-11  9.9966000E-01
 1.0000000E+00  2.8959000E-01 -1.5230000E-04  9.9983000E-01  9.9983000E-01 -1.6537000E-10  9.9966000E-01
 1.5000000E+00  2.8954000E-01 -3.4271000E-04  9.9983000E-01  9.9983000E-01 -3.7210000E-10  9.9966000E-01
 2.0000000E+00  2.8946000E-01 -6.0931000E-04  9.9983000E-01  9.9983000E-01 -6.6157000E-10  9.9966000E-01
 2.5000000E+00  2.8936000E-01 -9.5216000E-04  9.9983000E-01  9.9983000E-01 -1.0338000E-09  9.9966000E-01
 3.0000000E+00  2.8923000E-01 -1.3713000E-03  9.9983000E-01  9.9983000E-01 -1.4889000E-09  9.9966000E-01
 3.5000000E+00  2.8909000E-01 -1.8668000E-03  9.9983000E-01  9.9983000E-01 -2.0269000E-09  9.9966000E-01
 4.0000000E+00  2.8892000E-01 -2.4387000E-03  9.9983000E-01  9.9983000E-01 -2.6479000E-09  9.9966000E-01
 4.5000000E+00  2.8873000E-01 -3.0872000E-03  9.9983000E-01  9.9983000E-01 -3.3519000E-09  9.9966000E-01
 5.0000000E+00  2.8852000E-01 -3.8122000E-03  9.9983000E-01  9.9982000E-01 -4.1392000E-09  9.9965000E-01
 5.5000000E+00  2.8828000E-01 -4.6140000E-03  9.9983000E-01  9.9982000E-01 -5.0097000E-09  9.9965000E-01
 6.0000000E+00  2.8803000E-01 -5.4927000E-03  9.9983000E-01  9.9982000E-01 -5.9637000E-09  9.9965000E-01
 6.5000000E+00  2.8775000E-01 -6.4483000E-03  9.9983000E-01  9.9981000E-01 -7.0012000E-09  9.9964000E-01
 7.0000000E+00  2.8745000E-01 -7.4810000E-03  9.9983000E-01  9.9980000E-01 -8.1225000E-09  9.9963000E-01
 7.5000000E+00  2.8713000E-01 -8.5911000E-03  9.9983000E-01  9.9979000E-01 -9.3277000E-09  9.9962000E-01
 8.0000000E+00  2.8679000E-01 -9.7785000E-03  9.9983000E-01  9.9978000E-01 -1.0617000E-08  9.9961000E-01
 8.5000000E+00  2.8642000E-01 -1.1044000E-02  9.9983000E-01  9.9977000E-01 -1.1990000E-08  9.9960000E-01
 9.0000000E+00  2.8604000E-01 -1.2386000E-02  9.9983000E-01  9.9975000E-01 -1.3448000E-08  9.9958000E-01
 9.5000000E+00  2.8563000E-01 -1.3807000E-02  9.9983000E-01  9.9973000E-01 -1.4991000E-08  9.9957000E-01
 1.0000000E+01  2.8520000E-01 -1.5306000E-02  9.9983000E-01  9.9971000E-01 -1.6619000E-08  9.9954000E-01
 1.0500000E+01  2.8475000E-01 -1.6884000E-02  9.9983000E-01  9.9969000E-01 -1.8331000E-08  9.9952000E-01
 1.1000000E+01  2.8428000E-01 -1.8540000E-02  9.9983000E-01  9.9966000E-01 -2.0129000E-08  9.9949000E-01
 1.1500000E+01  2.8379000E-01 -2.0275000E-02  9.9983000E-01  9.9962000E-01 -2.2013000E-08  9.9945000E-01
 1.2000000E+01  2.8328000E-01 -2.2089000E-02  9.9983000E-01  9.9958000E-01 -2.3983000E-08  9.9942000E-01
 1.2500000E+01  2.8275000E-01 -2.3983000E-02  9.9983000E-01  9.9954000E-01 -2.6038000E-08  9.9937000E-01
 1.3000000E+01  2.8219000E-01 -2.5956000E-02  9.9983000E-01  9.9949000E-01 -2.8181000E-08  9.9932000E-01
 1.3500000E+01  2.8162000E-01 -2.8009000E-02  9.9983000E-01  9.9943000E-01 -3.0410000E-08  9.9927000E-01
 1.4000000E+01  2.8103000E-01 -3.0143000E-02  9.9983000E-01  9.9937000E-01 -3.2726000E-08  9.9920000E-01
 1.4500000E+01  2.8042000E-01 -3.2357000E-02  9.9983000E-01  9.9930000E-01 -3.5129000E-08  9.9913000E-01
 1.5000000E+01  2.7978000E-01 -3.4651000E-02  9.9983000E-01  9.9922000E-01 -3.7620000E-08  9.9906000E-01
 1.5500000E+01  2.7913000E-01 -3.7027000E-02  9.9983000E-01  9.9914000E-01 -4.0200000E-08  9.9897000E-01
 1.6000000E+01  2.7846000E-01 -3.9485000E-02  9.9982000E-01  9.9904000E-01 -4.2867000E-08  9.9888000E-01
 1.6500000E+01  2.7777000E-01 -4.2024000E-02  9.9982000E-01  9.9894000E-01 -4.5624000E-08  9.9877000E-01
 1.7000000E+01  2.7707000E-01 -4.4645000E-02  9.9982000E-01  9.9883000E-01 -4.8469000E-08  9.9866000E-01
 1.7500000E+01  2.7634000E-01 -4.7349000E-02  9.9982000E-01  9.9870000E-01 -5.1404000E-08  9.9853000E-01
 1.8000000E+01  2.7559000E-01 -5.0135000E-02  9.9982000E-01  9.9857000E-01 -5.4429000E-08  9.9840000E-01
 1.8500000E+01  2.7483000E-01 -5.3005000E-02  9.9982000E-01  9.9842000E-01 -5.7544000E-08  9.9825000E-01
 1.9000000E+01  2.7405000E-01 -5.5958000E-02  9.9982000E-01  9.9825000E-01 -6.0750000E-08  9.9809000E-01
 1.9500000E+01  2.7325000E-01 -5.8995000E-02  9.9982000E-01  9.9808000E-01 -6.4046000E-08  9.9791000E-01
 2.0000000E+01  2.7244000E-01 -6.2117000E-02  9.9982000E-01  9.9789000E-01 -6.7435000E-08  9.9772000E-01
 2.0500000E+01  2.7160000E-01 -6.5323000E-02  9.9982000E-01  9.9768000E-01 -7.0915000E-08  9.9752000E-01
 2.1000000E+01  2.7075000E-01 -6.8614000E-02  9.9982000E-01  9.9746000E-01 -7.4487000E-08  9.9729000E-01
 2.1500000E+01  2.6989000E-01 -7.1991000E-02  9.9982000E-01  9.9722000E-01 -7.8152000E-08  9.9706000E-01
 2.2000000E+01  2.6900000E-01 -7.5453000E-02  9.9982000E-01  9.9697000E-01 -8.1910000E-08  9.9680000E-01
 2.2500000E+01  2.6811000E-01 -7.9001000E-02  9.9982000E-01  9.9669000E-01 -8.5761000E-08  9.9652000E-01
 2.3000000E+01  2.6719000E-01 -8.2637000E-02  9.9982000E-01  9.9640000E-01 -8.9707000E-08  9.9623000E-01
 2.3500000E+01  2.6626000E-01 -8.6359000E-02  9.9982000E-01  9.9608000E-01 -9.3746000E-08  9.9591000E-01
 2.4000000E+01  2.6532000E-01 -9.0168000E-02  9.9982000E-01  9.9574000E-01 -9.7881000E-08  9.9557000E-01
 2.4500000E+01  2.6436000E-01 -9.4065000E-02  9.9982000E-01  9.9538000E-01 -1.0211000E-07  9.9521000E-01
 2.5000000E+01  2.6338000E-01 -9.8051000E-02  9.9981000E-01  9.9500000E-01 -1.0644000E-07  9.9483000E-01
 2.5500000E+01  2.6239000E-01 -1.0213000E-01  9.9981000E-01  9.9458000E-01 -1.1086000E-07  9.9442000E-01
 2.6000000E+01  2.6139000E-01 -1.0629000E-01  9.9981000E-01  9.9415000E-01 -1.1538000E-07  9.9398000E-01
 2.6500000E+01  2.6037000E-01 -1.1054000E-01  9.9981000E-01  9.9368000E-01 -1.1999000E-07  9.9352000E-01
 2.7000000E+01  2.5934000E-01 -1.1488000E-01  9.9981000E-01  9.9319000E-01 -1.2470000E-07  9.9302000E-01
 2.7500000E+01  2.5830000E-01 -1.1932000E-01  9.9981000E-01  9.9267000E-01 -1.2951000E-07  9.9250000E-01
 2.8000000E+01  2.5724000E-01 -1.2384000E-01  9.9981000E-01  9.9211000E-01 -1.3442000E-07  9.9194000E-01
 2.8500000E+01  2.5617000E-01 -1.2845000E-01  9.9981000E-01  9.9152000E-01 -1.3943000E-07  9.9136000E-01
 2.9000000E+01  2.5509000E-01 -1.3316000E-01  9.9981000E-01  9.9090000E-01 -1.4453000E-07  9.9074000E-01
 2.9500000E+01  2.5400000E-01 -1.3795000E-01  9.9981000E-01  9.9025000E-01 -1.4974000E-07  9.9008000E-01
 3.0000000E+01  2.5290000E-01 -1.4284000E-01  9.9981000E-01  9.8955000E-01 -1.5504000E-07  9.8938000E-01
 3.0500000E+01  2.5178000E-01 -1.4782000E-01  9.9981000E-01  9.8882000E-01 -1.6045000E-07  9.8865000E-01
 3.1000000E+01  2.5066000E-01 -1.5290000E-01  9.9981000E-01  9.8805000E-01 -1.6595000E-07  9.8788000E-01
 3.1500000E+01  2.4952000E-01 -1.5806000E-01  9.9980000E-01  9.8723000E-01 -1.7156000E-07  9.8706000E-01
 3.2000000E+01  2.4837000E-01 -1.6332000E-01  9.9980000E-01  9.8637000E-01 -1.7727000E-07  9.8621000E-01
 3.2500000E+01  2.4722000E-01 -1.6868000E-01  9.9980000E-01  9.8547000E-01 -1.8308000E-07  9.8531000E-01
 3.3000000E+01  2.4605000E-01 -1.7413000E-01  9.9980000E-01  9.8452000E-01 -1.8899000E-07  9.8436000E-01
 3.3500000E+01  2.4488000E-01 -1.7967000E-01  9.9980000E-01  9.8353000E-01 -1.9500000E-07  9.8336000E-01
 3.4000000E+01  2.4369000E-01 -1.8530000E-01  9.9980000E-01  9.8248000E-01 -2.0111000E-07  9.8231000E-01
 3.4500000E+01  2.4250000E-01 -1.9103000E-01  9.9980000E-01  9.8138000E-01 -2.0733000E-07  9.8121000E-01
 3.5000000E+01  2.4130000E-01 -1.9686000E-01  9.9980000E-01  9.8023000E-01 -2.1365000E-07  9.8006000E-01
 3.5500000E+01  2.4010000E-01 -2.0278000E-01  9.9980000E-01  9.7902000E-01 -2.2007000E-07  9.7885000E-01
 3.6000000E+01  2.3888000E-01 -2.0879000E-01  9.9980000E-01  9.7775000E-01 -2.2660000E-07  9.7759000E-01
 3.6500000E+01  2.3766000E-01 -2.1491000E-01  9.9980000E-01  9.7643000E-01 -2.3323000E-07  9.7626000E-01
 3.7000000E+01  2.3643000E-01 -2.2111000E-01  9.9979000E-01  9.7504000E-01 -2.3996000E-07  9.7487000E-01
 3.7500000E+01  2.3520000E-01 -2.2741000E-01  9.9979000E-01  9.7359000E-01 -2.4679000E-07  9.7342000E-01
 3.8000000E+01  2.3396000E-01 -2.3381000E-01  9.9979000E-01  9.7207000E-01 -2.5373000E-07  9.7191000E-01
 3.8500000E+01  2.3272000E-01 -2.4030000E-01  9.9979000E-01  9.7048000E-01 -2.6077000E-07  9.7032000E-01
 3.9000000E+01  2.3147000E-01 -2.4689000E-01  9.9979000E-01  9.6883000E-01 -2.6792000E-07  9.6866000E-01
 3.9500000E+01  2.3021000E-01 -2.5357000E-01  9.9979000E-01  9.6710000E-01 -2.7516000E-07  9.6694000E-01
 4.0000000E+01  2.2895000E-01 -2.6035000E-01  9.9979000E-01  9.6530000E-01 -2.8252000E-07  9.6513000E-01
 4.0500000E+01  2.2769000E-01 -2.6722000E-01  9.9979000E-01  9.6341000E-01 -2.8997000E-07  9.6325000E-01
 4.1000000E+01  2.2643000E-01 -2.7419000E-01  9.9979000E-01  9.6145000E-01 -2.9752000E-07  9.6129000E-01
 4.1500000E+01  2.2516000E-01 -2.8125000E-01  9.9978000E-01  9.5941000E-01 -3.0518000E-07  9.5925000E-01
 4.2000000E+01  2.2389000E-01 -2.8840000E-01  9.9978000E-01  9.5728000E-01 -3.1294000E-07  9.5712000E-01
 4.2500000E+01  2.2261000E-01 -2.9565000E-01  9.9978000E-01  9.5507000E-01 -3.2080000E-07  9.5491000E-01
 4.3000000E+01  2.2134000E-01 -3.0300000E-01  9.9978000E-01  9.5276000E-01 -3.2877000E-07  9.5260000E-01
 4.3500000E+01  2.2006000E-01 -3.1043000E-01  9.9978000E-01  9.5036000E-01 -3.3683000E-07  9.5020000E-01
 4.4000000E+01  2.1878000E-01 -3.1796000E-01  9.9978000E-01  9.4787000E-01 -3.4499000E-07  9.4771000E-01
 4.4500000E+01  2.1751000E-01 -3.2558000E-01  9.9978000E-01  9.4528000E-01 -3.5325000E-07  9.4512000E-01
 4.5000000E+01  2.1623000E-01 -3.3329000E-01  9.9978000E-01  9.4259000E-01 -3.6161000E-07  9.4243000E-01
 4.5500000E+01  2.1495000E-01 -3.4109000E-01  9.9977000E-01  9.3979000E-01 -3.7007000E-07  9.3963000E-01
 4.6000000E+01  2.1367000E-01 -3.4898000E-01  9.9977000E-01  9.3689000E-01 -3.7863000E-07  9.3673000E-01
 4.6500000E+01  2.1239000E-01 -3.5696000E-01  9.9977000E-01  9.3388000E-01 -3.8728000E-07  9.3372000E-01
 4.7000000E+01  2.1112000E-01 -3.6502000E-01  9.9977000E-01  9.3075000E-01 -3.9602000E-07  9.3060000E-01
 4.7500000E+01  2.0984000E-01 -3.7317000E-01  9.9977000E-01  9.2751000E-01 -4.0486000E-07  9.2736000E-01
 4.8000000E+01  2.0857000E-01 -3.8141000E-01  9.9977000E-01  9.2415000E-01 -4.1379000E-07  9.2400000E-01
 4.8500000E+01  2.0730000E-01 -3.8973000E-01  9.9977000E-01  9.2067000E-01 -4.2281000E-07  9.2052000E-01
 4.9000000E+01  2.0603000E-01 -3.9814000E-01  9.9976000E-01  9.1707000E-01 -4.3192000E-07  9.1691000E-01
 4.9500000E+01  2.0477000E-01 -4.0662000E-01  9.9976000E-01  9.1334000E-01 -4.4112000E-07  9.1318000E-01
 5.0000000E+01  2.0351000E-01 -4.1519000E-01  9.9976000E-01  9.0947000E-01 -4.5041000E-07  9.0932000E-01
 5.0500000E+01  2.0225000E-01 -4.2383000E-01  9.9976000E-01  9.0548000E-01 -4.5977000E-07  9.0532000E-01
 5.1000000E+01  2.0100000E-01 -4.3255000E-01  9.9976000E-01  9.0134000E-01 -4.6923000E-07  9.0119000E-01
 5.1500000E+01  1.9975000E-01 -4.4135000E-01  9.9976000E-01  8.9707000E-01 -4.7876000E-07  8.9692000E-01
 5.2000000E+01  1.9851000E-01 -4.5021000E-01  9.9976000E-01  8.9265000E-01 -4.8837000E-07  8.9250000E-01
 5.2500000E+01  1.9727000E-01 -4.5915000E-01  9.9975000E-01  8.8808000E-01 -4.9805000E-07  8.8793000E-01
 5.3000000E+01  1.9604000E-01 -4.6816000E-01  9.9975000E-01  8.8337000E-01 -5.0781000E-07  8.8322000E-01
 5.3500000E+01  1.9481000E-01 -4.7723000E-01  9.9975000E-01  8.7850000E-01 -5.1765000E-07  8.7835000E-01
 5.4000000E+01  1.9359000E-01 -4.8636000E-01  9.9975000E-01  8.7347000E-01 -5.2755000E-07  8.7332000E-01
 5.4500000E+01  1.9238000E-01 -4.9556000E-01  9.9975000E-01  8.6828000E-01 -5.3751000E-07  8.6814000E-01
 5.5000000E+01  1.9117000E-01 -5.0482000E-01  9.9975000E-01  8.6293000E-01 -5.4754000E-07  8.6279000E-01
 5.5500000E+01  1.8998000E-01 -5.1413000E-01  9.9975000E-01  8.5742000E-01 -5.5763000E-07  8.5727000E-01
 5.6000000E+01  1.8879000E-01 -5.2349000E-01  9.9974000E-01  8.5173000E-01 -5.6778000E-07  8.5159000E-01
 5.6500000E+01  1.8761000E-01 -5.3290000E-01  9.9974000E-01  8.4587000E-01 -5.7797000E-07  8.4573000E-01
 5.7000000E+01  1.8644000E-01 -5.4236000E-01  9.9974000E-01  8.3984000E-01 -5.8822000E-07  8.3970000E-01
 5.7500000E+01  1.8527000E-01 -5.5186000E-01  9.9974000E-01  8.3362000E-01 -5.9852000E-07  8.3348000E-01
 5.8000000E+01  1.8412000E-01 -5.6140000E-01  9.9974000E-01  8.2722000E-01 -6.0885000E-07  8.2709000E-01
 5.8500000E+01  1.8298000E-01 -5.7098000E-01  9.9974000E-01  8.2064000E-01 -6.1923000E-07  8.2050000E-01
 5.9000000E+01  1.8184000E-01 -5.8059000E-01  9.9973000E-01  8.1387000E-01 -6.2964000E-07  8.1373000E-01
 5.9500000E+01  1.8072000E-01 -5.9022000E-01  9.9973000E-01  8.0691000E-01 -6.4007000E-07  8.0677000E-01
 6.0000000E+01  1.7961000E-01 -5.9988000E-01  9.9973000E-01  7.9975000E-01 -6.5054000E-07  7.9962000E-01
 6.0500000E+01  1.7850000E-01 -6.0956000E-01  9.9973000E-01  7.9240000E-01 -6.6102000E-07  7.9226000E-01
 6.1000000E+01  1.7741000E-01 -6.1926000E-01  9.9973000E-01  7.8484000E-01 -6.7152000E-07  7.8471000E-01
 6.1500000E+01  1.7634000E-01 -6.2896000E-01  9.9973000E-01  7.7708000E-01 -6.8203000E-07  7.7695000E-01
 6.2000000E+01  1.7527000E-01 -6.3867000E-01  9.9972000E-01  7.6912000E-01 -6.9255000E-07  7.6899000E-01
 6.2500000E+01  1.7422000E-01 -6.4838000E-01  9.9972000E-01  7.6095000E-01 -7.0307000E-07  7.6082000E-01
 6.3000000E+01  1.7317000E-01 -6.5809000E-01  9.9972000E-01  7.5257000E-01 -7.1358000E-07  7.5244000E-01
 6.3500000E+01  1.7215000E-01 -6.6779000E-01  9.9972000E-01  7.4397000E-01 -7.2408000E-07  7.4385000E-01
 6.4000000E+01  1.7113000E-01 -6.7747000E-01  9.9972000E-01  7.3517000E-01 -7.3456000E-07  7.3504000E-01
 6.4500000E+01  1.7013000E-01 -6.8713000E-01  9.9972000E-01  7.2614000E-01 -7.4503000E-07  7.2602000E-01
 6.5000000E+01  1.6914000E-01 -6.9677000E-01  9.9971000E-01  7.1690000E-01 -7.5546000E-07  7.1678000E-01
 6.5500000E+01  1.6817000E-01 -7.0637000E-01  9.9971000E-01  7.0743000E-01 -7.6586000E-07  7.0732000E-01
 6.6000000E+01  1.6721000E-01 -7.1594000E-01  9.9971000E-01  6.9775000E-01 -7.7621000E-07  6.9763000E-01
 6.6500000E+01  1.6627000E-01 -7.2546000E-01  9.9971000E-01  6.8784000E-01 -7.8652000E-07  6.8772000E-01
 6.7000000E+01  1.6534000E-01 -7.3493000E-01  9.9971000E-01  6.7771000E-01 -7.9678000E-07  6.7759000E-01
 6.7500000E+01  1.6442000E-01 -7.4435000E-01  9.9971000E-01  6.6735000E-01 -8.0697000E-07  6.6724000E-01
 6.8000000E+01  1.6353000E-01 -7.5370000E-01  9.9970000E-01  6.5677000E-01 -8.1709000E-07  6.5666000E-01
 6.8500000E+01  1.6264000E-01 -7.6299000E-01  9.9970000E-01  6.4595000E-01 -8.2714000E-07  6.4585000E-01
 6.9000000E+01  1.6178000E-01 -7.7220000E-01  9.9970000E-01  6.3492000E-01 -8.3711000E-07  6.3481000E-01
 6.9500000E+01  1.6093000E-01 -7.8132000E-01  9.9970000E-01  6.2365000E-01 -8.4698000E-07  6.2355000E-01
 7.0000000E+01  1.6010000E-01 -7.9035000E-01  9.9970000E-01  6.1216000E-01 -8.5676000E-07  6.1205000E-01
 7.0500000E+01  1.5928000E-01 -7.9929000E-01  9.9970000E-01  6.0044000E-01 -8.6643000E-07  6.0034000E-01
 7.1000000E+01  1.5848000E-01 -8.0813000E-01  9.9970000E-01  5.8849000E-01 -8.7599000E-07  5.8839000E-01
 7.1500000E+01  1.5770000E-01 -8.1685000E-01  9.9969000E-01  5.7632000E-01 -8.8543000E-07  5.7622000E-01
 7.2000000E+01  1.5694000E-01 -8.2546000E-01  9.9969000E-01  5.6392000E-01 -8.9473000E-07  5.6383000E-01
 7.2500000E+01  1.5619000E-01 -8.3394000E-01  9.9969000E-01  5.5130000E-01 -9.0391000E-07  5.5121000E-01
 7.3000000E+01  1.5546000E-01 -8.4228000E-01  9.9969000E-01  5.3846000E-01 -9.1294000E-07  5.3837000E-01
 7.3500000E+01  1.5475000E-01 -8.5049000E-01  9.9969000E-01  5.2540000E-01 -9.2181000E-07  5.2531000E-01
 7.4000000E+01  1.5406000E-01 -8.5855000E-01  9.9969000E-01  5.1212000E-01 -9.3053000E-07  5.1203000E-01
 7.4500000E+01  1.5339000E-01 -8.6646000E-01  9.9969000E-01  4.9862000E-01 -9.3908000E-07  4.9854000E-01
 7.5000000E+01  1.5273000E-01 -8.7420000E-01  9.9968000E-01  4.8491000E-01 -9.4745000E-07  4.8483000E-01
 7.5500000E+01  1.5210000E-01 -8.8178000E-01  9.9968000E-01  4.7099000E-01 -9.5564000E-07  4.7091000E-01
 7.6000000E+01  1.5148000E-01 -8.8918000E-01  9.9968000E-01  4.5687000E-01 -9.6364000E-07  4.5679000E-01
 7.6500000E+01  1.5088000E-01 -8.9639000E-01  9.9968000E-01  4.4254000E-01 -9.7144000E-07  4.4247000E-01
 7.7000000E+01  1.5031000E-01 -9.0342000E-01  9.9968000E-01  4.2802000E-01 -9.7903000E-07  4.2794000E-01
 7.7500000E+01  1.4975000E-01 -9.1025000E-01  9.9968000E-01  4.1329000E-01 -9.8641000E-07  4.1322000E-01
 7.8000000E+01  1.4921000E-01 -9.1687000E-01  9.9968000E-01  3.9838000E-01 -9.9357000E-07  3.9832000E-01
 7.8500000E+01  1.4869000E-01 -9.2328000E-01  9.9968000E-01  3.8329000E-01 -1.0005000E-06  3.8322000E-01
 7.9000000E+01  1.4820000E-01 -9.2947000E-01  9.9968000E-01  3.6801000E-01 -1.0072000E-06  3.6795000E-01
 7.9500000E+01  1.4772000E-01 -9.3544000E-01  9.9967000E-01  3.5256000E-01 -1.0136000E-06  3.5250000E-01
 8.0000000E+01  1.4726000E-01 -9.4118000E-01  9.9967000E-01  3.3693000E-01 -1.0198000E-06  3.3688000E-01
 8.0500000E+01  1.4683000E-01 -9.4668000E-01  9.9967000E-01  3.2115000E-01 -1.0258000E-06  3.2109000E-01
 8.1000000E+01  1.4641000E-01 -9.5194000E-01  9.9967000E-01  3.0521000E-01 -1.0314000E-06  3.0515000E-01
 8.1500000E+01  1.4602000E-01 -9.5695000E-01  9.9967000E-01  2.8911000E-01 -1.0368000E-06  2.8906000E-01
 8.2000000E+01  1.4564000E-01 -9.6171000E-01  9.9967000E-01  2.7288000E-01 -1.0420000E-06  2.7283000E-01
 8.2500000E+01  1.4529000E-01 -9.6620000E-01  9.9967000E-01  2.5650000E-01 -1.0468000E-06  2.5646000E-01
 8.3000000E+01  1.4496000E-01 -9.7043000E-01  9.9967000E-01  2.4000000E-01 -1.0514000E-06  2.3996000E-01
 8.3500000E+01  1.4465000E-01 -9.7439000E-01  9.9967000E-01  2.2337000E-01 -1.0557000E-06  2.2334000E-01
 8.4000000E+01  1.4436000E-01 -9.7808000E-01  9.9967000E-01  2.0663000E-01 -1.0596000E-06  2.0660000E-01
 8.4500000E+01  1.4409000E-01 -9.8149000E-01  9.9967000E-01  1.8979000E-01 -1.0633000E-06  1.8976000E-01
 8.5000000E+01  1.4384000E-01 -9.8461000E-01  9.9967000E-01  1.7284000E-01 -1.0667000E-06  1.7281000E-01
 8.5500000E+01  1.4362000E-01 -9.8745000E-01  9.9967000E-01  1.5581000E-01 -1.0697000E-06  1.5578000E-01
 8.6000000E+01  1.4341000E-01 -9.9000000E-01  9.9967000E-01  1.3869000E-01 -1.0724000E-06  1.3867000E-01
 8.6500000E+01  1.4323000E-01 -9.9225000E-01  9.9967000E-01  1.2150000E-01 -1.0749000E-06  1.2148000E-01
 8.7000000E+01  1.4307000E-01 -9.9421000E-01  9.9966000E-01  1.0425000E-01 -1.0770000E-06  1.0424000E-01
 8.7500000E+01  1.4293000E-01 -9.9588000E-01  9.9966000E-01  8.6945000E-02 -1.0787000E-06  8.6931000E-02
 8.8000000E+01  1.4282000E-01 -9.9724000E-01  9.9966000E-01  6.9591000E-02 -1.0802000E-06  6.9580000E-02
 8.8500000E+01  1.4272000E-01 -9.9830000E-01  9.9966000E-01  5.2201000E-02 -1.0813000E-06  5.2192000E-02
 8.9000000E+01  1.4265000E-01 -9.9906000E-01  9.9966000E-01  3.4783000E-02 -1.0821000E-06  3.4777000E-02
 8.9500000E+01  1.4259000E-01 -9.9951000E-01  9.9966000E-01  1.7346000E-02 -1.0826000E-06  1.7343000E-02
 9.0000000E+01  1.4256000E-01 -9.9966000E-01  9.9966000E-01 -1.0003000E-04 -1.0827000E-06 -9.9706000E-05
 9.0500000E+01  1.4255000E-01 -9.9951000E-01  9.9966000E-01 -1.7546000E-02 -1.0825000E-06 -1.7543000E-02
 9.1000000E+01  1.4257000E-01 -9.9905000E-01  9.9966000E-01 -3.4983000E-02 -1.0820000E-06 -3.4976000E-02
 9.1500000E+01  1.4260000E-01 -9.9829000E-01  9.9966000E-01 -5.2400000E-02 -1.0812000E-06 -5.2391000E-02
 9.2000000E+01  1.4266000E-01 -9.9723000E-01  9.9966000E-01 -6.9791000E-02 -1.0800000E-06 -6.9778000E-02
 9.2500000E+01  1.4274000E-01 -9.9586000E-01  9.9966000E-01 -8.7144000E-02 -1.0785000E-06 -8.7129000E-02
 9.3000000E+01  1.4284000E-01 -9.9419000E-01  9.9966000E-01 -1.0445000E-01 -1.0767000E-06 -1.0443000E-01
 9.3500000E+01  1.4296000E-01 -9.9223000E-01  9.9967000E-01 -1.2170000E-01 -1.0745000E-06 -1.2168000E-01
 9.4000000E+01  1.4310000E-01 -9.8997000E-01  9.9967000E-01 -1.3889000E-01 -1.0720000E-06 -1.3887000E-01
 9.4500000E+01  1.4326000E-01 -9.8742000E-01  9.9967000E-01 -1.5600000E-01 -1.0693000E-06 -1.5598000E-01
 9.5000000E+01  1.4345000E-01 -9.8458000E-01  9.9967000E-01 -1.7304000E-01 -1.0662000E-06 -1.7301000E-01
 9.5500000E+01  1.4366000E-01 -9.8145000E-01  9.9967000E-01 -1.8998000E-01 -1.0627000E-06 -1.8995000E-01
 9.6000000E+01  1.4388000E-01 -9.7804000E-01  9.9967000E-01 -2.0683000E-01 -1.0590000E-06 -2.0679000E-01
 9.6500000E+01  1.4413000E-01 -9.7435000E-01  9.9967000E-01 -2.2356000E-01 -1.0550000E-06 -2.2353000E-01
 9.7000000E+01  1.4440000E-01 -9.7039000E-01  9.9967000E-01 -2.4019000E-01 -1.0507000E-06 -2.4015000E-01
 9.7500000E+01  1.4469000E-01 -9.6615000E-01  9.9967000E-01 -2.5669000E-01 -1.0461000E-06 -2.5665000E-01
 9.8000000E+01  1.4501000E-01 -9.6165000E-01  9.9967000E-01 -2.7306000E-01 -1.0412000E-06 -2.7301000E-01
 9.8500000E+01  1.4534000E-01 -9.5690000E-01  9.9967000E-01 -2.8930000E-01 -1.0360000E-06 -2.8925000E-01
 9.9000000E+01  1.4569000E-01 -9.5188000E-01  9.9967000E-01 -3.0539000E-01 -1.0306000E-06 -3.0534000E-01
 9.9500000E+01  1.4607000E-01 -9.4662000E-01  9.9967000E-01 -3.2133000E-01 -1.0249000E-06 -3.2127000E-01
 1.0000000E+02  1.4646000E-01 -9.4112000E-01  9.9967000E-01 -3.3711000E-01 -1.0189000E-06 -3.3705000E-01
 1.0050000E+02  1.4687000E-01 -9.3538000E-01  9.9967000E-01 -3.5273000E-01 -1.0126000E-06 -3.5267000E-01
 1.0100000E+02  1.4731000E-01 -9.2941000E-01  9.9968000E-01 -3.6818000E-01 -1.0062000E-06 -3.6812000E-01
 1.0150000E+02  1.4776000E-01 -9.2321000E-01  9.9968000E-01 -3.8346000E-01 -9.9942000E-07 -3.8339000E-01
 1.0200000E+02  1.4824000E-01 -9.1680000E-01  9.9968000E-01 -3.9855000E-01 -9.9246000E-07 -3.9848000E-01
 1.0250000E+02  1.4873000E-01 -9.1017000E-01  9.9968000E-01 -4.1346000E-01 -9.8526000E-07 -4.1339000E-01
 1.0300000E+02  1.4925000E-01 -9.0334000E-01  9.9968000E-01 -4.2818000E-01 -9.7785000E-07 -4.2811000E-01
 1.0350000E+02  1.4978000E-01 -8.9631000E-01  9.9968000E-01 -4.4270000E-01 -9.7022000E-07 -4.4263000E-01
 1.0400000E+02  1.5033000E-01 -8.8910000E-01  9.9968000E-01 -4.5703000E-01 -9.6239000E-07 -4.5695000E-01
 1.0450000E+02  1.5090000E-01 -8.8170000E-01  9.9968000E-01 -4.7115000E-01 -9.5436000E-07 -4.7107000E-01
 1.0500000E+02  1.5149000E-01 -8.7412000E-01  9.9969000E-01 -4.8507000E-01 -9.4614000E-07 -4.8498000E-01
 1.0550000E+02  1.5210000E-01 -8.6637000E-01  9.9969000E-01 -4.9877000E-01 -9.3773000E-07 -4.9869000E-01
 1.0600000E+02  1.5273000E-01 -8.5846000E-01  9.9969000E-01 -5.1226000E-01 -9.2915000E-07 -5.1218000E-01
 1.0650000E+02  1.5337000E-01 -8.5040000E-01  9.9969000E-01 -5.2554000E-01 -9.2041000E-07 -5.2545000E-01
 1.0700000E+02  1.5403000E-01 -8.4219000E-01  9.9969000E-01 -5.3860000E-01 -9.1150000E-07 -5.3851000E-01
 1.0750000E+02  1.5472000E-01 -8.3384000E-01  9.9969000E-01 -5.5144000E-01 -9.0245000E-07 -5.5135000E-01
 1.0800000E+02  1.5541000E-01 -8.2536000E-01  9.9969000E-01 -5.6406000E-01 -8.9325000E-07 -5.6396000E-01
 1.0850000E+02  1.5613000E-01 -8.1676000E-01  9.9969000E-01 -5.7645000E-01 -8.8392000E-07 -5.7636000E-01
 1.0900000E+02  1.5686000E-01 -8.0803000E-01  9.9970000E-01 -5.8862000E-01 -8.7446000E-07 -5.8852000E-01
 1.0950000E+02  1.5761000E-01 -7.9920000E-01  9.9970000E-01 -6.0057000E-01 -8.6488000E-07 -6.0046000E-01
 1.1000000E+02  1.5838000E-01 -7.9026000E-01  9.9970000E-01 -6.1228000E-01 -8.5519000E-07 -6.1218000E-01
 1.1050000E+02  1.5916000E-01 -7.8122000E-01  9.9970000E-01 -6.2377000E-01 -8.4539000E-07 -6.2367000E-01
 1.1100000E+02  1.5996000E-01 -7.7210000E-01  9.9970000E-01 -6.3504000E-01 -8.3550000E-07 -6.3493000E-01
 1.1150000E+02  1.6078000E-01 -7.6289000E-01  9.9970000E-01 -6.4607000E-01 -8.2552000E-07 -6.4596000E-01
 1.1200000E+02  1.6161000E-01 -7.5361000E-01  9.9971000E-01 -6.5688000E-01 -8.1545000E-07 -6.5677000E-01
 1.1250000E+02  1.6245000E-01 -7.4425000E-01  9.9971000E-01 -6.6746000E-01 -8.0532000E-07 -6.6735000E-01
 1.1300000E+02  1.6331000E-01 -7.3484000E-01  9.9971000E-01 -6.7782000E-01 -7.9511000E-07 -6.7770000E-01
 1.1350000E+02  1.6419000E-01 -7.2536000E-01  9.9971000E-01 -6.8795000E-01 -7.8485000E-07 -6.8783000E-01
 1.1400000E+02  1.6508000E-01 -7.1584000E-01  9.9971000E-01 -6.9785000E-01 -7.7453000E-07 -6.9773000E-01
 1.1450000E+02  1.6598000E-01 -7.0627000E-01  9.9971000E-01 -7.0753000E-01 -7.6416000E-07 -7.0742000E-01
 1.1500000E+02  1.6690000E-01 -6.9667000E-01  9.9972000E-01 -7.1700000E-01 -7.5375000E-07 -7.1687000E-01
 1.1550000E+02  1.6783000E-01 -6.8703000E-01  9.9972000E-01 -7.2624000E-01 -7.4331000E-07 -7.2611000E-01
 1.1600000E+02  1.6878000E-01 -6.7737000E-01  9.9972000E-01 -7.3526000E-01 -7.3285000E-07 -7.3513000E-01
 1.1650000E+02  1.6974000E-01 -6.6769000E-01  9.9972000E-01 -7.4406000E-01 -7.2236000E-07 -7.4394000E-01
 1.1700000E+02  1.7071000E-01 -6.5799000E-01  9.9972000E-01 -7.5265000E-01 -7.1185000E-07 -7.5253000E-01
 1.1750000E+02  1.7169000E-01 -6.4829000E-01  9.9972000E-01 -7.6103000E-01 -7.0134000E-07 -7.6091000E-01
 1.1800000E+02  1.7269000E-01 -6.3858000E-01  9.9972000E-01 -7.6920000E-01 -6.9082000E-07 -7.6907000E-01
 1.1850000E+02  1.7370000E-01 -6.2887000E-01  9.9973000E-01 -7.7716000E-01 -6.8030000E-07 -7.7703000E-01
 1.1900000E+02  1.7472000E-01 -6.1916000E-01  9.9973000E-01 -7.8492000E-01 -6.6979000E-07 -7.8479000E-01
 1.1950000E+02  1.7575000E-01 -6.0947000E-01  9.9973000E-01 -7.9247000E-01 -6.5929000E-07 -7.9234000E-01
 1.2000000E+02  1.7679000E-01 -5.9979000E-01  9.9973000E-01 -7.9982000E-01 -6.4881000E-07 -7.9969000E-01
 1.2050000E+02  1.7785000E-01 -5.9013000E-01  9.9973000E-01 -8.0698000E-01 -6.3835000E-07 -8.0684000E-01
 1.2100000E+02  1.7891000E-01 -5.8049000E-01  9.9973000E-01 -8.1394000E-01 -6.2791000E-07 -8.1380000E-01
 1.2150000E+02  1.7998000E-01 -5.7089000E-01  9.9974000E-01 -8.2071000E-01 -6.1751000E-07 -8.2057000E-01
 1.2200000E+02  1.8106000E-01 -5.6131000E-01  9.9974000E-01 -8.2729000E-01 -6.0714000E-07 -8.2715000E-01
 1.2250000E+02  1.8216000E-01 -5.5177000E-01  9.9974000E-01 -8.3368000E-01 -5.9681000E-07 -8.3354000E-01
 1.2300000E+02  1.8326000E-01 -5.4227000E-01  9.9974000E-01 -8.3990000E-01 -5.8652000E-07 -8.3975000E-01
 1.2350000E+02  1.8437000E-01 -5.3281000E-01  9.9974000E-01 -8.4593000E-01 -5.7628000E-07 -8.4579000E-01
 1.2400000E+02  1.8548000E-01 -5.2340000E-01  9.9974000E-01 -8.5179000E-01 -5.6609000E-07 -8.5164000E-01
 1.2450000E+02  1.8661000E-01 -5.1404000E-01  9.9975000E-01 -8.5747000E-01 -5.5596000E-07 -8.5733000E-01
 1.2500000E+02  1.8774000E-01 -5.0473000E-01  9.9975000E-01 -8.6299000E-01 -5.4588000E-07 -8.6284000E-01
 1.2550000E+02  1.8888000E-01 -4.9548000E-01  9.9975000E-01 -8.6833000E-01 -5.3586000E-07 -8.6819000E-01
 1.2600000E+02  1.9003000E-01 -4.8628000E-01  9.9975000E-01 -8.7352000E-01 -5.2590000E-07 -8.7337000E-01
 1.2650000E+02  1.9118000E-01 -4.7715000E-01  9.9975000E-01 -8.7854000E-01 -5.1602000E-07 -8.7839000E-01
 1.2700000E+02  1.9234000E-01 -4.6807000E-01  9.9975000E-01 -8.8341000E-01 -5.0620000E-07 -8.8326000E-01
 1.2750000E+02  1.9351000E-01 -4.5907000E-01  9.9975000E-01 -8.8812000E-01 -4.9645000E-07 -8.8798000E-01
 1.2800000E+02  1.9468000E-01 -4.5013000E-01  9.9976000E-01 -8.9269000E-01 -4.8678000E-07 -8.9254000E-01
 1.2850000E+02  1.9586000E-01 -4.4127000E-01  9.9976000E-01 -8.9711000E-01 -4.7718000E-07 -8.9695000E-01
 1.2900000E+02  1.9704000E-01 -4.3247000E-01  9.9976000E-01 -9.0138000E-01 -4.6767000E-07 -9.0123000E-01
 1.2950000E+02  1.9822000E-01 -4.2376000E-01  9.9976000E-01 -9.0551000E-01 -4.5823000E-07 -9.0536000E-01
 1.3000000E+02  1.9941000E-01 -4.1511000E-01  9.9976000E-01 -9.0951000E-01 -4.4888000E-07 -9.0936000E-01
 1.3050000E+02  2.0061000E-01 -4.0655000E-01  9.9976000E-01 -9.1337000E-01 -4.3961000E-07 -9.1322000E-01
 1.3100000E+02  2.0180000E-01 -3.9807000E-01  9.9977000E-01 -9.1710000E-01 -4.3043000E-07 -9.1695000E-01
 1.3150000E+02  2.0300000E-01 -3.8966000E-01  9.9977000E-01 -9.2070000E-01 -4.2133000E-07 -9.2055000E-01
 1.3200000E+02  2.0420000E-01 -3.8134000E-01  9.9977000E-01 -9.2418000E-01 -4.1233000E-07 -9.2403000E-01
 1.3250000E+02  2.0541000E-01 -3.7311000E-01  9.9977000E-01 -9.2754000E-01 -4.0342000E-07 -9.2738000E-01
 1.3300000E+02  2.0661000E-01 -3.6495000E-01  9.9977000E-01 -9.3078000E-01 -3.9460000E-07 -9.3062000E-01
 1.3350000E+02  2.0782000E-01 -3.5689000E-01  9.9977000E-01 -9.3390000E-01 -3.8587000E-07 -9.3375000E-01
 1.3400000E+02  2.0903000E-01 -3.4891000E-01  9.9977000E-01 -9.3691000E-01 -3.7724000E-07 -9.3676000E-01
 1.3450000E+02  2.1024000E-01 -3.4102000E-01  9.9977000E-01 -9.3981000E-01 -3.6871000E-07 -9.3966000E-01
 1.3500000E+02  2.1145000E-01 -3.3323000E-01  9.9978000E-01 -9.4261000E-01 -3.6027000E-07 -9.4245000E-01
 1.3550000E+02  2.1266000E-01 -3.2552000E-01  9.9978000E-01 -9.4530000E-01 -3.5193000E-07 -9.4514000E-01
 1.3600000E+02  2.1386000E-01 -3.1790000E-01  9.9978000E-01 -9.4789000E-01 -3.4369000E-07 -9.4773000E-01
 1.3650000E+02  2.1507000E-01 -3.1037000E-01  9.9978000E-01 -9.5038000E-01 -3.3555000E-07 -9.5022000E-01
 1.3700000E+02  2.1628000E-01 -3.0294000E-01  9.9978000E-01 -9.5278000E-01 -3.2750000E-07 -9.5262000E-01
 1.3750000E+02  2.1748000E-01 -2.9560000E-01  9.9978000E-01 -9.5509000E-01 -3.1956000E-07 -9.5492000E-01
 1.3800000E+02  2.1869000E-01 -2.8835000E-01  9.9978000E-01 -9.5730000E-01 -3.1172000E-07 -9.5714000E-01
 1.3850000E+02  2.1989000E-01 -2.8119000E-01  9.9978000E-01 -9.5943000E-01 -3.0398000E-07 -9.5927000E-01
 1.3900000E+02  2.2109000E-01 -2.7413000E-01  9.9979000E-01 -9.6147000E-01 -2.9635000E-07 -9.6131000E-01
 1.3950000E+02  2.2228000E-01 -2.6717000E-01  9.9979000E-01 -9.6343000E-01 -2.8881000E-07 -9.6327000E-01
 1.4000000E+02  2.2347000E-01 -2.6030000E-01  9.9979000E-01 -9.6531000E-01 -2.8138000E-07 -9.6515000E-01
 1.4050000E+02  2.2466000E-01 -2.5352000E-01  9.9979000E-01 -9.6711000E-01 -2.7405000E-07 -9.6695000E-01
 1.4100000E+02  2.2585000E-01 -2.4684000E-01  9.9979000E-01 -9.6884000E-01 -2.6682000E-07 -9.6868000E-01
 1.4150000E+02  2.2703000E-01 -2.4025000E-01  9.9979000E-01 -9.7050000E-01 -2.5970000E-07 -9.7033000E-01
 1.4200000E+02  2.2820000E-01 -2.3376000E-01  9.9979000E-01 -9.7208000E-01 -2.5268000E-07 -9.7192000E-01
 1.4250000E+02  2.2937000E-01 -2.2737000E-01  9.9979000E-01 -9.7360000E-01 -2.4577000E-07 -9.7343000E-01
 1.4300000E+02  2.3053000E-01 -2.2107000E-01  9.9979000E-01 -9.7505000E-01 -2.3895000E-07 -9.7488000E-01
 1.4350000E+02  2.3169000E-01 -2.1486000E-01  9.9980000E-01 -9.7644000E-01 -2.3224000E-07 -9.7627000E-01
 1.4400000E+02  2.3284000E-01 -2.0875000E-01  9.9980000E-01 -9.7776000E-01 -2.2564000E-07 -9.7760000E-01
 1.4450000E+02  2.3399000E-01 -2.0274000E-01  9.9980000E-01 -9.7903000E-01 -2.1913000E-07 -9.7886000E-01
 1.4500000E+02  2.3513000E-01 -1.9682000E-01  9.9980000E-01 -9.8023000E-01 -2.1273000E-07 -9.8007000E-01
 1.4550000E+02  2.3626000E-01 -1.9100000E-01  9.9980000E-01 -9.8139000E-01 -2.0644000E-07 -9.8122000E-01
 1.4600000E+02  2.3738000E-01 -1.8527000E-01  9.9980000E-01 -9.8249000E-01 -2.0024000E-07 -9.8232000E-01
 1.4650000E+02  2.3850000E-01 -1.7963000E-01  9.9980000E-01 -9.8353000E-01 -1.9415000E-07 -9.8337000E-01
 1.4700000E+02  2.3961000E-01 -1.7409000E-01  9.9980000E-01 -9.8453000E-01 -1.8816000E-07 -9.8436000E-01
 1.4750000E+02  2.4070000E-01 -1.6864000E-01  9.9980000E-01 -9.8548000E-01 -1.8227000E-07 -9.8531000E-01
 1.4800000E+02  2.4179000E-01 -1.6329000E-01  9.9980000E-01 -9.8638000E-01 -1.7648000E-07 -9.8621000E-01
 1.4850000E+02  2.4287000E-01 -1.5803000E-01  9.9981000E-01 -9.8724000E-01 -1.7080000E-07 -9.8707000E-01
 1.4900000E+02  2.4395000E-01 -1.5287000E-01  9.9981000E-01 -9.8805000E-01 -1.6521000E-07 -9.8788000E-01
 1.4950000E+02  2.4501000E-01 -1.4779000E-01  9.9981000E-01 -9.8882000E-01 -1.5973000E-07 -9.8866000E-01
 1.5000000E+02  2.4606000E-01 -1.4281000E-01  9.9981000E-01 -9.8956000E-01 -1.5434000E-07 -9.8939000E-01
 1.5050000E+02  2.4710000E-01 -1.3793000E-01  9.9981000E-01 -9.9025000E-01 -1.4906000E-07 -9.9008000E-01
 1.5100000E+02  2.4813000E-01 -1.3313000E-01  9.9981000E-01 -9.9091000E-01 -1.4387000E-07 -9.9074000E-01
 1.5150000E+02  2.4914000E-01 -1.2843000E-01  9.9981000E-01 -9.9153000E-01 -1.3879000E-07 -9.9136000E-01
 1.5200000E+02  2.5015000E-01 -1.2381000E-01  9.9981000E-01 -9.9212000E-01 -1.3380000E-07 -9.9195000E-01
 1.5250000E+02  2.5114000E-01 -1.1929000E-01  9.9981000E-01 -9.9267000E-01 -1.2891000E-07 -9.9250000E-01
 1.5300000E+02  2.5213000E-01 -1.1486000E-01  9.9981000E-01 -9.9319000E-01 -1.2412000E-07 -9.9303000E-01
 1.5350000E+02  2.5310000E-01 -1.1052000E-01  9.9981000E-01 -9.9369000E-01 -1.1943000E-07 -9.9352000E-01
 1.5400000E+02  2.5405000E-01 -1.0627000E-01  9.9981000E-01 -9.9415000E-01 -1.1483000E-07 -9.9398000E-01
 1.5450000E+02  2.5500000E-01 -1.0210000E-01  9.9981000E-01 -9.9459000E-01 -1.1034000E-07 -9.9442000E-01
 1.5500000E+02  2.5593000E-01 -9.8032000E-02  9.9982000E-01 -9.9500000E-01 -1.0593000E-07 -9.9483000E-01
 1.5550000E+02  2.5685000E-01 -9.4047000E-02  9.9982000E-01 -9.9538000E-01 -1.0163000E-07 -9.9522000E-01
 1.5600000E+02  2.5775000E-01 -9.0150000E-02  9.9982000E-01 -9.9574000E-01 -9.7415000E-08 -9.9558000E-01
 1.5650000E+02  2.5864000E-01 -8.6342000E-02  9.9982000E-01 -9.9608000E-01 -9.3298000E-08 -9.9591000E-01
 1.5700000E+02  2.5951000E-01 -8.2620000E-02  9.9982000E-01 -9.9640000E-01 -8.9276000E-08 -9.9623000E-01
 1.5750000E+02  2.6037000E-01 -7.8986000E-02  9.9982000E-01 -9.9669000E-01 -8.5348000E-08 -9.9653000E-01
 1.5800000E+02  2.6122000E-01 -7.5438000E-02  9.9982000E-01 -9.9697000E-01 -8.1514000E-08 -9.9680000E-01
 1.5850000E+02  2.6205000E-01 -7.1976000E-02  9.9982000E-01 -9.9723000E-01 -7.7773000E-08 -9.9706000E-01
 1.5900000E+02  2.6286000E-01 -6.8600000E-02  9.9982000E-01 -9.9746000E-01 -7.4125000E-08 -9.9730000E-01
 1.5950000E+02  2.6366000E-01 -6.5310000E-02  9.9982000E-01 -9.9769000E-01 -7.0569000E-08 -9.9752000E-01
 1.6000000E+02  2.6445000E-01 -6.2105000E-02  9.9982000E-01 -9.9789000E-01 -6.7105000E-08 -9.9772000E-01
 1.6050000E+02  2.6521000E-01 -5.8984000E-02  9.9982000E-01 -9.9808000E-01 -6.3732000E-08 -9.9791000E-01
 1.6100000E+02  2.6596000E-01 -5.5947000E-02  9.9982000E-01 -9.9826000E-01 -6.0451000E-08 -9.9809000E-01
 1.6150000E+02  2.6670000E-01 -5.2995000E-02  9.9982000E-01 -9.9842000E-01 -5.7260000E-08 -9.9825000E-01
 1.6200000E+02  2.6742000E-01 -5.0125000E-02  9.9982000E-01 -9.9857000E-01 -5.4160000E-08 -9.9840000E-01
 1.6250000E+02  2.6812000E-01 -4.7339000E-02  9.9982000E-01 -9.9870000E-01 -5.1149000E-08 -9.9853000E-01
 1.6300000E+02  2.6880000E-01 -4.4636000E-02  9.9982000E-01 -9.9883000E-01 -4.8228000E-08 -9.9866000E-01
 1.6350000E+02  2.6946000E-01 -4.2015000E-02  9.9982000E-01 -9.9894000E-01 -4.5396000E-08 -9.9877000E-01
 1.6400000E+02  2.7011000E-01 -3.9477000E-02  9.9983000E-01 -9.9905000E-01 -4.2653000E-08 -9.9888000E-01
 1.6450000E+02  2.7074000E-01 -3.7020000E-02  9.9983000E-01 -9.9914000E-01 -3.9998000E-08 -9.9897000E-01
 1.6500000E+02  2.7135000E-01 -3.4645000E-02  9.9983000E-01 -9.9923000E-01 -3.7431000E-08 -9.9906000E-01
 1.6550000E+02  2.7195000E-01 -3.2350000E-02  9.9983000E-01 -9.9930000E-01 -3.4952000E-08 -9.9914000E-01
 1.6600000E+02  2.7252000E-01 -3.0137000E-02  9.9983000E-01 -9.9937000E-01 -3.2561000E-08 -9.9920000E-01
 1.6650000E+02  2.7308000E-01 -2.8004000E-02  9.9983000E-01 -9.9943000E-01 -3.0256000E-08 -9.9927000E-01
 1.6700000E+02  2.7362000E-01 -2.5951000E-02  9.9983000E-01 -9.9949000E-01 -2.8038000E-08 -9.9932000E-01
 1.6750000E+02  2.7413000E-01 -2.3978000E-02  9.9983000E-01 -9.9954000E-01 -2.5906000E-08 -9.9937000E-01
 1.6800000E+02  2.7463000E-01 -2.2085000E-02  9.9983000E-01 -9.9958000E-01 -2.3861000E-08 -9.9942000E-01
 1.6850000E+02  2.7511000E-01 -2.0271000E-02  9.9983000E-01 -9.9962000E-01 -2.1901000E-08 -9.9945000E-01
 1.6900000E+02  2.7558000E-01 -1.8536000E-02  9.9983000E-01 -9.9966000E-01 -2.0027000E-08 -9.9949000E-01
 1.6950000E+02  2.7602000E-01 -1.6881000E-02  9.9983000E-01 -9.9969000E-01 -1.8238000E-08 -9.9952000E-01
 1.7000000E+02  2.7644000E-01 -1.5303000E-02  9.9983000E-01 -9.9971000E-01 -1.6534000E-08 -9.9954000E-01
 1.7050000E+02  2.7684000E-01 -1.3805000E-02  9.9983000E-01 -9.9973000E-01 -1.4914000E-08 -9.9957000E-01
 1.7100000E+02  2.7722000E-01 -1.2384000E-02  9.9983000E-01 -9.9975000E-01 -1.3379000E-08 -9.9959000E-01
 1.7150000E+02  2.7759000E-01 -1.1041000E-02  9.9983000E-01 -9.9977000E-01 -1.1929000E-08 -9.9960000E-01
 1.7200000E+02  2.7793000E-01 -9.7766000E-03  9.9983000E-01 -9.9978000E-01 -1.0562000E-08 -9.9961000E-01
 1.7250000E+02  2.7825000E-01 -8.5893000E-03  9.9983000E-01 -9.9979000E-01 -9.2796000E-09 -9.9963000E-01
 1.7300000E+02  2.7855000E-01 -7.4795000E-03  9.9983000E-01 -9.9980000E-01 -8.0806000E-09 -9.9963000E-01
 1.7350000E+02  2.7883000E-01 -6.4470000E-03  9.9983000E-01 -9.9981000E-01 -6.9651000E-09 -9.9964000E-01
 1.7400000E+02  2.7909000E-01 -5.4916000E-03  9.9983000E-01 -9.9982000E-01 -5.9329000E-09 -9.9965000E-01
 1.7450000E+02  2.7933000E-01 -4.6131000E-03  9.9983000E-01 -9.9982000E-01 -4.9838000E-09 -9.9965000E-01
 1.7500000E+02  2.7955000E-01 -3.8115000E-03  9.9983000E-01 -9.9982000E-01 -4.1177000E-09 -9.9966000E-01
 1.7550000E+02  2.7975000E-01 -3.0866000E-03  9.9983000E-01 -9.9983000E-01 -3.3346000E-09 -9.9966000E-01
 1.7600000E+02  2.7993000E-01 -2.4382000E-03  9.9983000E-01 -9.9983000E-01 -2.6341000E-09 -9.9966000E-01
 1.7650000E+02  2.8009000E-01 -1.8664000E-03  9.9983000E-01 -9.9983000E-01 -2.0164000E-09 -9.9966000E-01
 1.7700000E+02  2.8022000E-01 -1.3710000E-03  9.9983000E-01 -9.9983000E-01 -1.4812000E-09 -9.9966000E-01
 1.7750000E+02  2.8034000E-01 -9.5196000E-04  9.9983000E-01 -9.9983000E-01 -1.0285000E-09 -9.9966000E-01
 1.7800000E+02  2.8043000E-01 -6.0919000E-04  9.9983000E-01 -9.9983000E-01 -6.5813000E-10 -9.9966000E-01
 1.7850000E+02  2.8051000E-01 -3.4264000E-04  9.9983000E-01 -9.9983000E-01 -3.7017000E-10 -9.9966000E-01
 1.7900000E+02  2.8056000E-01 -1.5227000E-04  9.9983000E-01 -9.9983000E-01 -1.6451000E-10 -9.9966000E-01
 1.7950000E+02  2.8059000E-01 -3.8066000E-05  9.9983000E-01 -9.9983000E-01 -4.1125000E-11 -9.9966000E-01
 1.8000000E+02  2.8060000E-01 -3.7737000E-15  9.9983000E-01 -9.9983000E-01 -4.0769000E-21 -9.9966000E-01
