length scale factor
3.5821400E-01
volume cluster radius, area mean sphere radius, circumscribing radius, cross section radius
7.2139057E+00 3.5785579E-01 2.8922031E+02 7.2139057E+00
total extinction, absorption, scattering efficiencies (unpolarized incidence)
6.8829000E+00 2.9393000E-01 6.5890000E+00
theta     11          12          22          33          34          44
0.000000 5.3900000E+00 -4.8909000E-07 9.9986000E-01 9.9986000E-01 -4.5453000E-07 9.9971000E-01
0.500000 5.2371000E+00 -1.8299000E-04 9.9985000E-01 9.9985000E-01 -1.6014000E-04 9.9971000E-01
1.000000 4.8053000E+00 -7.0261000E-04 9.9985000E-01 9.9985000E-01 -5.1814000E-04 9.9970000E-01
1.500000 4.1708000E+00 -1.5213000E-03 9.9984000E-01 9.9984000E-01 -8.9931000E-04 9.9968000E-01
2.000000 3.4345000E+00 -2.6437000E-03 9.9982000E-01 9.9982000E-01 -1.3803000E-03 9.9965000E-01
2.500000 2.6949000E+00 -4.0263000E-03 9.9980000E-01 9.9979000E-01 -2.2346000E-03 9.9960000E-01
3.000000 2.0274000E+00 -5.4415000E-03 9.9977000E-01 9.9976000E-01 -3.5225000E-03 9.9953000E-01
3.500000 1.4754000E+00 -6.5795000E-03 9.9973000E-01 9.9971000E-01 -4.9254000E-03 9.9945000E-01
4.000000 1.0519000E+00 -7.3998000E-03 9.9967000E-01 9.9966000E-01 -6.1653000E-03 9.9935000E-01
4.500000 7.4617000E-01 -8.2332000E-03 9.9959000E-01 9.9958000E-01 -7.3263000E-03 9.9920000E-01
5.000000 5.3386000E-01 -9.3463000E-03 9.9949000E-01 9.9947000E-01 -8.4049000E-03 9.9900000E-01
5.500000 3.8897000E-01 -1.0666000E-02 9.9936000E-01 9.9932000E-01 -9.1075000E-03 9.9873000E-01
6.000000 2.9097000E-01 -1.2128000E-02 9.9920000E-01 9.9912000E-01 -9.6804000E-03 9.9838000E-01
6.500000 2.2582000E-01 -1.3848000E-02 9.9899000E-01 9.9885000E-01 -1.0789000E-02 9.9792000E-01
7.000000 1.8386000E-01 -1.6026000E-02 9.9875000E-01 9.9857000E-01 -1.2064000E-02 9.9743000E-01
7.500000 1.5767000E-01 -1.9216000E-02 9.9853000E-01 9.9828000E-01 -1.2695000E-02 9.9694000E-01
8.000000 1.4122000E-01 -2.3832000E-02 9.9834000E-01 9.9795000E-01 -1.3057000E-02 9.9644000E-01
8.500000 1.2970000E-01 -2.9193000E-02 9.9817000E-01 9.9762000E-01 -1.3510000E-02 9.9594000E-01
9.000000 1.1999000E-01 -3.4415000E-02 9.9800000E-01 9.9731000E-01 -1.3500000E-02 9.9549000E-01
9.500000 1.1081000E-01 -3.9563000E-02 9.9785000E-01 9.9699000E-01 -1.3181000E-02 9.9504000E-01
10.000000 1.0193000E-01 -4.4680000E-02 9.9768000E-01 9.9661000E-01 -1.3524000E-02 9.9452000E-01
10.500000 9.3396000E-02 -4.8880000E-02 9.9748000E-01 9.9619000E-01 -1.4507000E-02 9.9393000E-01
11.000000 8.5200000E-02 -5.1604000E-02 9.9723000E-01 9.9580000E-01 -1.5302000E-02 9.9333000E-01
11.500000 7.7350000E-02 -5.3482000E-02 9.9694000E-01 9.9542000E-01 -1.5849000E-02 9.9269000E-01
12.000000 6.9875000E-02 -5.5053000E-02 9.9658000E-01 9.9501000E-01 -1.6353000E-02 9.9198000E-01
12.500000 6.2908000E-02 -5.6193000E-02 9.9617000E-01 9.9460000E-01 -1.6348000E-02 9.9122000E-01
13.000000 5.6721000E-02 -5.7312000E-02 9.9576000E-01 9.9415000E-01 -1.5898000E-02 9.9043000E-01
13.500000 5.1491000E-02 -5.9179000E-02 9.9540000E-01 9.9359000E-01 -1.5955000E-02 9.8958000E-01
14.000000 4.7120000E-02 -6.1438000E-02 9.9505000E-01 9.9292000E-01 -1.6385000E-02 9.8864000E-01
14.500000 4.3423000E-02 -6.3488000E-02 9.9468000E-01 9.9218000E-01 -1.6246000E-02 9.8760000E-01
15.000000 4.0326000E-02 -6.6090000E-02 9.9434000E-01 9.9134000E-01 -1.6147000E-02 9.8650000E-01
15.500000 3.7823000E-02 -6.9862000E-02 9.9404000E-01 9.9044000E-01 -1.7057000E-02 9.8538000E-01
16.000000 3.5943000E-02 -7.3936000E-02 9.9377000E-01 9.8962000E-01 -1.7935000E-02 9.8437000E-01
16.500000 3.4784000E-02 -7.7969000E-02 9.9352000E-01 9.8898000E-01 -1.8005000E-02 9.8356000E-01
17.000000 3.4335000E-02 -8.2864000E-02 9.9332000E-01 9.8850000E-01 -1.8768000E-02 9.8295000E-01
17.500000 3.4258000E-02 -8.8480000E-02 9.9316000E-01 9.8814000E-01 -2.0683000E-02 9.8248000E-01
18.000000 3.4058000E-02 -9.3845000E-02 9.9296000E-01 9.8782000E-01 -2.1865000E-02 9.8200000E-01
18.500000 3.3497000E-02 -9.9408000E-02 9.9267000E-01 9.8732000E-01 -2.1725000E-02 9.8126000E-01
19.000000 3.2678000E-02 -1.0617000E-01 9.9234000E-01 9.8648000E-01 -2.1809000E-02 9.8015000E-01
19.500000 3.1807000E-02 -1.1346000E-01 9.9203000E-01 9.8544000E-01 -2.2491000E-02 9.7887000E-01
20.000000 3.0981000E-02 -1.1997000E-01 9.9178000E-01 9.8443000E-01 -2.2456000E-02 9.7765000E-01
20.500000 3.0132000E-02 -1.2611000E-01 9.9156000E-01 9.8337000E-01 -2.1669000E-02 9.7644000E-01
21.000000 2.9100000E-02 -1.3290000E-01 9.9130000E-01 9.8207000E-01 -2.1447000E-02 9.7495000E-01
21.500000 2.7805000E-02 -1.4007000E-01 9.9094000E-01 9.8056000E-01 -2.1835000E-02 9.7318000E-01
22.000000 2.6352000E-02 -1.4670000E-01 9.9048000E-01 9.7907000E-01 -2.1552000E-02 9.7135000E-01
22.500000 2.4956000E-02 -1.5256000E-01 9.8998000E-01 9.7780000E-01 -1.9918000E-02 9.6972000E-01
23.000000 2.3803000E-02 -1.5725000E-01 9.8955000E-01 9.7684000E-01 -1.7304000E-02 9.6850000E-01
23.500000 2.2959000E-02 -1.5989000E-01 9.8925000E-01 9.7631000E-01 -1.4737000E-02 9.6785000E-01
24.000000 2.2335000E-02 -1.6057000E-01 9.8906000E-01 9.7617000E-01 -1.3749000E-02 9.6767000E-01
24.500000 2.1741000E-02 -1.6093000E-01 9.8890000E-01 9.7608000E-01 -1.5154000E-02 9.6754000E-01
25.000000 2.1040000E-02 -1.6236000E-01 9.8870000E-01 9.7572000E-01 -1.8113000E-02 9.6712000E-01
25.500000 2.0224000E-02 -1.6477000E-01 9.8842000E-01 9.7503000E-01 -2.1445000E-02 9.6634000E-01
26.000000 1.9305000E-02 -1.6717000E-01 9.8800000E-01 9.7407000E-01 -2.4723000E-02 9.6520000E-01
26.500000 1.8299000E-02 -1.6903000E-01 9.8745000E-01 9.7283000E-01 -2.7393000E-02 9.6369000E-01
27.000000 1.7340000E-02 -1.7105000E-01 9.8690000E-01 9.7135000E-01 -2.8802000E-02 9.6193000E-01
27.500000 1.6595000E-02 -1.7461000E-01 9.8654000E-01 9.6977000E-01 -2.9872000E-02 9.6020000E-01
28.000000 1.6015000E-02 -1.8034000E-01 9.8630000E-01 9.6806000E-01 -3.2148000E-02 9.5845000E-01
28.500000 1.5399000E-02 -1.8777000E-01 9.8596000E-01 9.6599000E-01 -3.4931000E-02 9.5628000E-01
29.000000 1.4757000E-02 -1.9630000E-01 9.8548000E-01 9.6361000E-01 -3.6257000E-02 9.5371000E-01
29.500000 1.4323000E-02 -2.0491000E-01 9.8516000E-01 9.6145000E-01 -3.5945000E-02 9.5147000E-01
30.000000 1.4196000E-02 -2.1175000E-01 9.8513000E-01 9.5998000E-01 -3.5108000E-02 9.5014000E-01
30.500000 1.4183000E-02 -2.1618000E-01 9.8519000E-01 9.5894000E-01 -3.3850000E-02 9.4931000E-01
31.000000 1.4047000E-02 -2.2022000E-01 9.8511000E-01 9.5759000E-01 -3.2116000E-02 9.4812000E-01
31.500000 1.3697000E-02 -2.2642000E-01 9.8483000E-01 9.5543000E-01 -3.0765000E-02 9.4598000E-01
32.000000 1.3160000E-02 -2.3520000E-01 9.8430000E-01 9.5248000E-01 -2.9999000E-02 9.4289000E-01
32.500000 1.2556000E-02 -2.4443000E-01 9.8352000E-01 9.4935000E-01 -2.9055000E-02 9.3939000E-01
33.000000 1.2086000E-02 -2.5134000E-01 9.8273000E-01 9.4685000E-01 -2.8497000E-02 9.3639000E-01
33.500000 1.1864000E-02 -2.5505000E-01 9.8228000E-01 9.4525000E-01 -2.9994000E-02 9.3442000E-01
34.000000 1.1773000E-02 -2.5808000E-01 9.8205000E-01 9.4386000E-01 -3.2956000E-02 9.3281000E-01
34.500000 1.1579000E-02 -2.6422000E-01 9.8159000E-01 9.4165000E-01 -3.4827000E-02 9.3028000E-01
35.000000 1.1222000E-02 -2.7437000E-01 9.8075000E-01 9.3831000E-01 -3.4469000E-02 9.2640000E-01
35.500000 1.0893000E-02 -2.8482000E-01 9.7989000E-01 9.3488000E-01 -3.2904000E-02 9.2242000E-01
36.000000 1.0810000E-02 -2.9086000E-01 9.7948000E-01 9.3301000E-01 -3.1548000E-02 9.2034000E-01
36.500000 1.0927000E-02 -2.9272000E-01 9.7951000E-01 9.3281000E-01 -3.0978000E-02 9.2023000E-01
37.000000 1.0952000E-02 -2.9500000E-01 9.7951000E-01 9.3238000E-01 -3.1070000E-02 9.1988000E-01
37.500000 1.0657000E-02 -3.0108000E-01 9.7907000E-01 9.2996000E-01 -3.1239000E-02 9.1732000E-01
38.000000 1.0143000E-02 -3.1091000E-01 9.7829000E-01 9.2574000E-01 -3.0449000E-02 9.1282000E-01
38.500000 9.7022000E-03 -3.2128000E-01 9.7769000E-01 9.2156000E-01 -2.7893000E-02 9.0853000E-01
39.000000 9.4947000E-03 -3.2822000E-01 9.7770000E-01 9.1896000E-01 -2.4466000E-02 9.0622000E-01
39.500000 9.4527000E-03 -3.3131000E-01 9.7812000E-01 9.1762000E-01 -2.2517000E-02 9.0549000E-01
40.000000 9.4366000E-03 -3.3411000E-01 9.7843000E-01 9.1640000E-01 -2.2823000E-02 9.0483000E-01
40.500000 9.3699000E-03 -3.3954000E-01 9.7839000E-01 9.1466000E-01 -2.3141000E-02 9.0334000E-01
41.000000 9.2358000E-03 -3.4655000E-01 9.7800000E-01 9.1228000E-01 -2.1599000E-02 9.0093000E-01
41.500000 9.0455000E-03 -3.5264000E-01 9.7729000E-01 9.0934000E-01 -2.0265000E-02 8.9780000E-01
42.000000 8.8362000E-03 -3.5793000E-01 9.7637000E-01 9.0614000E-01 -2.2112000E-02 8.9428000E-01
42.500000 8.6479000E-03 -3.6411000E-01 9.7553000E-01 9.0323000E-01 -2.5698000E-02 8.9095000E-01
43.000000 8.4715000E-03 -3.7068000E-01 9.7490000E-01 9.0086000E-01 -2.7632000E-02 8.8821000E-01
43.500000 8.2321000E-03 -3.7630000E-01 9.7416000E-01 8.9823000E-01 -2.8631000E-02 8.8526000E-01
44.000000 7.8698000E-03 -3.8242000E-01 9.7290000E-01 8.9397000E-01 -3.1161000E-02 8.8046000E-01
44.500000 7.4475000E-03 -3.9148000E-01 9.7128000E-01 8.8791000E-01 -3.3432000E-02 8.7363000E-01
45.000000 7.1181000E-03 -4.0203000E-01 9.7000000E-01 8.8189000E-01 -3.1848000E-02 8.6702000E-01
45.500000 6.9532000E-03 -4.1044000E-01 9.6940000E-01 8.7736000E-01 -2.7842000E-02 8.6239000E-01
46.000000 6.8745000E-03 -4.1752000E-01 9.6909000E-01 8.7322000E-01 -2.5375000E-02 8.5841000E-01
46.500000 6.7839000E-03 -4.2665000E-01 9.6867000E-01 8.6810000E-01 -2.4654000E-02 8.5341000E-01
47.000000 6.6695000E-03 -4.3713000E-01 9.6819000E-01 8.6250000E-01 -2.4277000E-02 8.4795000E-01
47.500000 6.5575000E-03 -4.4587000E-01 9.6773000E-01 8.5708000E-01 -2.4266000E-02 8.4275000E-01
48.000000 6.4658000E-03 -4.5371000E-01 9.6730000E-01 8.5135000E-01 -2.4128000E-02 8.3723000E-01
48.500000 6.4202000E-03 -4.6354000E-01 9.6710000E-01 8.4541000E-01 -2.3412000E-02 8.3155000E-01
49.000000 6.4146000E-03 -4.7420000E-01 9.6715000E-01 8.4019000E-01 -2.4252000E-02 8.2675000E-01
49.500000 6.3764000E-03 -4.8277000E-01 9.6694000E-01 8.3522000E-01 -2.7599000E-02 8.2208000E-01
50.000000 6.2652000E-03 -4.8980000E-01 9.6623000E-01 8.2953000E-01 -3.0135000E-02 8.1631000E-01
50.500000 6.1383000E-03 -4.9722000E-01 9.6543000E-01 8.2425000E-01 -3.0194000E-02 8.1078000E-01
51.000000 6.0302000E-03 -5.0423000E-01 9.6488000E-01 8.2065000E-01 -3.1354000E-02 8.0709000E-01
51.500000 5.8897000E-03 -5.0944000E-01 9.6419000E-01 8.1714000E-01 -3.4825000E-02 8.0348000E-01
52.000000 5.7144000E-03 -5.1397000E-01 9.6314000E-01 8.1206000E-01 -3.6243000E-02 7.9816000E-01
52.500000 5.5840000E-03 -5.1967000E-01 9.6228000E-01 8.0675000E-01 -3.4673000E-02 7.9276000E-01
53.000000 5.4960000E-03 -5.2676000E-01 9.6179000E-01 8.0187000E-01 -3.4820000E-02 7.8814000E-01
53.500000 5.3643000E-03 -5.3499000E-01 9.6113000E-01 7.9517000E-01 -3.6455000E-02 7.8174000E-01
54.000000 5.2087000E-03 -5.4414000E-01 9.6024000E-01 7.8647000E-01 -3.4527000E-02 7.7327000E-01
54.500000 5.1257000E-03 -5.5297000E-01 9.5978000E-01 7.7914000E-01 -3.0900000E-02 7.6637000E-01
55.000000 5.0777000E-03 -5.6096000E-01 9.5955000E-01 7.7329000E-01 -3.1667000E-02 7.6106000E-01
55.500000 4.9524000E-03 -5.6950000E-01 9.5871000E-01 7.6516000E-01 -3.3902000E-02 7.5321000E-01
56.000000 4.7838000E-03 -5.7888000E-01 9.5739000E-01 7.5507000E-01 -3.1122000E-02 7.4314000E-01
56.500000 4.6756000E-03 -5.8728000E-01 9.5645000E-01 7.4721000E-01 -2.6926000E-02 7.3531000E-01
57.000000 4.5902000E-03 -5.9458000E-01 9.5565000E-01 7.4094000E-01 -2.8165000E-02 7.2911000E-01
57.500000 4.4460000E-03 -6.0262000E-01 9.5426000E-01 7.3250000E-01 -3.0823000E-02 7.2062000E-01
58.000000 4.3044000E-03 -6.1097000E-01 9.5281000E-01 7.2345000E-01 -2.8686000E-02 7.1154000E-01
58.500000 4.2525000E-03 -6.1778000E-01 9.5229000E-01 7.1744000E-01 -2.6102000E-02 7.0569000E-01
59.000000 4.2422000E-03 -6.2398000E-01 9.5228000E-01 7.1220000E-01 -2.8115000E-02 7.0058000E-01
59.500000 4.2068000E-03 -6.3149000E-01 9.5202000E-01 7.0461000E-01 -2.9668000E-02 6.9303000E-01
60.000000 4.1756000E-03 -6.3983000E-01 9.5180000E-01 6.9653000E-01 -2.6927000E-02 6.8511000E-01
60.500000 4.1658000E-03 -6.4829000E-01 9.5178000E-01 6.8915000E-01 -2.4949000E-02 6.7803000E-01
61.000000 4.1290000E-03 -6.5719000E-01 9.5141000E-01 6.8036000E-01 -2.6369000E-02 6.6942000E-01
61.500000 4.0622000E-03 -6.6557000E-01 9.5055000E-01 6.7092000E-01 -2.6763000E-02 6.6003000E-01
62.000000 4.0080000E-03 -6.7243000E-01 9.4973000E-01 6.6315000E-01 -2.5406000E-02 6.5242000E-01
62.500000 3.9524000E-03 -6.8005000E-01 9.4895000E-01 6.5427000E-01 -2.6994000E-02 6.4369000E-01
63.000000 3.8758000E-03 -6.8996000E-01 9.4803000E-01 6.4178000E-01 -3.1015000E-02 6.3125000E-01
63.500000 3.8367000E-03 -6.9874000E-01 9.4758000E-01 6.3099000E-01 -3.2245000E-02 6.2062000E-01
64.000000 3.8616000E-03 -7.0445000E-01 9.4784000E-01 6.2517000E-01 -3.0991000E-02 6.1531000E-01
64.500000 3.8644000E-03 -7.1136000E-01 9.4782000E-01 6.1738000E-01 -3.1115000E-02 6.0808000E-01
65.000000 3.7951000E-03 -7.2164000E-01 9.4702000E-01 6.0368000E-01 -3.1215000E-02 5.9480000E-01
65.500000 3.7248000E-03 -7.3092000E-01 9.4635000E-01 5.9093000E-01 -2.8198000E-02 5.8240000E-01
66.000000 3.6944000E-03 -7.3694000E-01 9.4621000E-01 5.8303000E-01 -2.4665000E-02 5.7482000E-01
66.500000 3.6429000E-03 -7.4374000E-01 9.4570000E-01 5.7326000E-01 -2.4525000E-02 5.6529000E-01
67.000000 3.5474000E-03 -7.5248000E-01 9.4446000E-01 5.5915000E-01 -2.6549000E-02 5.5141000E-01
67.500000 3.4646000E-03 -7.5895000E-01 9.4326000E-01 5.4764000E-01 -2.7728000E-02 5.4033000E-01
68.000000 3.4049000E-03 -7.6259000E-01 9.4221000E-01 5.4033000E-01 -2.7719000E-02 5.3351000E-01
68.500000 3.3245000E-03 -7.6759000E-01 9.4055000E-01 5.3040000E-01 -2.7321000E-02 5.2395000E-01
69.000000 3.2360000E-03 -7.7438000E-01 9.3847000E-01 5.1710000E-01 -2.6815000E-02 5.1097000E-01
69.500000 3.1921000E-03 -7.7992000E-01 9.3698000E-01 5.0615000E-01 -2.6973000E-02 5.0039000E-01
70.000000 3.1894000E-03 -7.8492000E-01 9.3619000E-01 4.9714000E-01 -2.8032000E-02 4.9169000E-01
70.500000 3.1975000E-03 -7.9182000E-01 9.3564000E-01 4.8575000E-01 -2.8656000E-02 4.8048000E-01
71.000000 3.2221000E-03 -7.9951000E-01 9.3553000E-01 4.7316000E-01 -2.8096000E-02 4.6814000E-01
71.500000 3.2608000E-03 -8.0656000E-01 9.3589000E-01 4.6119000E-01 -2.6963000E-02 4.5654000E-01
72.000000 3.2736000E-03 -8.1403000E-01 9.3602000E-01 4.4746000E-01 -2.5628000E-02 4.4316000E-01
72.500000 3.2469000E-03 -8.2175000E-01 9.3559000E-01 4.3207000E-01 -2.4827000E-02 4.2808000E-01
73.000000 3.2094000E-03 -8.2777000E-01 9.3501000E-01 4.1851000E-01 -2.6356000E-02 4.1489000E-01
73.500000 3.1675000E-03 -8.3261000E-01 9.3431000E-01 4.0555000E-01 -2.9898000E-02 4.0235000E-01
74.000000 3.1049000E-03 -8.3847000E-01 9.3318000E-01 3.8933000E-01 -3.2135000E-02 3.8653000E-01
74.500000 3.0356000E-03 -8.4473000E-01 9.3189000E-01 3.7237000E-01 -3.1666000E-02 3.6998000E-01
75.000000 2.9830000E-03 -8.4950000E-01 9.3088000E-01 3.5921000E-01 -3.0712000E-02 3.5732000E-01
75.500000 2.9339000E-03 -8.5344000E-01 9.2975000E-01 3.4717000E-01 -2.9906000E-02 3.4582000E-01
76.000000 2.8715000E-03 -8.5756000E-01 9.2800000E-01 3.3253000E-01 -2.7055000E-02 3.3175000E-01
76.500000 2.8111000E-03 -8.6090000E-01 9.2611000E-01 3.1826000E-01 -2.2926000E-02 3.1811000E-01
77.000000 2.7624000E-03 -8.6311000E-01 9.2460000E-01 3.0693000E-01 -2.1435000E-02 3.0745000E-01
77.500000 2.7074000E-03 -8.6544000E-01 9.2312000E-01 2.9509000E-01 -2.2575000E-02 2.9616000E-01
78.000000 2.6397000E-03 -8.6805000E-01 9.2123000E-01 2.8068000E-01 -2.2413000E-02 2.8217000E-01
78.500000 2.5755000E-03 -8.7010000E-01 9.1911000E-01 2.6624000E-01 -2.0399000E-02 2.6813000E-01
79.000000 2.5178000E-03 -8.7174000E-01 9.1701000E-01 2.5258000E-01 -1.9992000E-02 2.5500000E-01
79.500000 2.4591000E-03 -8.7339000E-01 9.1506000E-01 2.3808000E-01 -2.2272000E-02 2.4111000E-01
80.000000 2.4101000E-03 -8.7482000E-01 9.1357000E-01 2.2330000E-01 -2.5153000E-02 2.2693000E-01
80.500000 2.3860000E-03 -8.7652000E-01 9.1279000E-01 2.0902000E-01 -2.7683000E-02 2.1317000E-01
81.000000 2.3801000E-03 -8.7922000E-01 9.1253000E-01 1.9401000E-01 -2.9895000E-02 1.9859000E-01
81.500000 2.3793000E-03 -8.8225000E-01 9.1265000E-01 1.7879000E-01 -3.0391000E-02 1.8368000E-01
82.000000 2.3819000E-03 -8.8501000E-01 9.1317000E-01 1.6494000E-01 -2.8498000E-02 1.7008000E-01
82.500000 2.3845000E-03 -8.8795000E-01 9.1371000E-01 1.5059000E-01 -2.6212000E-02 1.5597000E-01
83.000000 2.3759000E-03 -8.9073000E-01 9.1376000E-01 1.3388000E-01 -2.4824000E-02 1.3953000E-01
83.500000 2.3554000E-03 -8.9211000E-01 9.1346000E-01 1.1749000E-01 -2.2839000E-02 1.2348000E-01
84.000000 2.3332000E-03 -8.9251000E-01 9.1327000E-01 1.0346000E-01 -1.9468000E-02 1.1000000E-01
84.500000 2.3146000E-03 -8.9325000E-01 9.1333000E-01 8.9379000E-02 -1.6789000E-02 9.6688000E-02
85.000000 2.3015000E-03 -8.9397000E-01 9.1371000E-01 7.4245000E-02 -1.6417000E-02 8.2214000E-02
85.500000 2.3017000E-03 -8.9420000E-01 9.1474000E-01 5.9981000E-02 -1.7394000E-02 6.8238000E-02
86.000000 2.3190000E-03 -8.9515000E-01 9.1632000E-01 4.5465000E-02 -1.9058000E-02 5.3875000E-02
86.500000 2.3438000E-03 -8.9704000E-01 9.1775000E-01 2.8432000E-02 -2.2561000E-02 3.7321000E-02
87.000000 2.3605000E-03 -8.9806000E-01 9.1838000E-01 1.1474000E-02 -2.7720000E-02 2.1291000E-02
87.500000 2.3614000E-03 -8.9763000E-01 9.1811000E-01 -2.6958000E-03 -3.1533000E-02 8.3149000E-03
88.000000 2.3489000E-03 -8.9677000E-01 9.1714000E-01 -1.7052000E-02 -3.1658000E-02 -4.7057000E-03
88.500000 2.3316000E-03 -8.9557000E-01 9.1590000E-01 -3.4504000E-02 -2.9136000E-02 -2.0776000E-02
89.000000 2.3173000E-03 -8.9361000E-01 9.1486000E-01 -5.2730000E-02 -2.6057000E-02 -3.7800000E-02
89.500000 2.3104000E-03 -8.9190000E-01 9.1428000E-01 -6.9597000E-02 -2.2665000E-02 -5.3802000E-02
90.000000 2.3151000E-03 -8.9110000E-01 9.1415000E-01 -8.6199000E-02 -1.8656000E-02 -6.9787000E-02
90.500000 2.3320000E-03 -8.9011000E-01 9.1446000E-01 -1.0248000E-01 -1.5041000E-02 -8.5561000E-02
91.000000 2.3494000E-03 -8.8837000E-01 9.1500000E-01 -1.1765000E-01 -1.2698000E-02 -1.0027000E-01
91.500000 2.3520000E-03 -8.8645000E-01 9.1531000E-01 -1.3353000E-01 -1.1264000E-02 -1.1553000E-01
92.000000 2.3404000E-03 -8.8377000E-01 9.1508000E-01 -1.5082000E-01 -1.0632000E-02 -1.3183000E-01
92.500000 2.3249000E-03 -8.7958000E-01 9.1432000E-01 -1.6672000E-01 -1.0943000E-02 -1.4636000E-01
93.000000 2.3055000E-03 -8.7498000E-01 9.1306000E-01 -1.8050000E-01 -1.0740000E-02 -1.5860000E-01
93.500000 2.2784000E-03 -8.7094000E-01 9.1150000E-01 -1.9508000E-01 -8.4821000E-03 -1.7150000E-01
94.000000 2.2535000E-03 -8.6649000E-01 9.1014000E-01 -2.1062000E-01 -5.8793000E-03 -1.8537000E-01
94.500000 2.2428000E-03 -8.6136000E-01 9.0940000E-01 -2.2474000E-01 -5.7215000E-03 -1.9808000E-01
95.000000 2.2402000E-03 -8.5679000E-01 9.0904000E-01 -2.3830000E-01 -6.7568000E-03 -2.1055000E-01
95.500000 2.2355000E-03 -8.5264000E-01 9.0880000E-01 -2.5274000E-01 -5.8182000E-03 -2.2401000E-01
96.000000 2.2301000E-03 -8.4787000E-01 9.0889000E-01 -2.6554000E-01 -3.9196000E-03 -2.3597000E-01
96.500000 2.2233000E-03 -8.4305000E-01 9.0928000E-01 -2.7552000E-01 -4.7922000E-03 -2.4549000E-01
97.000000 2.2057000E-03 -8.3867000E-01 9.0934000E-01 -2.8638000E-01 -8.6260000E-03 -2.5623000E-01
97.500000 2.1789000E-03 -8.3344000E-01 9.0891000E-01 -2.9965000E-01 -1.2610000E-02 -2.6938000E-01
98.000000 2.1598000E-03 -8.2741000E-01 9.0860000E-01 -3.1192000E-01 -1.6093000E-02 -2.8147000E-01
98.500000 2.1533000E-03 -8.2277000E-01 9.0869000E-01 -3.2206000E-01 -2.0272000E-02 -2.9174000E-01
99.000000 2.1441000E-03 -8.1908000E-01 9.0862000E-01 -3.3297000E-01 -2.4200000E-02 -3.0321000E-01
99.500000 2.1227000E-03 -8.1369000E-01 9.0803000E-01 -3.4518000E-01 -2.5672000E-02 -3.1609000E-01
100.000000 2.0988000E-03 -8.0727000E-01 9.0734000E-01 -3.5669000E-01 -2.4652000E-02 -3.2799000E-01
100.500000 2.0834000E-03 -8.0264000E-01 9.0706000E-01 -3.6751000E-01 -2.2521000E-02 -3.3889000E-01
101.000000 2.0741000E-03 -7.9866000E-01 9.0708000E-01 -3.7862000E-01 -1.9561000E-02 -3.4992000E-01
101.500000 2.0637000E-03 -7.9240000E-01 9.0693000E-01 -3.8986000E-01 -1.5879000E-02 -3.6079000E-01
102.000000 2.0524000E-03 -7.8483000E-01 9.0636000E-01 -4.0166000E-01 -1.2743000E-02 -3.7164000E-01
102.500000 2.0453000E-03 -7.7828000E-01 9.0550000E-01 -4.1454000E-01 -1.0717000E-02 -3.8302000E-01
103.000000 2.0420000E-03 -7.7162000E-01 9.0465000E-01 -4.2710000E-01 -8.5818000E-03 -3.9400000E-01
103.500000 2.0352000E-03 -7.6314000E-01 9.0387000E-01 -4.3905000E-01 -5.6785000E-03 -4.0471000E-01
104.000000 2.0213000E-03 -7.5383000E-01 9.0293000E-01 -4.5272000E-01 -3.2292000E-03 -4.1750000E-01
104.500000 2.0056000E-03 -7.4445000E-01 9.0168000E-01 -4.6778000E-01 -2.4884000E-03 -4.3180000E-01
105.000000 1.9905000E-03 -7.3410000E-01 9.0024000E-01 -4.8052000E-01 -3.5054000E-03 -4.4366000E-01
105.500000 1.9696000E-03 -7.2321000E-01 8.9860000E-01 -4.9063000E-01 -6.1864000E-03 -4.5258000E-01
106.000000 1.9419000E-03 -7.1338000E-01 8.9677000E-01 -5.0112000E-01 -1.0742000E-02 -4.6143000E-01
106.500000 1.9196000E-03 -7.0441000E-01 8.9514000E-01 -5.1169000E-01 -1.6473000E-02 -4.7025000E-01
107.000000 1.9110000E-03 -6.9548000E-01 8.9417000E-01 -5.2041000E-01 -2.1676000E-02 -4.7764000E-01
107.500000 1.9104000E-03 -6.8739000E-01 8.9379000E-01 -5.2924000E-01 -2.5465000E-02 -4.8557000E-01
108.000000 1.9129000E-03 -6.8068000E-01 8.9366000E-01 -5.3989000E-01 -2.8380000E-02 -4.9532000E-01
108.500000 1.9229000E-03 -6.7410000E-01 8.9378000E-01 -5.4981000E-01 -3.0859000E-02 -5.0408000E-01
109.000000 1.9395000E-03 -6.6691000E-01 8.9418000E-01 -5.5811000E-01 -3.2262000E-02 -5.1114000E-01
109.500000 1.9528000E-03 -6.5964000E-01 8.9462000E-01 -5.6784000E-01 -3.1718000E-02 -5.1964000E-01
110.000000 1.9595000E-03 -6.5231000E-01 8.9490000E-01 -5.7899000E-01 -2.9194000E-02 -5.2954000E-01
110.500000 1.9659000E-03 -6.4467000E-01 8.9501000E-01 -5.8827000E-01 -2.5472000E-02 -5.3753000E-01
111.000000 1.9725000E-03 -6.3720000E-01 8.9486000E-01 -5.9590000E-01 -2.1558000E-02 -5.4386000E-01
111.500000 1.9752000E-03 -6.2981000E-01 8.9444000E-01 -6.0465000E-01 -1.8371000E-02 -5.5125000E-01
112.000000 1.9773000E-03 -6.2171000E-01 8.9409000E-01 -6.1390000E-01 -1.6574000E-02 -5.5924000E-01
112.500000 1.9872000E-03 -6.1361000E-01 8.9421000E-01 -6.2187000E-01 -1.6102000E-02 -5.6636000E-01
113.000000 2.0053000E-03 -6.0673000E-01 8.9474000E-01 -6.2965000E-01 -1.6310000E-02 -5.7372000E-01
113.500000 2.0256000E-03 -5.9991000E-01 8.9546000E-01 -6.3821000E-01 -1.7020000E-02 -5.8198000E-01
114.000000 2.0445000E-03 -5.9129000E-01 8.9635000E-01 -6.4672000E-01 -1.8309000E-02 -5.9017000E-01
114.500000 2.0602000E-03 -5.8177000E-01 8.9727000E-01 -6.5544000E-01 -1.9067000E-02 -5.9865000E-01
115.000000 2.0693000E-03 -5.7333000E-01 8.9776000E-01 -6.6485000E-01 -1.7662000E-02 -6.0762000E-01
115.500000 2.0691000E-03 -5.6561000E-01 8.9741000E-01 -6.7309000E-01 -1.4592000E-02 -6.1484000E-01
116.000000 2.0594000E-03 -5.5691000E-01 8.9642000E-01 -6.7941000E-01 -1.2395000E-02 -6.1966000E-01
116.500000 2.0423000E-03 -5.4688000E-01 8.9531000E-01 -6.8609000E-01 -1.2200000E-02 -6.2501000E-01
117.000000 2.0232000E-03 -5.3643000E-01 8.9445000E-01 -6.9352000E-01 -1.2419000E-02 -6.3162000E-01
117.500000 2.0091000E-03 -5.2661000E-01 8.9392000E-01 -6.9914000E-01 -1.1537000E-02 -6.3665000E-01
118.000000 2.0012000E-03 -5.1813000E-01 8.9376000E-01 -7.0303000E-01 -1.0020000E-02 -6.4012000E-01
118.500000 1.9956000E-03 -5.1057000E-01 8.9407000E-01 -7.0766000E-01 -8.6848000E-03 -6.4487000E-01
119.000000 1.9918000E-03 -5.0270000E-01 8.9484000E-01 -7.1237000E-01 -7.3036000E-03 -6.5039000E-01
119.500000 1.9946000E-03 -4.9474000E-01 8.9600000E-01 -7.1538000E-01 -5.4353000E-03 -6.5457000E-01
120.000000 2.0078000E-03 -4.8820000E-01 8.9743000E-01 -7.1845000E-01 -3.2161000E-03 -6.5884000E-01
120.500000 2.0286000E-03 -4.8263000E-01 8.9884000E-01 -7.2338000E-01 -1.3558000E-03 -6.6472000E-01
121.000000 2.0482000E-03 -4.7578000E-01 8.9957000E-01 -7.2865000E-01 -9.5992000E-04 -6.7028000E-01
121.500000 2.0589000E-03 -4.6734000E-01 8.9915000E-01 -7.3344000E-01 -2.3139000E-03 -6.7424000E-01
122.000000 2.0606000E-03 -4.5905000E-01 8.9783000E-01 -7.3878000E-01 -3.6968000E-03 -6.7779000E-01
122.500000 2.0605000E-03 -4.5142000E-01 8.9639000E-01 -7.4384000E-01 -3.3262000E-03 -6.8089000E-01
123.000000 2.0626000E-03 -4.4375000E-01 8.9527000E-01 -7.4739000E-01 -2.4067000E-03 -6.8271000E-01
123.500000 2.0643000E-03 -4.3663000E-01 8.9428000E-01 -7.5115000E-01 -3.4003000E-03 -6.8478000E-01
124.000000 2.0631000E-03 -4.3089000E-01 8.9320000E-01 -7.5626000E-01 -5.5680000E-03 -6.8802000E-01
124.500000 2.0581000E-03 -4.2493000E-01 8.9213000E-01 -7.6082000E-01 -5.8008000E-03 -6.9069000E-01
125.000000 2.0470000E-03 -4.1648000E-01 8.9131000E-01 -7.6466000E-01 -3.5974000E-03 -6.9298000E-01
125.500000 2.0305000E-03 -4.0597000E-01 8.9107000E-01 -7.7030000E-01 -1.4782000E-03 -6.9781000E-01
126.000000 2.0182000E-03 -3.9571000E-01 8.9174000E-01 -7.7718000E-01 -6.4736000E-04 -7.0494000E-01
126.500000 2.0179000E-03 -3.8648000E-01 8.9322000E-01 -7.8258000E-01 2.2567000E-04 -7.1136000E-01
127.000000 2.0265000E-03 -3.7744000E-01 8.9487000E-01 -7.8759000E-01 2.0864000E-03 -7.1743000E-01
127.500000 2.0367000E-03 -3.6893000E-01 8.9619000E-01 -7.9422000E-01 4.5443000E-03 -7.2476000E-01
128.000000 2.0446000E-03 -3.6275000E-01 8.9727000E-01 -7.9985000E-01 7.2600000E-03 -7.3107000E-01
128.500000 2.0463000E-03 -3.5928000E-01 8.9822000E-01 -8.0198000E-01 9.7029000E-03 -7.3412000E-01
129.000000 2.0380000E-03 -3.5628000E-01 8.9882000E-01 -8.0293000E-01 1.0674000E-02 -7.3595000E-01
129.500000 2.0264000E-03 -3.5158000E-01 8.9901000E-01 -8.0489000E-01 9.8276000E-03 -7.3829000E-01
130.000000 2.0263000E-03 -3.4571000E-01 8.9932000E-01 -8.0654000E-01 8.0330000E-03 -7.4009000E-01
130.500000 2.0439000E-03 -3.4023000E-01 9.0044000E-01 -8.0762000E-01 5.1840000E-03 -7.4171000E-01
131.000000 2.0731000E-03 -3.3447000E-01 9.0244000E-01 -8.0987000E-01 3.2263000E-04 -7.4500000E-01
131.500000 2.1063000E-03 -3.2668000E-01 9.0456000E-01 -8.1328000E-01 -5.3818000E-03 -7.4929000E-01
132.000000 2.1400000E-03 -3.1720000E-01 9.0603000E-01 -8.1695000E-01 -9.3384000E-03 -7.5318000E-01
132.500000 2.1715000E-03 -3.0776000E-01 9.0682000E-01 -8.2138000E-01 -1.1488000E-02 -7.5735000E-01
133.000000 2.1999000E-03 -2.9852000E-01 9.0727000E-01 -8.2628000E-01 -1.3741000E-02 -7.6183000E-01
133.500000 2.2250000E-03 -2.8855000E-01 9.0741000E-01 -8.3049000E-01 -1.5677000E-02 -7.6539000E-01
134.000000 2.2448000E-03 -2.7827000E-01 9.0705000E-01 -8.3494000E-01 -1.4976000E-02 -7.6884000E-01
134.500000 2.2553000E-03 -2.6928000E-01 9.0623000E-01 -8.4041000E-01 -1.1858000E-02 -7.7309000E-01
135.000000 2.2550000E-03 -2.6261000E-01 9.0516000E-01 -8.4414000E-01 -8.8845000E-03 -7.7552000E-01
135.500000 2.2458000E-03 -2.5843000E-01 9.0393000E-01 -8.4441000E-01 -6.6583000E-03 -7.7436000E-01
136.000000 2.2313000E-03 -2.5649000E-01 9.0281000E-01 -8.4403000E-01 -3.7442000E-03 -7.7268000E-01
136.500000 2.2140000E-03 -2.5542000E-01 9.0225000E-01 -8.4472000E-01 -6.2046000E-04 -7.7266000E-01
137.000000 2.1910000E-03 -2.5297000E-01 9.0212000E-01 -8.4428000E-01 3.1707000E-04 -7.7190000E-01
137.500000 2.1582000E-03 -2.4758000E-01 9.0170000E-01 -8.4274000E-01 -1.3476000E-03 -7.6972000E-01
138.000000 2.1230000E-03 -2.3901000E-01 9.0097000E-01 -8.4325000E-01 -3.8066000E-03 -7.6920000E-01
138.500000 2.1017000E-03 -2.2801000E-01 9.0066000E-01 -8.4558000E-01 -6.5261000E-03 -7.7080000E-01
139.000000 2.0962000E-03 -2.1642000E-01 9.0086000E-01 -8.4709000E-01 -1.0833000E-02 -7.7202000E-01
139.500000 2.0924000E-03 -2.0660000E-01 9.0080000E-01 -8.4855000E-01 -1.6990000E-02 -7.7294000E-01
140.000000 2.0859000E-03 -1.9983000E-01 9.0032000E-01 -8.5082000E-01 -2.3112000E-02 -7.7424000E-01
140.500000 2.0896000E-03 -1.9598000E-01 9.0009000E-01 -8.5103000E-01 -2.6560000E-02 -7.7367000E-01
141.000000 2.1063000E-03 -1.9409000E-01 9.0030000E-01 -8.4890000E-01 -2.5288000E-02 -7.7120000E-01
141.500000 2.1207000E-03 -1.9254000E-01 9.0062000E-01 -8.4870000E-01 -1.8995000E-02 -7.7090000E-01
142.000000 2.1237000E-03 -1.9007000E-01 9.0094000E-01 -8.5120000E-01 -1.0070000E-02 -7.7352000E-01
142.500000 2.1227000E-03 -1.8750000E-01 9.0135000E-01 -8.5279000E-01 -2.5850000E-03 -7.7546000E-01
143.000000 2.1245000E-03 -1.8658000E-01 9.0152000E-01 -8.5285000E-01 1.3199000E-03 -7.7561000E-01
143.500000 2.1290000E-03 -1.8555000E-01 9.0114000E-01 -8.5309000E-01 3.0204000E-03 -7.7526000E-01
144.000000 2.1367000E-03 -1.7984000E-01 9.0031000E-01 -8.5256000E-01 3.9643000E-03 -7.7347000E-01
144.500000 2.1476000E-03 -1.6935000E-01 8.9932000E-01 -8.5104000E-01 2.8854000E-03 -7.7047000E-01
145.000000 2.1565000E-03 -1.5974000E-01 8.9858000E-01 -8.5181000E-01 -1.5019000E-03 -7.7004000E-01
145.500000 2.1608000E-03 -1.5453000E-01 8.9841000E-01 -8.5537000E-01 -7.0478000E-03 -7.7298000E-01
146.000000 2.1620000E-03 -1.5202000E-01 8.9847000E-01 -8.5828000E-01 -1.0061000E-02 -7.7544000E-01
146.500000 2.1606000E-03 -1.5129000E-01 8.9823000E-01 -8.6007000E-01 -9.7405000E-03 -7.7644000E-01
147.000000 2.1573000E-03 -1.5405000E-01 8.9814000E-01 -8.6225000E-01 -8.0146000E-03 -7.7798000E-01
147.500000 2.1566000E-03 -1.5858000E-01 8.9892000E-01 -8.6255000E-01 -5.5381000E-03 -7.7850000E-01
148.000000 2.1568000E-03 -1.5913000E-01 8.9972000E-01 -8.5981000E-01 -1.2205000E-03 -7.7608000E-01
148.500000 2.1492000E-03 -1.5308000E-01 8.9923000E-01 -8.5886000E-01 3.9063000E-03 -7.7433000E-01
149.000000 2.1387000E-03 -1.4272000E-01 8.9831000E-01 -8.6196000E-01 5.6556000E-03 -7.7631000E-01
149.500000 2.1430000E-03 -1.3148000E-01 8.9886000E-01 -8.6430000E-01 1.2106000E-03 -7.7887000E-01
150.000000 2.1655000E-03 -1.2379000E-01 9.0057000E-01 -8.6398000E-01 -6.7410000E-03 -7.7976000E-01
150.500000 2.1913000E-03 -1.2338000E-01 9.0182000E-01 -8.6494000E-01 -1.2135000E-02 -7.8155000E-01
151.000000 2.2134000E-03 -1.2555000E-01 9.0276000E-01 -8.6718000E-01 -1.0837000E-02 -7.8448000E-01
151.500000 2.2357000E-03 -1.1851000E-01 9.0433000E-01 -8.6700000E-01 -4.4306000E-03 -7.8564000E-01
152.000000 2.2535000E-03 -1.0022000E-01 9.0589000E-01 -8.6545000E-01 -7.6715000E-05 -7.8535000E-01
152.500000 2.2595000E-03 -8.5136000E-02 9.0653000E-01 -8.6513000E-01 -3.8354000E-03 -7.8533000E-01
153.000000 2.2626000E-03 -8.5535000E-02 9.0715000E-01 -8.6404000E-01 -1.2781000E-02 -7.8447000E-01
153.500000 2.2758000E-03 -9.3796000E-02 9.0877000E-01 -8.6217000E-01 -1.7278000E-02 -7.8371000E-01
154.000000 2.2949000E-03 -9.3157000E-02 9.1068000E-01 -8.6474000E-01 -1.3858000E-02 -7.8758000E-01
154.500000 2.3119000E-03 -7.9939000E-02 9.1190000E-01 -8.7162000E-01 -9.8788000E-03 -7.9506000E-01
155.000000 2.3314000E-03 -6.5305000E-02 9.1270000E-01 -8.7505000E-01 -1.1725000E-02 -7.9872000E-01
155.500000 2.3568000E-03 -6.0484000E-02 9.1358000E-01 -8.7216000E-01 -1.5109000E-02 -7.9625000E-01
156.000000 2.3786000E-03 -6.5961000E-02 9.1444000E-01 -8.6853000E-01 -1.2414000E-02 -7.9310000E-01
156.500000 2.3898000E-03 -7.2553000E-02 9.1505000E-01 -8.6863000E-01 -4.5556000E-03 -7.9346000E-01
157.000000 2.3965000E-03 -7.0493000E-02 9.1494000E-01 -8.7272000E-01 3.4093000E-04 -7.9715000E-01
157.500000 2.4049000E-03 -5.9808000E-02 9.1354000E-01 -8.7907000E-01 -2.3772000E-03 -8.0189000E-01
158.000000 2.4119000E-03 -5.0143000E-02 9.1136000E-01 -8.8214000E-01 -8.5404000E-03 -8.0258000E-01
158.500000 2.4118000E-03 -4.8215000E-02 9.0985000E-01 -8.7635000E-01 -1.1033000E-02 -7.9505000E-01
159.000000 2.4025000E-03 -5.1409000E-02 9.0934000E-01 -8.6642000E-01 -9.0535000E-03 -7.8434000E-01
159.500000 2.3861000E-03 -5.5223000E-02 9.0854000E-01 -8.6346000E-01 -8.9054000E-03 -7.8034000E-01
160.000000 2.3678000E-03 -5.8168000E-02 9.0691000E-01 -8.6851000E-01 -1.3632000E-02 -7.8354000E-01
160.500000 2.3519000E-03 -5.7150000E-02 9.0565000E-01 -8.7139000E-01 -1.6754000E-02 -7.8490000E-01
161.000000 2.3396000E-03 -4.8647000E-02 9.0574000E-01 -8.6687000E-01 -1.4124000E-02 -7.8023000E-01
161.500000 2.3308000E-03 -3.7056000E-02 9.0652000E-01 -8.6059000E-01 -1.5185000E-02 -7.7448000E-01
162.000000 2.3245000E-03 -3.0867000E-02 9.0645000E-01 -8.5882000E-01 -2.7645000E-02 -7.7238000E-01
162.500000 2.3181000E-03 -2.9706000E-02 9.0471000E-01 -8.6099000E-01 -3.8110000E-02 -7.7257000E-01
163.000000 2.3111000E-03 -2.6766000E-02 9.0210000E-01 -8.6214000E-01 -2.9412000E-02 -7.7095000E-01
163.500000 2.3079000E-03 -2.2155000E-02 9.0019000E-01 -8.5945000E-01 -1.1499000E-02 -7.6625000E-01
164.000000 2.3109000E-03 -2.0227000E-02 8.9914000E-01 -8.5612000E-01 -8.4319000E-03 -7.6171000E-01
164.500000 2.3186000E-03 -1.7166000E-02 8.9751000E-01 -8.5530000E-01 -1.8416000E-02 -7.5910000E-01
165.000000 2.3339000E-03 -7.8536000E-03 8.9515000E-01 -8.5344000E-01 -1.8585000E-02 -7.5475000E-01
165.500000 2.3569000E-03 -1.1206000E-03 8.9354000E-01 -8.4860000E-01 -6.3611000E-03 -7.4812000E-01
166.000000 2.3743000E-03 -7.7761000E-03 8.9267000E-01 -8.4810000E-01 -1.0208000E-03 -7.4643000E-01
166.500000 2.3767000E-03 -1.6439000E-02 8.9121000E-01 -8.5385000E-01 -6.9307000E-03 -7.5040000E-01
167.000000 2.3741000E-03 -5.3488000E-03 8.9002000E-01 -8.5340000E-01 -1.0774000E-02 -7.4851000E-01
167.500000 2.3705000E-03 1.8247000E-02 8.9045000E-01 -8.4246000E-01 -1.1869000E-02 -7.3774000E-01
168.000000 2.3471000E-03 2.0082000E-02 8.8983000E-01 -8.3641000E-01 -2.0748000E-02 -7.3078000E-01
168.500000 2.2991000E-03 -6.5084000E-03 8.8525000E-01 -8.4055000E-01 -3.0636000E-02 -7.3016000E-01
169.000000 2.2533000E-03 -1.9982000E-02 8.8042000E-01 -8.3753000E-01 -2.6085000E-02 -7.2228000E-01
169.500000 2.2243000E-03 5.9308000E-03 8.8031000E-01 -8.2396000E-01 -1.7321000E-02 -7.0853000E-01
170.000000 2.1989000E-03 2.9995000E-02 8.8134000E-01 -8.2108000E-01 -2.5090000E-02 -7.0654000E-01
170.500000 2.1869000E-03 9.5912000E-03 8.7840000E-01 -8.2913000E-01 -3.6201000E-02 -7.1153000E-01
171.000000 2.2247000E-03 -1.8852000E-02 8.7661000E-01 -8.2366000E-01 -2.1901000E-02 -7.0417000E-01
171.500000 2.3100000E-03 1.7718000E-04 8.8175000E-01 -8.1169000E-01 6.2100000E-03 -6.9711000E-01
172.000000 2.4019000E-03 3.9185000E-02 8.8692000E-01 -8.2287000E-01 1.5906000E-02 -7.1316000E-01
172.500000 2.4932000E-03 3.9344000E-02 8.8486000E-01 -8.4596000E-01 1.0774000E-02 -7.3396000E-01
173.000000 2.6041000E-03 1.0971000E-02 8.8191000E-01 -8.4484000E-01 1.4850000E-02 -7.2974000E-01
173.500000 2.7112000E-03 4.1841000E-03 8.8556000E-01 -8.2700000E-01 2.3336000E-02 -7.1534000E-01
174.000000 2.7677000E-03 1.7441000E-02 8.8852000E-01 -8.2758000E-01 1.5991000E-02 -7.1866000E-01
174.500000 2.7791000E-03 1.5850000E-02 8.7973000E-01 -8.4367000E-01 2.5013000E-03 -7.2576000E-01
175.000000 2.7760000E-03 2.1954000E-03 8.6238000E-01 -8.4171000E-01 1.0604000E-02 -7.0631000E-01
175.500000 2.7395000E-03 1.9989000E-03 8.4722000E-01 -8.1860000E-01 3.3117000E-02 -6.6789000E-01
176.000000 2.6436000E-03 5.1053000E-03 8.3289000E-01 -8.0193000E-01 3.2587000E-02 -6.3675000E-01
176.500000 2.5372000E-03 -6.7537000E-03 8.1078000E-01 -7.9869000E-01 2.3980000E-03 -6.1128000E-01
177.000000 2.4961000E-03 -6.3195000E-03 7.8606000E-01 -7.8965000E-01 -1.5246000E-02 -5.7742000E-01
177.500000 2.5226000E-03 2.2747000E-02 7.7373000E-01 -7.7174000E-01 1.8361000E-03 -5.4703000E-01
178.000000 2.5662000E-03 2.8918000E-02 7.7350000E-01 -7.6138000E-01 1.9099000E-02 -5.3627000E-01
178.500000 2.6130000E-03 -1.4781000E-02 7.7154000E-01 -7.6067000E-01 9.8126000E-03 -5.3348000E-01
179.000000 2.6844000E-03 -4.6438000E-02 7.6131000E-01 -7.5753000E-01 -5.7081000E-03 -5.1999000E-01
179.500000 2.7673000E-03 -2.3261000E-02 7.4952000E-01 -7.4921000E-01 -4.8927000E-03 -4.9976000E-01
180.000000 2.8058000E-03 -2.8157000E-12 7.4465000E-01 -7.4465000E-01 -6.4318000E-13 -4.9026000E-01
