length scale factor
3.2243140E-02
volume cluster radius, area mean sphere radius, circumscribing radius, cross section radius
6.4933128E-01 3.2210897E-02 1.0040426E+01 6.4933128E-01
total extinction, absorption, scattering efficiencies (unpolarized incidence)
3.7906000E-02 1.8285000E-02 1.9621000E-02
theta     11          12          22          33          34          44
 0.0000000E+00  1.1359000E+00  0.0000000E+00  9.9981000E-01  9.9981000E-01  0.0000000E+00  9.9963000E-01
 5.0000000E-01  1.1355000E+00 -4.0230000E-05  9.9981000E-01  9.9981000E-01  2.5230000E-09  9.9963000E-01
 1.0000000E+00  1.1343000E+00 -1.6093000E-04  9.9981000E-01  9.9981000E-01  1.0200000E-08  9.9963000E-01
 1.5000000E+00  1.1324000E+00 -3.6210000E-04  9.9981000E-01  9.9981000E-01  2.3354000E-08  9.9963000E-01
 2.0000000E+00  1.1296000E+00 -6.4379000E-04  9.9981000E-01  9.9981000E-01  4.2526000E-08  9.9963000E-01
 2.5000000E+00  1.1261000E+00 -1.0060000E-03  9.9981000E-01  9.9981000E-01  6.8473000E-08  9.9963000E-01
 3.0000000E+00  1.1219000E+00 -1.4488000E-03  9.9981000E-01  9.9981000E-01  1.0218000E-07  9.9963000E-01
 3.5000000E+00  1.1168000E+00 -1.9723000E-03  9.9981000E-01  9.9981000E-01  1.4483000E-07  9.9963000E-01
 4.0000000E+00  1.1111000E+00 -2.5765000E-03  9.9981000E-01  9.9981000E-01  1.9787000E-07  9.9963000E-01
 4.5000000E+00  1.1046000E+00 -3.2615000E-03  9.9981000E-01  9.9981000E-01  2.6294000E-07  9.9962000E-01
 5.0000000E+00  1.0974000E+00 -4.0274000E-03  9.9981000E-01  9.9981000E-01  3.4194000E-07  9.9962000E-01
 5.5000000E+00  1.0895000E+00 -4.8743000E-03  9.9981000E-01  9.9980000E-01  4.3699000E-07  9.9962000E-01
 6.0000000E+00  1.0809000E+00 -5.8023000E-03  9.9981000E-01  9.9980000E-01  5.5046000E-07  9.9961000E-01
 6.5000000E+00  1.0717000E+00 -6.8115000E-03  9.9982000E-01  9.9979000E-01  6.8496000E-07  9.9961000E-01
 7.0000000E+00  1.0619000E+00 -7.9020000E-03  9.9982000E-01  9.9978000E-01  8.4337000E-07  9.9960000E-01
 7.5000000E+00  1.0514000E+00 -9.0740000E-03  9.9982000E-01  9.9977000E-01  1.0288000E-06  9.9959000E-01
 8.0000000E+00  1.0403000E+00 -1.0328000E-02  9.9982000E-01  9.9976000E-01  1.2447000E-06  9.9958000E-01
 8.5000000E+00  1.0287000E+00 -1.1663000E-02  9.9982000E-01  9.9975000E-01  1.4947000E-06  9.9957000E-01
 9.0000000E+00  1.0165000E+00 -1.3081000E-02  9.9982000E-01  9.9973000E-01  1.7828000E-06  9.9955000E-01
 9.5000000E+00  1.0038000E+00 -1.4580000E-02  9.9982000E-01  9.9971000E-01  2.1132000E-06  9.9953000E-01
 1.0000000E+01  9.9066000E-01 -1.6162000E-02  9.9982000E-01  9.9969000E-01  2.4905000E-06  9.9951000E-01
 1.0500000E+01  9.7703000E-01 -1.7826000E-02  9.9982000E-01  9.9966000E-01  2.9196000E-06  9.9948000E-01
 1.1000000E+01  9.6297000E-01 -1.9573000E-02  9.9982000E-01  9.9963000E-01  3.4056000E-06  9.9945000E-01
 1.1500000E+01  9.4851000E-01 -2.1403000E-02  9.9982000E-01  9.9959000E-01  3.9540000E-06  9.9941000E-01
 1.2000000E+01  9.3367000E-01 -2.3316000E-02  9.9982000E-01  9.9955000E-01  4.5707000E-06  9.9937000E-01
 1.2500000E+01  9.1849000E-01 -2.5312000E-02  9.9982000E-01  9.9950000E-01  5.2618000E-06  9.9932000E-01
 1.3000000E+01  9.0299000E-01 -2.7392000E-02  9.9982000E-01  9.9945000E-01  6.0340000E-06  9.9927000E-01
 1.3500000E+01  8.8721000E-01 -2.9556000E-02  9.9982000E-01  9.9938000E-01  6.8942000E-06  9.9921000E-01
 1.4000000E+01  8.7117000E-01 -3.1804000E-02  9.9982000E-01  9.9932000E-01  7.8496000E-06  9.9914000E-01
 1.4500000E+01  8.5491000E-01 -3.4136000E-02  9.9982000E-01  9.9924000E-01  8.9079000E-06  9.9907000E-01
 1.5000000E+01  8.3844000E-01 -3.6552000E-02  9.9982000E-01  9.9915000E-01  1.0077000E-05  9.9898000E-01
 1.5500000E+01  8.2181000E-01 -3.9053000E-02  9.9982000E-01  9.9906000E-01  1.1366000E-05  9.9889000E-01
 1.6000000E+01  8.0504000E-01 -4.1639000E-02  9.9982000E-01  9.9896000E-01  1.2784000E-05  9.9879000E-01
 1.6500000E+01  7.8816000E-01 -4.4311000E-02  9.9982000E-01  9.9884000E-01  1.4339000E-05  9.9867000E-01
 1.7000000E+01  7.7119000E-01 -4.7068000E-02  9.9982000E-01  9.9872000E-01  1.6041000E-05  9.9855000E-01
 1.7500000E+01  7.5416000E-01 -4.9911000E-02  9.9982000E-01  9.9858000E-01  1.7902000E-05  9.9841000E-01
 1.8000000E+01  7.3710000E-01 -5.2840000E-02  9.9982000E-01  9.9843000E-01  1.9931000E-05  9.9826000E-01
 1.8500000E+01  7.2003000E-01 -5.5855000E-02  9.9982000E-01  9.9827000E-01  2.2139000E-05  9.9810000E-01
 1.9000000E+01  7.0298000E-01 -5.8956000E-02  9.9983000E-01  9.9809000E-01  2.4539000E-05  9.9792000E-01
 1.9500000E+01  6.8596000E-01 -6.2145000E-02  9.9983000E-01  9.9790000E-01  2.7142000E-05  9.9773000E-01
 2.0000000E+01  6.6901000E-01 -6.5421000E-02  9.9983000E-01  9.9769000E-01  2.9961000E-05  9.9752000E-01
 2.0500000E+01  6.5215000E-01 -6.8784000E-02  9.9983000E-01  9.9746000E-01  3.3009000E-05  9.9730000E-01
 2.1000000E+01  6.3538000E-01 -7.2235000E-02  9.9983000E-01  9.9722000E-01  3.6300000E-05  9.9706000E-01
 2.1500000E+01  6.1875000E-01 -7.5774000E-02  9.9983000E-01  9.9696000E-01  3.9846000E-05  9.9680000E-01
 2.2000000E+01  6.0225000E-01 -7.9401000E-02  9.9983000E-01  9.9667000E-01  4.3664000E-05  9.9651000E-01
 2.2500000E+01  5.8591000E-01 -8.3116000E-02  9.9983000E-01  9.9637000E-01  4.7768000E-05  9.9621000E-01
 2.3000000E+01  5.6975000E-01 -8.6921000E-02  9.9983000E-01  9.9605000E-01  5.2173000E-05  9.9589000E-01
 2.3500000E+01  5.5379000E-01 -9.0814000E-02  9.9983000E-01  9.9570000E-01  5.6896000E-05  9.9554000E-01
 2.4000000E+01  5.3803000E-01 -9.4797000E-02  9.9983000E-01  9.9533000E-01  6.1952000E-05  9.9517000E-01
 2.4500000E+01  5.2248000E-01 -9.8869000E-02  9.9983000E-01  9.9493000E-01  6.7360000E-05  9.9478000E-01
 2.5000000E+01  5.0717000E-01 -1.0303000E-01  9.9983000E-01  9.9451000E-01  7.3135000E-05  9.9436000E-01
 2.5500000E+01  4.9211000E-01 -1.0728000E-01  9.9983000E-01  9.9406000E-01  7.9296000E-05  9.9391000E-01
 2.6000000E+01  4.7729000E-01 -1.1163000E-01  9.9983000E-01  9.9358000E-01  8.5862000E-05  9.9343000E-01
 2.6500000E+01  4.6274000E-01 -1.1606000E-01  9.9983000E-01  9.9308000E-01  9.2850000E-05  9.9292000E-01
 2.7000000E+01  4.4845000E-01 -1.2058000E-01  9.9983000E-01  9.9254000E-01  1.0028000E-04  9.9238000E-01
 2.7500000E+01  4.3445000E-01 -1.2520000E-01  9.9983000E-01  9.9196000E-01  1.0817000E-04  9.9181000E-01
 2.8000000E+01  4.2073000E-01 -1.2991000E-01  9.9983000E-01  9.9136000E-01  1.1654000E-04  9.9121000E-01
 2.8500000E+01  4.0729000E-01 -1.3470000E-01  9.9983000E-01  9.9072000E-01  1.2542000E-04  9.9057000E-01
 2.9000000E+01  3.9415000E-01 -1.3960000E-01  9.9983000E-01  9.9004000E-01  1.3481000E-04  9.8989000E-01
 2.9500000E+01  3.8131000E-01 -1.4458000E-01  9.9982000E-01  9.8932000E-01  1.4475000E-04  9.8917000E-01
 3.0000000E+01  3.6877000E-01 -1.4965000E-01  9.9982000E-01  9.8857000E-01  1.5525000E-04  9.8842000E-01
 3.0500000E+01  3.5652000E-01 -1.5482000E-01  9.9982000E-01  9.8777000E-01  1.6634000E-04  9.8762000E-01
 3.1000000E+01  3.4459000E-01 -1.6008000E-01  9.9982000E-01  9.8693000E-01  1.7803000E-04  9.8678000E-01
 3.1500000E+01  3.3295000E-01 -1.6543000E-01  9.9982000E-01  9.8605000E-01  1.9034000E-04  9.8590000E-01
 3.2000000E+01  3.2162000E-01 -1.7088000E-01  9.9982000E-01  9.8512000E-01  2.0331000E-04  9.8497000E-01
 3.2500000E+01  3.1059000E-01 -1.7642000E-01  9.9982000E-01  9.8414000E-01  2.1695000E-04  9.8399000E-01
 3.3000000E+01  2.9986000E-01 -1.8205000E-01  9.9982000E-01  9.8311000E-01  2.3128000E-04  9.8296000E-01
 3.3500000E+01  2.8943000E-01 -1.8777000E-01  9.9981000E-01  9.8203000E-01  2.4632000E-04  9.8188000E-01
 3.4000000E+01  2.7930000E-01 -1.9359000E-01  9.9981000E-01  9.8090000E-01  2.6210000E-04  9.8075000E-01
 3.4500000E+01  2.6947000E-01 -1.9951000E-01  9.9981000E-01  9.7971000E-01  2.7864000E-04  9.7956000E-01
 3.5000000E+01  2.5992000E-01 -2.0551000E-01  9.9981000E-01  9.7846000E-01  2.9595000E-04  9.7831000E-01
 3.5500000E+01  2.5067000E-01 -2.1161000E-01  9.9981000E-01  9.7716000E-01  3.1407000E-04  9.7701000E-01
 3.6000000E+01  2.4170000E-01 -2.1781000E-01  9.9980000E-01  9.7579000E-01  3.3300000E-04  9.7564000E-01
 3.6500000E+01  2.3300000E-01 -2.2410000E-01  9.9980000E-01  9.7437000E-01  3.5278000E-04  9.7421000E-01
 3.7000000E+01  2.2459000E-01 -2.3048000E-01  9.9980000E-01  9.7287000E-01  3.7341000E-04  9.7271000E-01
 3.7500000E+01  2.1644000E-01 -2.3696000E-01  9.9979000E-01  9.7131000E-01  3.9493000E-04  9.7115000E-01
 3.8000000E+01  2.0856000E-01 -2.4353000E-01  9.9979000E-01  9.6968000E-01  4.1734000E-04  9.6952000E-01
 3.8500000E+01  2.0094000E-01 -2.5019000E-01  9.9979000E-01  9.6798000E-01  4.4068000E-04  9.6781000E-01
 3.9000000E+01  1.9358000E-01 -2.5695000E-01  9.9978000E-01  9.6620000E-01  4.6495000E-04  9.6603000E-01
 3.9500000E+01  1.8647000E-01 -2.6380000E-01  9.9978000E-01  9.6435000E-01  4.9017000E-04  9.6418000E-01
 4.0000000E+01  1.7960000E-01 -2.7074000E-01  9.9977000E-01  9.6241000E-01  5.1636000E-04  9.6224000E-01
 4.0500000E+01  1.7297000E-01 -2.7778000E-01  9.9977000E-01  9.6040000E-01  5.4354000E-04  9.6023000E-01
 4.1000000E+01  1.6657000E-01 -2.8491000E-01  9.9976000E-01  9.5830000E-01  5.7172000E-04  9.5813000E-01
 4.1500000E+01  1.6039000E-01 -2.9214000E-01  9.9976000E-01  9.5612000E-01  6.0091000E-04  9.5594000E-01
 4.2000000E+01  1.5444000E-01 -2.9945000E-01  9.9975000E-01  9.5384000E-01  6.3113000E-04  9.5366000E-01
 4.2500000E+01  1.4871000E-01 -3.0686000E-01  9.9974000E-01  9.5148000E-01  6.6238000E-04  9.5129000E-01
 4.3000000E+01  1.4318000E-01 -3.1436000E-01  9.9974000E-01  9.4902000E-01  6.9469000E-04  9.4883000E-01
 4.3500000E+01  1.3786000E-01 -3.2195000E-01  9.9973000E-01  9.4646000E-01  7.2805000E-04  9.4627000E-01
 4.4000000E+01  1.3273000E-01 -3.2962000E-01  9.9972000E-01  9.4380000E-01  7.6249000E-04  9.4361000E-01
 4.4500000E+01  1.2780000E-01 -3.3739000E-01  9.9971000E-01  9.4104000E-01  7.9799000E-04  9.4084000E-01
 4.5000000E+01  1.2305000E-01 -3.4525000E-01  9.9971000E-01  9.3818000E-01  8.3457000E-04  9.3797000E-01
 4.5500000E+01  1.1848000E-01 -3.5319000E-01  9.9970000E-01  9.3521000E-01  8.7224000E-04  9.3500000E-01
 4.6000000E+01  1.1409000E-01 -3.6122000E-01  9.9969000E-01  9.3212000E-01  9.1099000E-04  9.3191000E-01
 4.6500000E+01  1.0987000E-01 -3.6934000E-01  9.9968000E-01  9.2892000E-01  9.5082000E-04  9.2870000E-01
 4.7000000E+01  1.0581000E-01 -3.7754000E-01  9.9967000E-01  9.2561000E-01  9.9175000E-04  9.2538000E-01
 4.7500000E+01  1.0191000E-01 -3.8583000E-01  9.9966000E-01  9.2217000E-01  1.0337000E-03  9.2194000E-01
 4.8000000E+01  9.8157000E-02 -3.9420000E-01  9.9964000E-01  9.1861000E-01  1.0768000E-03  9.1837000E-01
 4.8500000E+01  9.4556000E-02 -4.0264000E-01  9.9963000E-01  9.1493000E-01  1.1210000E-03  9.1468000E-01
 4.9000000E+01  9.1097000E-02 -4.1117000E-01  9.9962000E-01  9.1111000E-01  1.1662000E-03  9.1085000E-01
 4.9500000E+01  8.7777000E-02 -4.1978000E-01  9.9961000E-01  9.0716000E-01  1.2125000E-03  9.0690000E-01
 5.0000000E+01  8.4589000E-02 -4.2846000E-01  9.9959000E-01  9.0308000E-01  1.2598000E-03  9.0281000E-01
 5.0500000E+01  8.1529000E-02 -4.3721000E-01  9.9958000E-01  8.9885000E-01  1.3081000E-03  8.9857000E-01
 5.1000000E+01  7.8593000E-02 -4.4604000E-01  9.9956000E-01  8.9449000E-01  1.3575000E-03  8.9420000E-01
 5.1500000E+01  7.5776000E-02 -4.5494000E-01  9.9955000E-01  8.8997000E-01  1.4078000E-03  8.8968000E-01
 5.2000000E+01  7.3073000E-02 -4.6391000E-01  9.9953000E-01  8.8531000E-01  1.4591000E-03  8.8501000E-01
 5.2500000E+01  7.0481000E-02 -4.7294000E-01  9.9951000E-01  8.8050000E-01  1.5114000E-03  8.8019000E-01
 5.3000000E+01  6.7994000E-02 -4.8204000E-01  9.9949000E-01  8.7553000E-01  1.5646000E-03  8.7521000E-01
 5.3500000E+01  6.5610000E-02 -4.9119000E-01  9.9947000E-01  8.7041000E-01  1.6188000E-03  8.7007000E-01
 5.4000000E+01  6.3323000E-02 -5.0041000E-01  9.9945000E-01  8.6512000E-01  1.6738000E-03  8.6478000E-01
 5.4500000E+01  6.1131000E-02 -5.0968000E-01  9.9943000E-01  8.5967000E-01  1.7296000E-03  8.5931000E-01
 5.5000000E+01  5.9029000E-02 -5.1900000E-01  9.9941000E-01  8.5405000E-01  1.7863000E-03  8.5368000E-01
 5.5500000E+01  5.7014000E-02 -5.2837000E-01  9.9939000E-01  8.4826000E-01  1.8438000E-03  8.4788000E-01
 5.6000000E+01  5.5083000E-02 -5.3779000E-01  9.9937000E-01  8.4229000E-01  1.9020000E-03  8.4190000E-01
 5.6500000E+01  5.3231000E-02 -5.4725000E-01  9.9935000E-01  8.3615000E-01  1.9610000E-03  8.3575000E-01
 5.7000000E+01  5.1457000E-02 -5.5675000E-01  9.9932000E-01  8.2983000E-01  2.0206000E-03  8.2942000E-01
 5.7500000E+01  4.9755000E-02 -5.6628000E-01  9.9930000E-01  8.2332000E-01  2.0809000E-03  8.2290000E-01
 5.8000000E+01  4.8125000E-02 -5.7585000E-01  9.9927000E-01  8.1663000E-01  2.1419000E-03  8.1620000E-01
 5.8500000E+01  4.6561000E-02 -5.8544000E-01  9.9924000E-01  8.0975000E-01  2.2034000E-03  8.0931000E-01
 5.9000000E+01  4.5063000E-02 -5.9506000E-01  9.9922000E-01  8.0268000E-01  2.2654000E-03  8.0222000E-01
 5.9500000E+01  4.3626000E-02 -6.0470000E-01  9.9919000E-01  7.9541000E-01  2.3279000E-03  7.9494000E-01
 6.0000000E+01  4.2249000E-02 -6.1435000E-01  9.9916000E-01  7.8795000E-01  2.3909000E-03  7.8747000E-01
 6.0500000E+01  4.0928000E-02 -6.2401000E-01  9.9913000E-01  7.8029000E-01  2.4543000E-03  7.7980000E-01
 6.1000000E+01  3.9661000E-02 -6.3367000E-01  9.9910000E-01  7.7243000E-01  2.5181000E-03  7.7192000E-01
 6.1500000E+01  3.8447000E-02 -6.4334000E-01  9.9907000E-01  7.6436000E-01  2.5822000E-03  7.6384000E-01
 6.2000000E+01  3.7282000E-02 -6.5300000E-01  9.9904000E-01  7.5608000E-01  2.6466000E-03  7.5555000E-01
 6.2500000E+01  3.6164000E-02 -6.6265000E-01  9.9901000E-01  7.4760000E-01  2.7113000E-03  7.4706000E-01
 6.3000000E+01  3.5092000E-02 -6.7229000E-01  9.9898000E-01  7.3891000E-01  2.7761000E-03  7.3835000E-01
 6.3500000E+01  3.4063000E-02 -6.8191000E-01  9.9894000E-01  7.3000000E-01  2.8412000E-03  7.2944000E-01
 6.4000000E+01  3.3075000E-02 -6.9150000E-01  9.9891000E-01  7.2089000E-01  2.9063000E-03  7.2031000E-01
 6.4500000E+01  3.2127000E-02 -7.0106000E-01  9.9887000E-01  7.1155000E-01  2.9715000E-03  7.1096000E-01
 6.5000000E+01  3.1216000E-02 -7.1058000E-01  9.9884000E-01  7.0200000E-01  3.0367000E-03  7.0140000E-01
 6.5500000E+01  3.0342000E-02 -7.2006000E-01  9.9880000E-01  6.9223000E-01  3.1020000E-03  6.9162000E-01
 6.6000000E+01  2.9502000E-02 -7.2949000E-01  9.9877000E-01  6.8224000E-01  3.1672000E-03  6.8162000E-01
 6.6500000E+01  2.8695000E-02 -7.3886000E-01  9.9873000E-01  6.7203000E-01  3.2323000E-03  6.7140000E-01
 6.7000000E+01  2.7919000E-02 -7.4818000E-01  9.9869000E-01  6.6160000E-01  3.2972000E-03  6.6096000E-01
 6.7500000E+01  2.7173000E-02 -7.5742000E-01  9.9866000E-01  6.5095000E-01  3.3620000E-03  6.5030000E-01
 6.8000000E+01  2.6456000E-02 -7.6659000E-01  9.9862000E-01  6.4007000E-01  3.4266000E-03  6.3941000E-01
 6.8500000E+01  2.5766000E-02 -7.7568000E-01  9.9858000E-01  6.2897000E-01  3.4908000E-03  6.2831000E-01
 6.9000000E+01  2.5102000E-02 -7.8469000E-01  9.9854000E-01  6.1765000E-01  3.5548000E-03  6.1698000E-01
 6.9500000E+01  2.4463000E-02 -7.9359000E-01  9.9850000E-01  6.0611000E-01  3.6185000E-03  6.0543000E-01
 7.0000000E+01  2.3847000E-02 -8.0240000E-01  9.9846000E-01  5.9435000E-01  3.6817000E-03  5.9366000E-01
 7.0500000E+01  2.3255000E-02 -8.1110000E-01  9.9842000E-01  5.8236000E-01  3.7445000E-03  5.8166000E-01
 7.1000000E+01  2.2684000E-02 -8.1969000E-01  9.9838000E-01  5.7016000E-01  3.8069000E-03  5.6945000E-01
 7.1500000E+01  2.2134000E-02 -8.2815000E-01  9.9834000E-01  5.5773000E-01  3.8687000E-03  5.5702000E-01
 7.2000000E+01  2.1603000E-02 -8.3649000E-01  9.9830000E-01  5.4509000E-01  3.9299000E-03  5.4437000E-01
 7.2500000E+01  2.1092000E-02 -8.4469000E-01  9.9826000E-01  5.3222000E-01  3.9905000E-03  5.3151000E-01
 7.3000000E+01  2.0599000E-02 -8.5275000E-01  9.9822000E-01  5.1915000E-01  4.0505000E-03  5.1843000E-01
 7.3500000E+01  2.0123000E-02 -8.6066000E-01  9.9818000E-01  5.0586000E-01  4.1097000E-03  5.0514000E-01
 7.4000000E+01  1.9664000E-02 -8.6841000E-01  9.9814000E-01  4.9236000E-01  4.1682000E-03  4.9164000E-01
 7.4500000E+01  1.9221000E-02 -8.7600000E-01  9.9810000E-01  4.7865000E-01  4.2259000E-03  4.7793000E-01
 7.5000000E+01  1.8793000E-02 -8.8342000E-01  9.9806000E-01  4.6474000E-01  4.2826000E-03  4.6402000E-01
 7.5500000E+01  1.8380000E-02 -8.9066000E-01  9.9802000E-01  4.5063000E-01  4.3385000E-03  4.4990000E-01
 7.6000000E+01  1.7980000E-02 -8.9772000E-01  9.9798000E-01  4.3631000E-01  4.3934000E-03  4.3559000E-01
 7.6500000E+01  1.7595000E-02 -9.0459000E-01  9.9793000E-01  4.2180000E-01  4.4473000E-03  4.2109000E-01
 7.7000000E+01  1.7222000E-02 -9.1126000E-01  9.9789000E-01  4.0710000E-01  4.5001000E-03  4.0639000E-01
 7.7500000E+01  1.6862000E-02 -9.1773000E-01  9.9785000E-01  3.9222000E-01  4.5517000E-03  3.9151000E-01
 7.8000000E+01  1.6513000E-02 -9.2398000E-01  9.9781000E-01  3.7715000E-01  4.6022000E-03  3.7644000E-01
 7.8500000E+01  1.6177000E-02 -9.3002000E-01  9.9777000E-01  3.6190000E-01  4.6514000E-03  3.6120000E-01
 7.9000000E+01  1.5851000E-02 -9.3583000E-01  9.9773000E-01  3.4648000E-01  4.6992000E-03  3.4579000E-01
 7.9500000E+01  1.5536000E-02 -9.4142000E-01  9.9768000E-01  3.3090000E-01  4.7457000E-03  3.3021000E-01
 8.0000000E+01  1.5231000E-02 -9.4676000E-01  9.9764000E-01  3.1515000E-01  4.7907000E-03  3.1447000E-01
 8.0500000E+01  1.4937000E-02 -9.5187000E-01  9.9760000E-01  2.9924000E-01  4.8342000E-03  2.9858000E-01
 8.1000000E+01  1.4651000E-02 -9.5673000E-01  9.9756000E-01  2.8319000E-01  4.8761000E-03  2.8253000E-01
 8.1500000E+01  1.4375000E-02 -9.6133000E-01  9.9752000E-01  2.6699000E-01  4.9164000E-03  2.6635000E-01
 8.2000000E+01  1.4109000E-02 -9.6568000E-01  9.9747000E-01  2.5066000E-01  4.9550000E-03  2.5003000E-01
 8.2500000E+01  1.3850000E-02 -9.6977000E-01  9.9743000E-01  2.3420000E-01  4.9918000E-03  2.3358000E-01
 8.3000000E+01  1.3600000E-02 -9.7358000E-01  9.9739000E-01  2.1761000E-01  5.0267000E-03  2.1701000E-01
 8.3500000E+01  1.3359000E-02 -9.7712000E-01  9.9735000E-01  2.0092000E-01  5.0598000E-03  2.0032000E-01
 8.4000000E+01  1.3125000E-02 -9.8039000E-01  9.9731000E-01  1.8411000E-01  5.0909000E-03  1.8353000E-01
 8.4500000E+01  1.2898000E-02 -9.8337000E-01  9.9727000E-01  1.6720000E-01  5.1200000E-03  1.6665000E-01
 8.5000000E+01  1.2679000E-02 -9.8607000E-01  9.9723000E-01  1.5021000E-01  5.1469000E-03  1.4967000E-01
 8.5500000E+01  1.2468000E-02 -9.8848000E-01  9.9719000E-01  1.3313000E-01  5.1718000E-03  1.3261000E-01
 8.6000000E+01  1.2263000E-02 -9.9060000E-01  9.9715000E-01  1.1598000E-01  5.1944000E-03  1.1548000E-01
 8.6500000E+01  1.2065000E-02 -9.9243000E-01  9.9711000E-01  9.8760000E-02  5.2147000E-03  9.8278000E-02
 8.7000000E+01  1.1874000E-02 -9.9395000E-01  9.9707000E-01  8.1486000E-02  5.2328000E-03  8.1024000E-02
 8.7500000E+01  1.1688000E-02 -9.9518000E-01  9.9703000E-01  6.4163000E-02  5.2485000E-03  6.3724000E-02
 8.8000000E+01  1.1510000E-02 -9.9611000E-01  9.9699000E-01  4.6803000E-02  5.2618000E-03  4.6387000E-02
 8.8500000E+01  1.1337000E-02 -9.9674000E-01  9.9695000E-01  2.9413000E-02  5.2726000E-03  2.9021000E-02
 8.9000000E+01  1.1170000E-02 -9.9706000E-01  9.9691000E-01  1.2004000E-02  5.2809000E-03  1.1636000E-02
 8.9500000E+01  1.1009000E-02 -9.9708000E-01  9.9687000E-01 -5.4167000E-03  5.2867000E-03 -5.7593000E-03
 9.0000000E+01  1.0853000E-02 -9.9679000E-01  9.9684000E-01 -2.2838000E-02  5.2899000E-03 -2.3155000E-02
 9.0500000E+01  1.0703000E-02 -9.9620000E-01  9.9680000E-01 -4.0252000E-02  5.2906000E-03 -4.0541000E-02
 9.1000000E+01  1.0558000E-02 -9.9531000E-01  9.9676000E-01 -5.7647000E-02  5.2886000E-03 -5.7909000E-02
 9.1500000E+01  1.0418000E-02 -9.9411000E-01  9.9673000E-01 -7.5016000E-02  5.2840000E-03 -7.5249000E-02
 9.2000000E+01  1.0283000E-02 -9.9262000E-01  9.9669000E-01 -9.2348000E-02  5.2768000E-03 -9.2551000E-02
 9.2500000E+01  1.0154000E-02 -9.9082000E-01  9.9666000E-01 -1.0963000E-01  5.2669000E-03 -1.0981000E-01
 9.3000000E+01  1.0028000E-02 -9.8873000E-01  9.9662000E-01 -1.2686000E-01  5.2544000E-03 -1.2701000E-01
 9.3500000E+01  9.9080000E-03 -9.8634000E-01  9.9659000E-01 -1.4403000E-01  5.2393000E-03 -1.4414000E-01
 9.4000000E+01  9.7920000E-03 -9.8365000E-01  9.9656000E-01 -1.6113000E-01  5.2215000E-03 -1.6120000E-01
 9.4500000E+01  9.6805000E-03 -9.8068000E-01  9.9653000E-01 -1.7814000E-01  5.2011000E-03 -1.7818000E-01
 9.5000000E+01  9.5733000E-03 -9.7742000E-01  9.9649000E-01 -1.9506000E-01  5.1781000E-03 -1.9507000E-01
 9.5500000E+01  9.4703000E-03 -9.7388000E-01  9.9646000E-01 -2.1188000E-01  5.1525000E-03 -2.1186000E-01
 9.6000000E+01  9.3715000E-03 -9.7006000E-01  9.9644000E-01 -2.2859000E-01  5.1245000E-03 -2.2853000E-01
 9.6500000E+01  9.2765000E-03 -9.6597000E-01  9.9641000E-01 -2.4518000E-01  5.0939000E-03 -2.4509000E-01
 9.7000000E+01  9.1855000E-03 -9.6160000E-01  9.9638000E-01 -2.6166000E-01  5.0609000E-03 -2.6153000E-01
 9.7500000E+01  9.0983000E-03 -9.5698000E-01  9.9635000E-01 -2.7800000E-01  5.0254000E-03 -2.7783000E-01
 9.8000000E+01  9.0148000E-03 -9.5209000E-01  9.9633000E-01 -2.9420000E-01  4.9877000E-03 -2.9400000E-01
 9.8500000E+01  8.9349000E-03 -9.4695000E-01  9.9630000E-01 -3.1025000E-01  4.9477000E-03 -3.1001000E-01
 9.9000000E+01  8.8585000E-03 -9.4157000E-01  9.9628000E-01 -3.2615000E-01  4.9054000E-03 -3.2587000E-01
 9.9500000E+01  8.7855000E-03 -9.3594000E-01  9.9625000E-01 -3.4189000E-01  4.8610000E-03 -3.4157000E-01
 1.0000000E+02  8.7159000E-03 -9.3008000E-01  9.9623000E-01 -3.5746000E-01  4.8146000E-03 -3.5710000E-01
 1.0050000E+02  8.6495000E-03 -9.2398000E-01  9.9621000E-01 -3.7286000E-01  4.7661000E-03 -3.7246000E-01
 1.0100000E+02  8.5863000E-03 -9.1767000E-01  9.9619000E-01 -3.8808000E-01  4.7158000E-03 -3.8764000E-01
 1.0150000E+02  8.5262000E-03 -9.1114000E-01  9.9617000E-01 -4.0311000E-01  4.6636000E-03 -4.0264000E-01
 1.0200000E+02  8.4691000E-03 -9.0440000E-01  9.9615000E-01 -4.1796000E-01  4.6097000E-03 -4.1744000E-01
 1.0250000E+02  8.4149000E-03 -8.9747000E-01  9.9613000E-01 -4.3261000E-01  4.5542000E-03 -4.3206000E-01
 1.0300000E+02  8.3636000E-03 -8.9033000E-01  9.9612000E-01 -4.4706000E-01  4.4971000E-03 -4.4647000E-01
 1.0350000E+02  8.3150000E-03 -8.8301000E-01  9.9610000E-01 -4.6131000E-01  4.4386000E-03 -4.6067000E-01
 1.0400000E+02  8.2691000E-03 -8.7552000E-01  9.9609000E-01 -4.7535000E-01  4.3787000E-03 -4.7468000E-01
 1.0450000E+02  8.2259000E-03 -8.6785000E-01  9.9607000E-01 -4.8918000E-01  4.3176000E-03 -4.8847000E-01
 1.0500000E+02  8.1852000E-03 -8.6001000E-01  9.9606000E-01 -5.0280000E-01  4.2553000E-03 -5.0204000E-01
 1.0550000E+02  8.1470000E-03 -8.5202000E-01  9.9605000E-01 -5.1620000E-01  4.1920000E-03 -5.1540000E-01
 1.0600000E+02  8.1112000E-03 -8.4388000E-01  9.9604000E-01 -5.2938000E-01  4.1277000E-03 -5.2854000E-01
 1.0650000E+02  8.0778000E-03 -8.3559000E-01  9.9603000E-01 -5.4233000E-01  4.0625000E-03 -5.4146000E-01
 1.0700000E+02  8.0466000E-03 -8.2717000E-01  9.9602000E-01 -5.5507000E-01  3.9966000E-03 -5.5415000E-01
 1.0750000E+02  8.0177000E-03 -8.1863000E-01  9.9601000E-01 -5.6758000E-01  3.9300000E-03 -5.6662000E-01
 1.0800000E+02  7.9909000E-03 -8.0996000E-01  9.9601000E-01 -5.7986000E-01  3.8629000E-03 -5.7886000E-01
 1.0850000E+02  7.9662000E-03 -8.0118000E-01  9.9600000E-01 -5.9192000E-01  3.7953000E-03 -5.9088000E-01
 1.0900000E+02  7.9435000E-03 -7.9230000E-01  9.9599000E-01 -6.0374000E-01  3.7274000E-03 -6.0266000E-01
 1.0950000E+02  7.9228000E-03 -7.8332000E-01  9.9599000E-01 -6.1534000E-01  3.6591000E-03 -6.1422000E-01
 1.1000000E+02  7.9039000E-03 -7.7425000E-01  9.9599000E-01 -6.2671000E-01  3.5907000E-03 -6.2555000E-01
 1.1050000E+02  7.8870000E-03 -7.6509000E-01  9.9598000E-01 -6.3784000E-01  3.5222000E-03 -6.3664000E-01
 1.1100000E+02  7.8718000E-03 -7.5586000E-01  9.9598000E-01 -6.4875000E-01  3.4536000E-03 -6.4751000E-01
 1.1150000E+02  7.8584000E-03 -7.4656000E-01  9.9598000E-01 -6.5943000E-01  3.3851000E-03 -6.5815000E-01
 1.1200000E+02  7.8466000E-03 -7.3719000E-01  9.9598000E-01 -6.6988000E-01  3.3167000E-03 -6.6856000E-01
 1.1250000E+02  7.8365000E-03 -7.2777000E-01  9.9598000E-01 -6.8010000E-01  3.2485000E-03 -6.7874000E-01
 1.1300000E+02  7.8280000E-03 -7.1830000E-01  9.9598000E-01 -6.9009000E-01  3.1807000E-03 -6.8870000E-01
 1.1350000E+02  7.8209000E-03 -7.0878000E-01  9.9598000E-01 -6.9986000E-01  3.1131000E-03 -6.9843000E-01
 1.1400000E+02  7.8154000E-03 -6.9923000E-01  9.9599000E-01 -7.0941000E-01  3.0460000E-03 -7.0794000E-01
 1.1450000E+02  7.8113000E-03 -6.8964000E-01  9.9599000E-01 -7.1873000E-01  2.9793000E-03 -7.1723000E-01
 1.1500000E+02  7.8085000E-03 -6.8003000E-01  9.9599000E-01 -7.2784000E-01  2.9132000E-03 -7.2630000E-01
 1.1550000E+02  7.8071000E-03 -6.7040000E-01  9.9600000E-01 -7.3672000E-01  2.8477000E-03 -7.3514000E-01
 1.1600000E+02  7.8070000E-03 -6.6075000E-01  9.9600000E-01 -7.4539000E-01  2.7828000E-03 -7.4378000E-01
 1.1650000E+02  7.8081000E-03 -6.5110000E-01  9.9601000E-01 -7.5384000E-01  2.7185000E-03 -7.5219000E-01
 1.1700000E+02  7.8104000E-03 -6.4143000E-01  9.9601000E-01 -7.6209000E-01  2.6550000E-03 -7.6040000E-01
 1.1750000E+02  7.8139000E-03 -6.3178000E-01  9.9602000E-01 -7.7012000E-01  2.5923000E-03 -7.6840000E-01
 1.1800000E+02  7.8184000E-03 -6.2212000E-01  9.9603000E-01 -7.7794000E-01  2.5303000E-03 -7.7619000E-01
 1.1850000E+02  7.8241000E-03 -6.1248000E-01  9.9604000E-01 -7.8556000E-01  2.4692000E-03 -7.8378000E-01
 1.1900000E+02  7.8307000E-03 -6.0285000E-01  9.9604000E-01 -7.9298000E-01  2.4089000E-03 -7.9117000E-01
 1.1950000E+02  7.8384000E-03 -5.9324000E-01  9.9605000E-01 -8.0021000E-01  2.3496000E-03 -7.9836000E-01
 1.2000000E+02  7.8470000E-03 -5.8366000E-01  9.9606000E-01 -8.0723000E-01  2.2911000E-03 -8.0535000E-01
 1.2050000E+02  7.8565000E-03 -5.7410000E-01  9.9607000E-01 -8.1406000E-01  2.2336000E-03 -8.1215000E-01
 1.2100000E+02  7.8669000E-03 -5.6458000E-01  9.9608000E-01 -8.2071000E-01  2.1770000E-03 -8.1877000E-01
 1.2150000E+02  7.8781000E-03 -5.5509000E-01  9.9609000E-01 -8.2716000E-01  2.1214000E-03 -8.2519000E-01
 1.2200000E+02  7.8902000E-03 -5.4564000E-01  9.9610000E-01 -8.3344000E-01  2.0667000E-03 -8.3144000E-01
 1.2250000E+02  7.9030000E-03 -5.3623000E-01  9.9611000E-01 -8.3953000E-01  2.0131000E-03 -8.3750000E-01
 1.2300000E+02  7.9165000E-03 -5.2687000E-01  9.9612000E-01 -8.4544000E-01  1.9604000E-03 -8.4339000E-01
 1.2350000E+02  7.9308000E-03 -5.1756000E-01  9.9613000E-01 -8.5119000E-01  1.9088000E-03 -8.4910000E-01
 1.2400000E+02  7.9457000E-03 -5.0830000E-01  9.9614000E-01 -8.5676000E-01  1.8581000E-03 -8.5465000E-01
 1.2450000E+02  7.9613000E-03 -4.9910000E-01  9.9615000E-01 -8.6216000E-01  1.8085000E-03 -8.6003000E-01
 1.2500000E+02  7.9775000E-03 -4.8995000E-01  9.9616000E-01 -8.6740000E-01  1.7599000E-03 -8.6524000E-01
 1.2550000E+02  7.9943000E-03 -4.8086000E-01  9.9618000E-01 -8.7248000E-01  1.7122000E-03 -8.7030000E-01
 1.2600000E+02  8.0116000E-03 -4.7184000E-01  9.9619000E-01 -8.7741000E-01  1.6656000E-03 -8.7519000E-01
 1.2650000E+02  8.0294000E-03 -4.6289000E-01  9.9620000E-01 -8.8218000E-01  1.6200000E-03 -8.7994000E-01
 1.2700000E+02  8.0478000E-03 -4.5400000E-01  9.9621000E-01 -8.8679000E-01  1.5753000E-03 -8.8453000E-01
 1.2750000E+02  8.0666000E-03 -4.4518000E-01  9.9622000E-01 -8.9126000E-01  1.5317000E-03 -8.8898000E-01
 1.2800000E+02  8.0859000E-03 -4.3643000E-01  9.9624000E-01 -8.9559000E-01  1.4890000E-03 -8.9329000E-01
 1.2850000E+02  8.1055000E-03 -4.2776000E-01  9.9625000E-01 -8.9978000E-01  1.4473000E-03 -8.9745000E-01
 1.2900000E+02  8.1256000E-03 -4.1916000E-01  9.9626000E-01 -9.0383000E-01  1.4065000E-03 -9.0148000E-01
 1.2950000E+02  8.1461000E-03 -4.1064000E-01  9.9627000E-01 -9.0774000E-01  1.3667000E-03 -9.0537000E-01
 1.3000000E+02  8.1669000E-03 -4.0220000E-01  9.9629000E-01 -9.1152000E-01  1.3278000E-03 -9.0913000E-01
 1.3050000E+02  8.1880000E-03 -3.9384000E-01  9.9630000E-01 -9.1518000E-01  1.2899000E-03 -9.1277000E-01
 1.3100000E+02  8.2094000E-03 -3.8557000E-01  9.9631000E-01 -9.1871000E-01  1.2528000E-03 -9.1628000E-01
 1.3150000E+02  8.2312000E-03 -3.7737000E-01  9.9632000E-01 -9.2211000E-01  1.2166000E-03 -9.1967000E-01
 1.3200000E+02  8.2531000E-03 -3.6926000E-01  9.9634000E-01 -9.2540000E-01  1.1813000E-03 -9.2294000E-01
 1.3250000E+02  8.2754000E-03 -3.6123000E-01  9.9635000E-01 -9.2858000E-01  1.1469000E-03 -9.2609000E-01
 1.3300000E+02  8.2978000E-03 -3.5330000E-01  9.9636000E-01 -9.3164000E-01  1.1133000E-03 -9.2914000E-01
 1.3350000E+02  8.3204000E-03 -3.4544000E-01  9.9637000E-01 -9.3459000E-01  1.0805000E-03 -9.3207000E-01
 1.3400000E+02  8.3432000E-03 -3.3768000E-01  9.9639000E-01 -9.3743000E-01  1.0485000E-03 -9.3490000E-01
 1.3450000E+02  8.3662000E-03 -3.3001000E-01  9.9640000E-01 -9.4017000E-01  1.0173000E-03 -9.3762000E-01
 1.3500000E+02  8.3894000E-03 -3.2242000E-01  9.9641000E-01 -9.4281000E-01  9.8696000E-04 -9.4024000E-01
 1.3550000E+02  8.4126000E-03 -3.1493000E-01  9.9642000E-01 -9.4535000E-01  9.5733000E-04 -9.4277000E-01
 1.3600000E+02  8.4360000E-03 -3.0753000E-01  9.9644000E-01 -9.4780000E-01  9.2844000E-04 -9.4520000E-01
 1.3650000E+02  8.4595000E-03 -3.0022000E-01  9.9645000E-01 -9.5015000E-01  9.0029000E-04 -9.4754000E-01
 1.3700000E+02  8.4830000E-03 -2.9300000E-01  9.9646000E-01 -9.5241000E-01  8.7285000E-04 -9.4979000E-01
 1.3750000E+02  8.5066000E-03 -2.8587000E-01  9.9647000E-01 -9.5459000E-01  8.4611000E-04 -9.5195000E-01
 1.3800000E+02  8.5302000E-03 -2.7884000E-01  9.9648000E-01 -9.5667000E-01  8.2004000E-04 -9.5402000E-01
 1.3850000E+02  8.5539000E-03 -2.7190000E-01  9.9650000E-01 -9.5868000E-01  7.9465000E-04 -9.5601000E-01
 1.3900000E+02  8.5776000E-03 -2.6506000E-01  9.9651000E-01 -9.6061000E-01  7.6990000E-04 -9.5793000E-01
 1.3950000E+02  8.6013000E-03 -2.5830000E-01  9.9652000E-01 -9.6246000E-01  7.4578000E-04 -9.5976000E-01
 1.4000000E+02  8.6250000E-03 -2.5165000E-01  9.9653000E-01 -9.6423000E-01  7.2228000E-04 -9.6152000E-01
 1.4050000E+02  8.6487000E-03 -2.4508000E-01  9.9654000E-01 -9.6593000E-01  6.9938000E-04 -9.6321000E-01
 1.4100000E+02  8.6723000E-03 -2.3861000E-01  9.9655000E-01 -9.6756000E-01  6.7707000E-04 -9.6483000E-01
 1.4150000E+02  8.6959000E-03 -2.3223000E-01  9.9656000E-01 -9.6912000E-01  6.5533000E-04 -9.6638000E-01
 1.4200000E+02  8.7195000E-03 -2.2595000E-01  9.9657000E-01 -9.7061000E-01  6.3415000E-04 -9.6786000E-01
 1.4250000E+02  8.7429000E-03 -2.1976000E-01  9.9658000E-01 -9.7204000E-01  6.1351000E-04 -9.6928000E-01
 1.4300000E+02  8.7663000E-03 -2.1367000E-01  9.9659000E-01 -9.7341000E-01  5.9340000E-04 -9.7064000E-01
 1.4350000E+02  8.7896000E-03 -2.0767000E-01  9.9660000E-01 -9.7472000E-01  5.7380000E-04 -9.7194000E-01
 1.4400000E+02  8.8127000E-03 -2.0176000E-01  9.9661000E-01 -9.7597000E-01  5.5471000E-04 -9.7318000E-01
 1.4450000E+02  8.8358000E-03 -1.9595000E-01  9.9662000E-01 -9.7716000E-01  5.3611000E-04 -9.7436000E-01
 1.4500000E+02  8.8587000E-03 -1.9023000E-01  9.9663000E-01 -9.7830000E-01  5.1799000E-04 -9.7549000E-01
 1.4550000E+02  8.8815000E-03 -1.8460000E-01  9.9664000E-01 -9.7939000E-01  5.0033000E-04 -9.7657000E-01
 1.4600000E+02  8.9042000E-03 -1.7906000E-01  9.9665000E-01 -9.8042000E-01  4.8312000E-04 -9.7760000E-01
 1.4650000E+02  8.9267000E-03 -1.7362000E-01  9.9666000E-01 -9.8141000E-01  4.6636000E-04 -9.7858000E-01
 1.4700000E+02  8.9490000E-03 -1.6827000E-01  9.9667000E-01 -9.8235000E-01  4.5002000E-04 -9.7951000E-01
 1.4750000E+02  8.9711000E-03 -1.6301000E-01  9.9668000E-01 -9.8325000E-01  4.3411000E-04 -9.8040000E-01
 1.4800000E+02  8.9931000E-03 -1.5785000E-01  9.9669000E-01 -9.8410000E-01  4.1860000E-04 -9.8124000E-01
 1.4850000E+02  9.0149000E-03 -1.5277000E-01  9.9669000E-01 -9.8491000E-01  4.0350000E-04 -9.8204000E-01
 1.4900000E+02  9.0365000E-03 -1.4778000E-01  9.9670000E-01 -9.8568000E-01  3.8878000E-04 -9.8280000E-01
 1.4950000E+02  9.0578000E-03 -1.4289000E-01  9.9671000E-01 -9.8640000E-01  3.7444000E-04 -9.8352000E-01
 1.5000000E+02  9.0790000E-03 -1.3809000E-01  9.9672000E-01 -9.8710000E-01  3.6048000E-04 -9.8421000E-01
 1.5050000E+02  9.0999000E-03 -1.3337000E-01  9.9672000E-01 -9.8775000E-01  3.4687000E-04 -9.8486000E-01
 1.5100000E+02  9.1206000E-03 -1.2874000E-01  9.9673000E-01 -9.8837000E-01  3.3362000E-04 -9.8547000E-01
 1.5150000E+02  9.1411000E-03 -1.2421000E-01  9.9674000E-01 -9.8896000E-01  3.2072000E-04 -9.8605000E-01
 1.5200000E+02  9.1614000E-03 -1.1976000E-01  9.9675000E-01 -9.8952000E-01  3.0815000E-04 -9.8660000E-01
 1.5250000E+02  9.1813000E-03 -1.1540000E-01  9.9675000E-01 -9.9004000E-01  2.9591000E-04 -9.8712000E-01
 1.5300000E+02  9.2011000E-03 -1.1112000E-01  9.9676000E-01 -9.9054000E-01  2.8400000E-04 -9.8761000E-01
 1.5350000E+02  9.2205000E-03 -1.0693000E-01  9.9677000E-01 -9.9101000E-01  2.7240000E-04 -9.8807000E-01
 1.5400000E+02  9.2397000E-03 -1.0283000E-01  9.9677000E-01 -9.9145000E-01  2.6111000E-04 -9.8851000E-01
 1.5450000E+02  9.2587000E-03 -9.8819000E-02  9.9678000E-01 -9.9186000E-01  2.5013000E-04 -9.8891000E-01
 1.5500000E+02  9.2773000E-03 -9.4890000E-02  9.9678000E-01 -9.9225000E-01  2.3944000E-04 -9.8930000E-01
 1.5550000E+02  9.2957000E-03 -9.1047000E-02  9.9679000E-01 -9.9262000E-01  2.2904000E-04 -9.8966000E-01
 1.5600000E+02  9.3138000E-03 -8.7288000E-02  9.9680000E-01 -9.9296000E-01  2.1893000E-04 -9.9000000E-01
 1.5650000E+02  9.3316000E-03 -8.3613000E-02  9.9680000E-01 -9.9328000E-01  2.0910000E-04 -9.9031000E-01
 1.5700000E+02  9.3490000E-03 -8.0023000E-02  9.9681000E-01 -9.9358000E-01  1.9954000E-04 -9.9061000E-01
 1.5750000E+02  9.3662000E-03 -7.6516000E-02  9.9681000E-01 -9.9386000E-01  1.9026000E-04 -9.9089000E-01
 1.5800000E+02  9.3831000E-03 -7.3092000E-02  9.9682000E-01 -9.9413000E-01  1.8124000E-04 -9.9114000E-01
 1.5850000E+02  9.3997000E-03 -6.9750000E-02  9.9682000E-01 -9.9437000E-01  1.7248000E-04 -9.9138000E-01
 1.5900000E+02  9.4159000E-03 -6.6491000E-02  9.9683000E-01 -9.9460000E-01  1.6398000E-04 -9.9161000E-01
 1.5950000E+02  9.4318000E-03 -6.3314000E-02  9.9683000E-01 -9.9481000E-01  1.5574000E-04 -9.9181000E-01
 1.6000000E+02  9.4474000E-03 -6.0218000E-02  9.9683000E-01 -9.9501000E-01  1.4774000E-04 -9.9201000E-01
 1.6050000E+02  9.4627000E-03 -5.7203000E-02  9.9684000E-01 -9.9519000E-01  1.3998000E-04 -9.9218000E-01
 1.6100000E+02  9.4776000E-03 -5.4269000E-02  9.9684000E-01 -9.9536000E-01  1.3247000E-04 -9.9235000E-01
 1.6150000E+02  9.4922000E-03 -5.1415000E-02  9.9685000E-01 -9.9552000E-01  1.2520000E-04 -9.9250000E-01
 1.6200000E+02  9.5064000E-03 -4.8641000E-02  9.9685000E-01 -9.9566000E-01  1.1816000E-04 -9.9264000E-01
 1.6250000E+02  9.5203000E-03 -4.5947000E-02  9.9685000E-01 -9.9579000E-01  1.1135000E-04 -9.9277000E-01
 1.6300000E+02  9.5339000E-03 -4.3332000E-02  9.9686000E-01 -9.9591000E-01  1.0477000E-04 -9.9288000E-01
 1.6350000E+02  9.5471000E-03 -4.0797000E-02  9.9686000E-01 -9.9602000E-01  9.8412000E-05 -9.9299000E-01
 1.6400000E+02  9.5599000E-03 -3.8340000E-02  9.9686000E-01 -9.9612000E-01  9.2278000E-05 -9.9309000E-01
 1.6450000E+02  9.5724000E-03 -3.5961000E-02  9.9687000E-01 -9.9621000E-01  8.6363000E-05 -9.9318000E-01
 1.6500000E+02  9.5845000E-03 -3.3661000E-02  9.9687000E-01 -9.9630000E-01  8.0665000E-05 -9.9326000E-01
 1.6550000E+02  9.5963000E-03 -3.1438000E-02  9.9687000E-01 -9.9637000E-01  7.5180000E-05 -9.9333000E-01
 1.6600000E+02  9.6076000E-03 -2.9293000E-02  9.9687000E-01 -9.9644000E-01  6.9907000E-05 -9.9339000E-01
 1.6650000E+02  9.6187000E-03 -2.7225000E-02  9.9688000E-01 -9.9650000E-01  6.4843000E-05 -9.9345000E-01
 1.6700000E+02  9.6293000E-03 -2.5234000E-02  9.9688000E-01 -9.9656000E-01  5.9984000E-05 -9.9350000E-01
 1.6750000E+02  9.6395000E-03 -2.3321000E-02  9.9688000E-01 -9.9661000E-01  5.5330000E-05 -9.9355000E-01
 1.6800000E+02  9.6494000E-03 -2.1484000E-02  9.9688000E-01 -9.9665000E-01  5.0877000E-05 -9.9359000E-01
 1.6850000E+02  9.6589000E-03 -1.9723000E-02  9.9689000E-01 -9.9669000E-01  4.6624000E-05 -9.9363000E-01
 1.6900000E+02  9.6680000E-03 -1.8039000E-02  9.9689000E-01 -9.9672000E-01  4.2569000E-05 -9.9366000E-01
 1.6950000E+02  9.6768000E-03 -1.6430000E-02  9.9689000E-01 -9.9675000E-01  3.8708000E-05 -9.9369000E-01
 1.7000000E+02  9.6851000E-03 -1.4898000E-02  9.9689000E-01 -9.9678000E-01  3.5042000E-05 -9.9371000E-01
 1.7050000E+02  9.6930000E-03 -1.3441000E-02  9.9689000E-01 -9.9680000E-01  3.1566000E-05 -9.9373000E-01
 1.7100000E+02  9.7006000E-03 -1.2060000E-02  9.9689000E-01 -9.9682000E-01  2.8281000E-05 -9.9375000E-01
 1.7150000E+02  9.7077000E-03 -1.0754000E-02  9.9689000E-01 -9.9684000E-01  2.5183000E-05 -9.9376000E-01
 1.7200000E+02  9.7145000E-03 -9.5236000E-03  9.9690000E-01 -9.9685000E-01  2.2271000E-05 -9.9377000E-01
 1.7250000E+02  9.7208000E-03 -8.3683000E-03  9.9690000E-01 -9.9686000E-01  1.9545000E-05 -9.9378000E-01
 1.7300000E+02  9.7268000E-03 -7.2881000E-03  9.9690000E-01 -9.9687000E-01  1.7001000E-05 -9.9379000E-01
 1.7350000E+02  9.7323000E-03 -6.2828000E-03  9.9690000E-01 -9.9688000E-01  1.4640000E-05 -9.9380000E-01
 1.7400000E+02  9.7375000E-03 -5.3524000E-03  9.9690000E-01 -9.9689000E-01  1.2459000E-05 -9.9380000E-01
 1.7450000E+02  9.7422000E-03 -4.4967000E-03  9.9690000E-01 -9.9689000E-01  1.0457000E-05 -9.9380000E-01
 1.7500000E+02  9.7465000E-03 -3.7157000E-03  9.9690000E-01 -9.9689000E-01  8.6327000E-06 -9.9381000E-01
 1.7550000E+02  9.7505000E-03 -3.0093000E-03  9.9690000E-01 -9.9690000E-01  6.9857000E-06 -9.9381000E-01
 1.7600000E+02  9.7540000E-03 -2.3774000E-03  9.9690000E-01 -9.9690000E-01  5.5148000E-06 -9.9381000E-01
 1.7650000E+02  9.7571000E-03 -1.8200000E-03  9.9690000E-01 -9.9690000E-01  4.2191000E-06 -9.9381000E-01
 1.7700000E+02  9.7598000E-03 -1.3370000E-03  9.9690000E-01 -9.9690000E-01  3.0977000E-06 -9.9381000E-01
 1.7750000E+02  9.7620000E-03 -9.2839000E-04  9.9690000E-01 -9.9690000E-01  2.1499000E-06 -9.9381000E-01
 1.7800000E+02  9.7639000E-03 -5.9413000E-04  9.9690000E-01 -9.9690000E-01  1.3753000E-06 -9.9381000E-01
 1.7850000E+02  9.7653000E-03 -3.3418000E-04  9.9690000E-01 -9.9690000E-01  7.7334000E-07 -9.9381000E-01
 1.7900000E+02  9.7664000E-03 -1.4852000E-04  9.9691000E-01 -9.9691000E-01  3.4362000E-07 -9.9381000E-01
 1.7950000E+02  9.7670000E-03 -3.7128000E-05  9.9691000E-01 -9.9691000E-01  8.5890000E-08 -9.9381000E-01
 1.8000000E+02  9.7672000E-03 -3.6808000E-15  9.9691000E-01 -9.9691000E-01  8.5144000E-18 -9.9381000E-01
