length scale factor
2.1817860E-02
volume cluster radius, area mean sphere radius, circumscribing radius, cross section radius
4.3938105E-01 2.1796042E-02 2.5846942E+00 4.3938105E-01
total extinction, absorption, scattering efficiencies (unpolarized incidence)
2.6343000E-02 1.1030000E-02 1.5313000E-02
theta     11          12          22          33          34          44
 0.0000000E+00  3.0372000E-01  0.0000000E+00  9.9992000E-01  9.9992000E-01  0.0000000E+00  9.9985000E-01
 5.0000000E-01  3.0369000E-01 -3.7994000E-05  9.9992000E-01  9.9992000E-01  2.3371000E-08  9.9985000E-01
 1.0000000E+00  3.0361000E-01 -1.5198000E-04  9.9992000E-01  9.9992000E-01  9.3493000E-08  9.9985000E-01
 1.5000000E+00  3.0348000E-01 -3.4198000E-04  9.9992000E-01  9.9992000E-01  2.1040000E-07  9.9985000E-01
 2.0000000E+00  3.0329000E-01 -6.0801000E-04  9.9992000E-01  9.9992000E-01  3.7413000E-07  9.9985000E-01
 2.5000000E+00  3.0305000E-01 -9.5013000E-04  9.9992000E-01  9.9992000E-01  5.8477000E-07  9.9985000E-01
 3.0000000E+00  3.0276000E-01 -1.3684000E-03  9.9992000E-01  9.9992000E-01  8.4241000E-07  9.9985000E-01
 3.5000000E+00  3.0241000E-01 -1.8628000E-03  9.9992000E-01  9.9992000E-01  1.1471000E-06  9.9984000E-01
 4.0000000E+00  3.0201000E-01 -2.4335000E-03  9.9992000E-01  9.9992000E-01  1.4991000E-06  9.9984000E-01
 4.5000000E+00  3.0156000E-01 -3.0806000E-03  9.9992000E-01  9.9992000E-01  1.8985000E-06  9.9984000E-01
 5.0000000E+00  3.0106000E-01 -3.8041000E-03  9.9992000E-01  9.9992000E-01  2.3454000E-06  9.9984000E-01
 5.5000000E+00  3.0050000E-01 -4.6042000E-03  9.9992000E-01  9.9991000E-01  2.8401000E-06  9.9983000E-01
 6.0000000E+00  2.9989000E-01 -5.4810000E-03  9.9992000E-01  9.9991000E-01  3.3828000E-06  9.9983000E-01
 6.5000000E+00  2.9923000E-01 -6.4346000E-03  9.9992000E-01  9.9990000E-01  3.9736000E-06  9.9982000E-01
 7.0000000E+00  2.9852000E-01 -7.4651000E-03  9.9992000E-01  9.9989000E-01  4.6129000E-06  9.9982000E-01
 7.5000000E+00  2.9776000E-01 -8.5728000E-03  9.9992000E-01  9.9989000E-01  5.3010000E-06  9.9981000E-01
 8.0000000E+00  2.9695000E-01 -9.7577000E-03  9.9992000E-01  9.9987000E-01  6.0381000E-06  9.9980000E-01
 8.5000000E+00  2.9610000E-01 -1.1020000E-02  9.9992000E-01  9.9986000E-01  6.8245000E-06  9.9978000E-01
 9.0000000E+00  2.9519000E-01 -1.2360000E-02  9.9992000E-01  9.9984000E-01  7.6606000E-06  9.9977000E-01
 9.5000000E+00  2.9423000E-01 -1.3778000E-02  9.9992000E-01  9.9983000E-01  8.5467000E-06  9.9975000E-01
 1.0000000E+01  2.9323000E-01 -1.5274000E-02  9.9992000E-01  9.9980000E-01  9.4833000E-06  9.9973000E-01
 1.0500000E+01  2.9217000E-01 -1.6848000E-02  9.9992000E-01  9.9978000E-01  1.0471000E-05  9.9970000E-01
 1.1000000E+01  2.9108000E-01 -1.8501000E-02  9.9992000E-01  9.9975000E-01  1.1509000E-05  9.9967000E-01
 1.1500000E+01  2.8993000E-01 -2.0232000E-02  9.9992000E-01  9.9972000E-01  1.2599000E-05  9.9964000E-01
 1.2000000E+01  2.8874000E-01 -2.2042000E-02  9.9992000E-01  9.9968000E-01  1.3742000E-05  9.9960000E-01
 1.2500000E+01  2.8751000E-01 -2.3932000E-02  9.9992000E-01  9.9963000E-01  1.4937000E-05  9.9955000E-01
 1.3000000E+01  2.8623000E-01 -2.5901000E-02  9.9992000E-01  9.9958000E-01  1.6185000E-05  9.9950000E-01
 1.3500000E+01  2.8491000E-01 -2.7950000E-02  9.9992000E-01  9.9953000E-01  1.7487000E-05  9.9945000E-01
 1.4000000E+01  2.8355000E-01 -3.0079000E-02  9.9992000E-01  9.9947000E-01  1.8843000E-05  9.9939000E-01
 1.4500000E+01  2.8214000E-01 -3.2288000E-02  9.9992000E-01  9.9940000E-01  2.0254000E-05  9.9932000E-01
 1.5000000E+01  2.8070000E-01 -3.4578000E-02  9.9992000E-01  9.9932000E-01  2.1720000E-05  9.9924000E-01
 1.5500000E+01  2.7921000E-01 -3.6949000E-02  9.9992000E-01  9.9923000E-01  2.3242000E-05  9.9915000E-01
 1.6000000E+01  2.7769000E-01 -3.9401000E-02  9.9992000E-01  9.9914000E-01  2.4820000E-05  9.9906000E-01
 1.6500000E+01  2.7612000E-01 -4.1935000E-02  9.9992000E-01  9.9904000E-01  2.6456000E-05  9.9896000E-01
 1.7000000E+01  2.7452000E-01 -4.4551000E-02  9.9992000E-01  9.9892000E-01  2.8150000E-05  9.9884000E-01
 1.7500000E+01  2.7289000E-01 -4.7249000E-02  9.9992000E-01  9.9880000E-01  2.9902000E-05  9.9872000E-01
 1.8000000E+01  2.7121000E-01 -5.0029000E-02  9.9992000E-01  9.9866000E-01  3.1714000E-05  9.9858000E-01
 1.8500000E+01  2.6951000E-01 -5.2893000E-02  9.9991000E-01  9.9851000E-01  3.3585000E-05  9.9843000E-01
 1.9000000E+01  2.6777000E-01 -5.5840000E-02  9.9991000E-01  9.9835000E-01  3.5518000E-05  9.9827000E-01
 1.9500000E+01  2.6599000E-01 -5.8871000E-02  9.9991000E-01  9.9818000E-01  3.7512000E-05  9.9810000E-01
 2.0000000E+01  2.6419000E-01 -6.1986000E-02  9.9991000E-01  9.9799000E-01  3.9568000E-05  9.9791000E-01
 2.0500000E+01  2.6235000E-01 -6.5185000E-02  9.9991000E-01  9.9779000E-01  4.1688000E-05  9.9770000E-01
 2.1000000E+01  2.6049000E-01 -6.8469000E-02  9.9991000E-01  9.9757000E-01  4.3872000E-05  9.9748000E-01
 2.1500000E+01  2.5859000E-01 -7.1839000E-02  9.9991000E-01  9.9733000E-01  4.6120000E-05  9.9724000E-01
 2.2000000E+01  2.5667000E-01 -7.5294000E-02  9.9991000E-01  9.9707000E-01  4.8435000E-05  9.9699000E-01
 2.2500000E+01  2.5472000E-01 -7.8835000E-02  9.9991000E-01  9.9680000E-01  5.0816000E-05  9.9671000E-01
 2.3000000E+01  2.5275000E-01 -8.2463000E-02  9.9991000E-01  9.9650000E-01  5.3264000E-05  9.9642000E-01
 2.3500000E+01  2.5075000E-01 -8.6177000E-02  9.9991000E-01  9.9619000E-01  5.5781000E-05  9.9610000E-01
 2.4000000E+01  2.4873000E-01 -8.9979000E-02  9.9991000E-01  9.9585000E-01  5.8368000E-05  9.9577000E-01
 2.4500000E+01  2.4668000E-01 -9.3868000E-02  9.9991000E-01  9.9549000E-01  6.1025000E-05  9.9541000E-01
 2.5000000E+01  2.4461000E-01 -9.7845000E-02  9.9991000E-01  9.9511000E-01  6.3754000E-05  9.9502000E-01
 2.5500000E+01  2.4253000E-01 -1.0191000E-01  9.9991000E-01  9.9470000E-01  6.6555000E-05  9.9461000E-01
 2.6000000E+01  2.4042000E-01 -1.0607000E-01  9.9991000E-01  9.9426000E-01  6.9430000E-05  9.9418000E-01
 2.6500000E+01  2.3829000E-01 -1.1031000E-01  9.9991000E-01  9.9380000E-01  7.2379000E-05  9.9371000E-01
 2.7000000E+01  2.3615000E-01 -1.1464000E-01  9.9990000E-01  9.9331000E-01  7.5404000E-05  9.9322000E-01
 2.7500000E+01  2.3399000E-01 -1.1907000E-01  9.9990000E-01  9.9279000E-01  7.8505000E-05  9.9270000E-01
 2.8000000E+01  2.3182000E-01 -1.2358000E-01  9.9990000E-01  9.9224000E-01  8.1685000E-05  9.9215000E-01
 2.8500000E+01  2.2963000E-01 -1.2818000E-01  9.9990000E-01  9.9165000E-01  8.4944000E-05  9.9156000E-01
 2.9000000E+01  2.2742000E-01 -1.3288000E-01  9.9990000E-01  9.9103000E-01  8.8282000E-05  9.9094000E-01
 2.9500000E+01  2.2521000E-01 -1.3767000E-01  9.9990000E-01  9.9038000E-01  9.1702000E-05  9.9029000E-01
 3.0000000E+01  2.2298000E-01 -1.4255000E-01  9.9990000E-01  9.8969000E-01  9.5205000E-05  9.8960000E-01
 3.0500000E+01  2.2075000E-01 -1.4752000E-01  9.9990000E-01  9.8896000E-01  9.8791000E-05  9.8887000E-01
 3.1000000E+01  2.1850000E-01 -1.5258000E-01  9.9990000E-01  9.8819000E-01  1.0246000E-04  9.8810000E-01
 3.1500000E+01  2.1625000E-01 -1.5774000E-01  9.9990000E-01  9.8738000E-01  1.0622000E-04  9.8728000E-01
 3.2000000E+01  2.1398000E-01 -1.6299000E-01  9.9990000E-01  9.8652000E-01  1.1006000E-04  9.8643000E-01
 3.2500000E+01  2.1172000E-01 -1.6833000E-01  9.9990000E-01  9.8562000E-01  1.1400000E-04  9.8553000E-01
 3.3000000E+01  2.0944000E-01 -1.7377000E-01  9.9989000E-01  9.8468000E-01  1.1802000E-04  9.8459000E-01
 3.3500000E+01  2.0716000E-01 -1.7930000E-01  9.9989000E-01  9.8369000E-01  1.2213000E-04  9.8359000E-01
 3.4000000E+01  2.0488000E-01 -1.8492000E-01  9.9989000E-01  9.8264000E-01  1.2634000E-04  9.8255000E-01
 3.4500000E+01  2.0260000E-01 -1.9064000E-01  9.9989000E-01  9.8155000E-01  1.3064000E-04  9.8145000E-01
 3.5000000E+01  2.0031000E-01 -1.9646000E-01  9.9989000E-01  9.8040000E-01  1.3503000E-04  9.8031000E-01
 3.5500000E+01  1.9803000E-01 -2.0236000E-01  9.9989000E-01  9.7920000E-01  1.3952000E-04  9.7910000E-01
 3.6000000E+01  1.9574000E-01 -2.0837000E-01  9.9989000E-01  9.7794000E-01  1.4411000E-04  9.7784000E-01
 3.6500000E+01  1.9346000E-01 -2.1447000E-01  9.9989000E-01  9.7662000E-01  1.4880000E-04  9.7652000E-01
 3.7000000E+01  1.9118000E-01 -2.2066000E-01  9.9989000E-01  9.7523000E-01  1.5359000E-04  9.7514000E-01
 3.7500000E+01  1.8890000E-01 -2.2695000E-01  9.9988000E-01  9.7379000E-01  1.5847000E-04  9.7369000E-01
 3.8000000E+01  1.8662000E-01 -2.3333000E-01  9.9988000E-01  9.7228000E-01  1.6346000E-04  9.7218000E-01
 3.8500000E+01  1.8435000E-01 -2.3981000E-01  9.9988000E-01  9.7070000E-01  1.6856000E-04  9.7060000E-01
 3.9000000E+01  1.8208000E-01 -2.4639000E-01  9.9988000E-01  9.6905000E-01  1.7376000E-04  9.6895000E-01
 3.9500000E+01  1.7982000E-01 -2.5306000E-01  9.9988000E-01  9.6733000E-01  1.7907000E-04  9.6723000E-01
 4.0000000E+01  1.7757000E-01 -2.5982000E-01  9.9988000E-01  9.6553000E-01  1.8448000E-04  9.6543000E-01
 4.0500000E+01  1.7532000E-01 -2.6668000E-01  9.9988000E-01  9.6366000E-01  1.9000000E-04  9.6355000E-01
 4.1000000E+01  1.7308000E-01 -2.7364000E-01  9.9988000E-01  9.6170000E-01  1.9563000E-04  9.6160000E-01
 4.1500000E+01  1.7086000E-01 -2.8069000E-01  9.9987000E-01  9.5967000E-01  2.0138000E-04  9.5957000E-01
 4.2000000E+01  1.6864000E-01 -2.8783000E-01  9.9987000E-01  9.5755000E-01  2.0723000E-04  9.5745000E-01
 4.2500000E+01  1.6643000E-01 -2.9506000E-01  9.9987000E-01  9.5534000E-01  2.1320000E-04  9.5524000E-01
 4.3000000E+01  1.6423000E-01 -3.0239000E-01  9.9987000E-01  9.5305000E-01  2.1929000E-04  9.5294000E-01
 4.3500000E+01  1.6205000E-01 -3.0982000E-01  9.9987000E-01  9.5066000E-01  2.2549000E-04  9.5055000E-01
 4.4000000E+01  1.5987000E-01 -3.1733000E-01  9.9987000E-01  9.4817000E-01  2.3181000E-04  9.4807000E-01
 4.4500000E+01  1.5771000E-01 -3.2494000E-01  9.9987000E-01  9.4559000E-01  2.3824000E-04  9.4549000E-01
 4.5000000E+01  1.5557000E-01 -3.3263000E-01  9.9986000E-01  9.4291000E-01  2.4480000E-04  9.4280000E-01
 4.5500000E+01  1.5344000E-01 -3.4042000E-01  9.9986000E-01  9.4013000E-01  2.5147000E-04  9.4002000E-01
 4.6000000E+01  1.5132000E-01 -3.4830000E-01  9.9986000E-01  9.3723000E-01  2.5827000E-04  9.3713000E-01
 4.6500000E+01  1.4922000E-01 -3.5626000E-01  9.9986000E-01  9.3423000E-01  2.6518000E-04  9.3413000E-01
 4.7000000E+01  1.4713000E-01 -3.6432000E-01  9.9986000E-01  9.3112000E-01  2.7222000E-04  9.3101000E-01
 4.7500000E+01  1.4506000E-01 -3.7246000E-01  9.9986000E-01  9.2789000E-01  2.7938000E-04  9.2778000E-01
 4.8000000E+01  1.4301000E-01 -3.8068000E-01  9.9985000E-01  9.2455000E-01  2.8667000E-04  9.2444000E-01
 4.8500000E+01  1.4097000E-01 -3.8899000E-01  9.9985000E-01  9.2108000E-01  2.9408000E-04  9.2097000E-01
 4.9000000E+01  1.3895000E-01 -3.9738000E-01  9.9985000E-01  9.1749000E-01  3.0162000E-04  9.1738000E-01
 4.9500000E+01  1.3695000E-01 -4.0585000E-01  9.9985000E-01  9.1377000E-01  3.0928000E-04  9.1366000E-01
 5.0000000E+01  1.3497000E-01 -4.1441000E-01  9.9985000E-01  9.0992000E-01  3.1706000E-04  9.0981000E-01
 5.0500000E+01  1.3301000E-01 -4.2304000E-01  9.9984000E-01  9.0594000E-01  3.2498000E-04  9.0583000E-01
 5.1000000E+01  1.3106000E-01 -4.3174000E-01  9.9984000E-01  9.0182000E-01  3.3302000E-04  9.0171000E-01
 5.1500000E+01  1.2914000E-01 -4.4053000E-01  9.9984000E-01  8.9756000E-01  3.4118000E-04  8.9745000E-01
 5.2000000E+01  1.2724000E-01 -4.4938000E-01  9.9984000E-01  8.9316000E-01  3.4947000E-04  8.9304000E-01
 5.2500000E+01  1.2535000E-01 -4.5831000E-01  9.9984000E-01  8.8861000E-01  3.5789000E-04  8.8849000E-01
 5.3000000E+01  1.2349000E-01 -4.6730000E-01  9.9983000E-01  8.8391000E-01  3.6644000E-04  8.8379000E-01
 5.3500000E+01  1.2165000E-01 -4.7636000E-01  9.9983000E-01  8.7906000E-01  3.7511000E-04  8.7894000E-01
 5.4000000E+01  1.1982000E-01 -4.8549000E-01  9.9983000E-01  8.7405000E-01  3.8390000E-04  8.7393000E-01
 5.4500000E+01  1.1802000E-01 -4.9467000E-01  9.9983000E-01  8.6888000E-01  3.9283000E-04  8.6876000E-01
 5.5000000E+01  1.1624000E-01 -5.0391000E-01  9.9983000E-01  8.6355000E-01  4.0187000E-04  8.6343000E-01
 5.5500000E+01  1.1449000E-01 -5.1321000E-01  9.9982000E-01  8.5805000E-01  4.1104000E-04  8.5794000E-01
 5.6000000E+01  1.1275000E-01 -5.2257000E-01  9.9982000E-01  8.5239000E-01  4.2033000E-04  8.5227000E-01
 5.6500000E+01  1.1104000E-01 -5.3197000E-01  9.9982000E-01  8.4655000E-01  4.2974000E-04  8.4643000E-01
 5.7000000E+01  1.0935000E-01 -5.4142000E-01  9.9982000E-01  8.4053000E-01  4.3927000E-04  8.4041000E-01
 5.7500000E+01  1.0768000E-01 -5.5091000E-01  9.9982000E-01  8.3434000E-01  4.4892000E-04  8.3422000E-01
 5.8000000E+01  1.0603000E-01 -5.6044000E-01  9.9981000E-01  8.2796000E-01  4.5869000E-04  8.2784000E-01
 5.8500000E+01  1.0441000E-01 -5.7001000E-01  9.9981000E-01  8.2140000E-01  4.6857000E-04  8.2128000E-01
 5.9000000E+01  1.0280000E-01 -5.7961000E-01  9.9981000E-01  8.1465000E-01  4.7856000E-04  8.1453000E-01
 5.9500000E+01  1.0122000E-01 -5.8924000E-01  9.9981000E-01  8.0771000E-01  4.8867000E-04  8.0759000E-01
 6.0000000E+01  9.9668000E-02 -5.9889000E-01  9.9980000E-01  8.0058000E-01  4.9888000E-04  8.0046000E-01
 6.0500000E+01  9.8134000E-02 -6.0857000E-01  9.9980000E-01  7.9325000E-01  5.0920000E-04  7.9313000E-01
 6.1000000E+01  9.6623000E-02 -6.1825000E-01  9.9980000E-01  7.8572000E-01  5.1962000E-04  7.8560000E-01
 6.1500000E+01  9.5135000E-02 -6.2795000E-01  9.9980000E-01  7.7798000E-01  5.3014000E-04  7.7786000E-01
 6.2000000E+01  9.3670000E-02 -6.3766000E-01  9.9979000E-01  7.7005000E-01  5.4075000E-04  7.6992000E-01
 6.2500000E+01  9.2227000E-02 -6.4737000E-01  9.9979000E-01  7.6190000E-01  5.5147000E-04  7.6178000E-01
 6.3000000E+01  9.0807000E-02 -6.5707000E-01  9.9979000E-01  7.5355000E-01  5.6227000E-04  7.5342000E-01
 6.3500000E+01  8.9410000E-02 -6.6676000E-01  9.9979000E-01  7.4498000E-01  5.7315000E-04  7.4485000E-01
 6.4000000E+01  8.8036000E-02 -6.7644000E-01  9.9978000E-01  7.3620000E-01  5.8412000E-04  7.3607000E-01
 6.4500000E+01  8.6684000E-02 -6.8610000E-01  9.9978000E-01  7.2720000E-01  5.9516000E-04  7.2707000E-01
 6.5000000E+01  8.5355000E-02 -6.9574000E-01  9.9978000E-01  7.1798000E-01  6.0628000E-04  7.1786000E-01
 6.5500000E+01  8.4048000E-02 -7.0534000E-01  9.9977000E-01  7.0854000E-01  6.1746000E-04  7.0842000E-01
 6.6000000E+01  8.2764000E-02 -7.1491000E-01  9.9977000E-01  6.9889000E-01  6.2871000E-04  6.9876000E-01
 6.6500000E+01  8.1502000E-02 -7.2443000E-01  9.9977000E-01  6.8901000E-01  6.4002000E-04  6.8888000E-01
 6.7000000E+01  8.0262000E-02 -7.3391000E-01  9.9977000E-01  6.7890000E-01  6.5137000E-04  6.7878000E-01
 6.7500000E+01  7.9044000E-02 -7.4332000E-01  9.9976000E-01  6.6857000E-01  6.6277000E-04  6.6845000E-01
 6.8000000E+01  7.7848000E-02 -7.5268000E-01  9.9976000E-01  6.5801000E-01  6.7422000E-04  6.5789000E-01
 6.8500000E+01  7.6674000E-02 -7.6197000E-01  9.9976000E-01  6.4723000E-01  6.8569000E-04  6.4711000E-01
 6.9000000E+01  7.5522000E-02 -7.7118000E-01  9.9975000E-01  6.3622000E-01  6.9719000E-04  6.3610000E-01
 6.9500000E+01  7.4391000E-02 -7.8031000E-01  9.9975000E-01  6.2499000E-01  7.0872000E-04  6.2486000E-01
 7.0000000E+01  7.3281000E-02 -7.8935000E-01  9.9975000E-01  6.1352000E-01  7.2025000E-04  6.1340000E-01
 7.0500000E+01  7.2193000E-02 -7.9830000E-01  9.9975000E-01  6.0183000E-01  7.3179000E-04  6.0171000E-01
 7.1000000E+01  7.1125000E-02 -8.0714000E-01  9.9974000E-01  5.8991000E-01  7.4333000E-04  5.8979000E-01
 7.1500000E+01  7.0079000E-02 -8.1588000E-01  9.9974000E-01  5.7777000E-01  7.5487000E-04  5.7765000E-01
 7.2000000E+01  6.9053000E-02 -8.2449000E-01  9.9974000E-01  5.6540000E-01  7.6638000E-04  5.6528000E-01
 7.2500000E+01  6.8047000E-02 -8.3298000E-01  9.9973000E-01  5.5281000E-01  7.7787000E-04  5.5269000E-01
 7.3000000E+01  6.7062000E-02 -8.4134000E-01  9.9973000E-01  5.3999000E-01  7.8932000E-04  5.3987000E-01
 7.3500000E+01  6.6097000E-02 -8.4956000E-01  9.9973000E-01  5.2696000E-01  8.0073000E-04  5.2684000E-01
 7.4000000E+01  6.5152000E-02 -8.5764000E-01  9.9972000E-01  5.1371000E-01  8.1209000E-04  5.1359000E-01
 7.4500000E+01  6.4226000E-02 -8.6556000E-01  9.9972000E-01  5.0024000E-01  8.2340000E-04  5.0012000E-01
 7.5000000E+01  6.3320000E-02 -8.7332000E-01  9.9972000E-01  4.8656000E-01  8.3463000E-04  4.8644000E-01
 7.5500000E+01  6.2433000E-02 -8.8091000E-01  9.9971000E-01  4.7266000E-01  8.4578000E-04  4.7255000E-01
 7.6000000E+01  6.1565000E-02 -8.8833000E-01  9.9971000E-01  4.5857000E-01  8.5685000E-04  4.5845000E-01
 7.6500000E+01  6.0715000E-02 -8.9556000E-01  9.9971000E-01  4.4426000E-01  8.6782000E-04  4.4415000E-01
 7.7000000E+01  5.9885000E-02 -9.0261000E-01  9.9971000E-01  4.2976000E-01  8.7868000E-04  4.2965000E-01
 7.7500000E+01  5.9072000E-02 -9.0946000E-01  9.9970000E-01  4.1507000E-01  8.8943000E-04  4.1495000E-01
 7.8000000E+01  5.8278000E-02 -9.1610000E-01  9.9970000E-01  4.0018000E-01  9.0005000E-04  4.0007000E-01
 7.8500000E+01  5.7501000E-02 -9.2254000E-01  9.9970000E-01  3.8511000E-01  9.1053000E-04  3.8500000E-01
 7.9000000E+01  5.6742000E-02 -9.2875000E-01  9.9969000E-01  3.6985000E-01  9.2087000E-04  3.6974000E-01
 7.9500000E+01  5.6001000E-02 -9.3475000E-01  9.9969000E-01  3.5442000E-01  9.3105000E-04  3.5431000E-01
 8.0000000E+01  5.5276000E-02 -9.4051000E-01  9.9969000E-01  3.3882000E-01  9.4106000E-04  3.3872000E-01
 8.0500000E+01  5.4568000E-02 -9.4604000E-01  9.9968000E-01  3.2306000E-01  9.5090000E-04  3.2295000E-01
 8.1000000E+01  5.3877000E-02 -9.5132000E-01  9.9968000E-01  3.0714000E-01  9.6056000E-04  3.0703000E-01
 8.1500000E+01  5.3203000E-02 -9.5636000E-01  9.9968000E-01  2.9106000E-01  9.7002000E-04  2.9096000E-01
 8.2000000E+01  5.2544000E-02 -9.6114000E-01  9.9967000E-01  2.7484000E-01  9.7927000E-04  2.7475000E-01
 8.2500000E+01  5.1902000E-02 -9.6567000E-01  9.9967000E-01  2.5849000E-01  9.8831000E-04  2.5839000E-01
 8.3000000E+01  5.1275000E-02 -9.6993000E-01  9.9967000E-01  2.4200000E-01  9.9713000E-04  2.4191000E-01
 8.3500000E+01  5.0663000E-02 -9.7392000E-01  9.9967000E-01  2.2539000E-01  1.0057000E-03  2.2530000E-01
 8.4000000E+01  5.0067000E-02 -9.7764000E-01  9.9966000E-01  2.0867000E-01  1.0141000E-03  2.0858000E-01
 8.4500000E+01  4.9485000E-02 -9.8107000E-01  9.9966000E-01  1.9184000E-01  1.0221000E-03  1.9175000E-01
 8.5000000E+01  4.8918000E-02 -9.8423000E-01  9.9966000E-01  1.7491000E-01  1.0300000E-03  1.7482000E-01
 8.5500000E+01  4.8366000E-02 -9.8710000E-01  9.9965000E-01  1.5788000E-01  1.0375000E-03  1.5780000E-01
 8.6000000E+01  4.7828000E-02 -9.8968000E-01  9.9965000E-01  1.4078000E-01  1.0448000E-03  1.4069000E-01
 8.6500000E+01  4.7304000E-02 -9.9197000E-01  9.9965000E-01  1.2360000E-01  1.0518000E-03  1.2352000E-01
 8.7000000E+01  4.6793000E-02 -9.9397000E-01  9.9965000E-01  1.0636000E-01  1.0585000E-03  1.0628000E-01
 8.7500000E+01  4.6296000E-02 -9.9566000E-01  9.9964000E-01  8.9056000E-02  1.0649000E-03  8.8979000E-02
 8.8000000E+01  4.5812000E-02 -9.9706000E-01  9.9964000E-01  7.1709000E-02  1.0710000E-03  7.1635000E-02
 8.8500000E+01  4.5341000E-02 -9.9815000E-01  9.9964000E-01  5.4324000E-02  1.0768000E-03  5.4252000E-02
 8.9000000E+01  4.4883000E-02 -9.9895000E-01  9.9964000E-01  3.6910000E-02  1.0822000E-03  3.6841000E-02
 8.9500000E+01  4.4437000E-02 -9.9944000E-01  9.9963000E-01  1.9476000E-02  1.0874000E-03  1.9410000E-02
 9.0000000E+01  4.4004000E-02 -9.9962000E-01  9.9963000E-01  2.0319000E-03  1.0922000E-03  1.9686000E-03
 9.0500000E+01  4.3583000E-02 -9.9950000E-01  9.9963000E-01 -1.5413000E-02  1.0966000E-03 -1.5474000E-02
 9.1000000E+01  4.3173000E-02 -9.9908000E-01  9.9963000E-01 -3.2850000E-02  1.1007000E-03 -3.2908000E-02
 9.1500000E+01  4.2775000E-02 -9.9835000E-01  9.9962000E-01 -5.0270000E-02  1.1045000E-03 -5.0324000E-02
 9.2000000E+01  4.2389000E-02 -9.9732000E-01  9.9962000E-01 -6.7663000E-02  1.1079000E-03 -6.7714000E-02
 9.2500000E+01  4.2014000E-02 -9.9599000E-01  9.9962000E-01 -8.5020000E-02  1.1110000E-03 -8.5068000E-02
 9.3000000E+01  4.1649000E-02 -9.9436000E-01  9.9962000E-01 -1.0233000E-01  1.1137000E-03 -1.0238000E-01
 9.3500000E+01  4.1296000E-02 -9.9243000E-01  9.9961000E-01 -1.1959000E-01  1.1160000E-03 -1.1963000E-01
 9.4000000E+01  4.0952000E-02 -9.9020000E-01  9.9961000E-01 -1.3678000E-01  1.1180000E-03 -1.3682000E-01
 9.4500000E+01  4.0620000E-02 -9.8768000E-01  9.9961000E-01 -1.5391000E-01  1.1196000E-03 -1.5394000E-01
 9.5000000E+01  4.0297000E-02 -9.8488000E-01  9.9961000E-01 -1.7095000E-01  1.1208000E-03 -1.7098000E-01
 9.5500000E+01  3.9984000E-02 -9.8178000E-01  9.9961000E-01 -1.8790000E-01  1.1217000E-03 -1.8793000E-01
 9.6000000E+01  3.9681000E-02 -9.7840000E-01  9.9960000E-01 -2.0476000E-01  1.1222000E-03 -2.0478000E-01
 9.6500000E+01  3.9387000E-02 -9.7474000E-01  9.9960000E-01 -2.2151000E-01  1.1224000E-03 -2.2153000E-01
 9.7000000E+01  3.9102000E-02 -9.7081000E-01  9.9960000E-01 -2.3815000E-01  1.1221000E-03 -2.3817000E-01
 9.7500000E+01  3.8827000E-02 -9.6661000E-01  9.9960000E-01 -2.5466000E-01  1.1215000E-03 -2.5468000E-01
 9.8000000E+01  3.8560000E-02 -9.6214000E-01  9.9960000E-01 -2.7105000E-01  1.1206000E-03 -2.7106000E-01
 9.8500000E+01  3.8303000E-02 -9.5741000E-01  9.9960000E-01 -2.8730000E-01  1.1193000E-03 -2.8731000E-01
 9.9000000E+01  3.8053000E-02 -9.5243000E-01  9.9959000E-01 -3.0341000E-01  1.1176000E-03 -3.0341000E-01
 9.9500000E+01  3.7812000E-02 -9.4720000E-01  9.9959000E-01 -3.1937000E-01  1.1155000E-03 -3.1937000E-01
 1.0000000E+02  3.7579000E-02 -9.4172000E-01  9.9959000E-01 -3.3517000E-01  1.1131000E-03 -3.3517000E-01
 1.0050000E+02  3.7354000E-02 -9.3600000E-01  9.9959000E-01 -3.5081000E-01  1.1104000E-03 -3.5080000E-01
 1.0100000E+02  3.7137000E-02 -9.3006000E-01  9.9959000E-01 -3.6628000E-01  1.1073000E-03 -3.6627000E-01
 1.0150000E+02  3.6928000E-02 -9.2389000E-01  9.9959000E-01 -3.8158000E-01  1.1039000E-03 -3.8156000E-01
 1.0200000E+02  3.6725000E-02 -9.1750000E-01  9.9959000E-01 -3.9669000E-01  1.1001000E-03 -3.9667000E-01
 1.0250000E+02  3.6531000E-02 -9.1089000E-01  9.9959000E-01 -4.1162000E-01  1.0960000E-03 -4.1160000E-01
 1.0300000E+02  3.6343000E-02 -9.0409000E-01  9.9958000E-01 -4.2637000E-01  1.0916000E-03 -4.2634000E-01
 1.0350000E+02  3.6162000E-02 -8.9708000E-01  9.9958000E-01 -4.4091000E-01  1.0868000E-03 -4.4088000E-01
 1.0400000E+02  3.5988000E-02 -8.8988000E-01  9.9958000E-01 -4.5526000E-01  1.0817000E-03 -4.5523000E-01
 1.0450000E+02  3.5820000E-02 -8.8250000E-01  9.9958000E-01 -4.6941000E-01  1.0764000E-03 -4.6937000E-01
 1.0500000E+02  3.5659000E-02 -8.7494000E-01  9.9958000E-01 -4.8335000E-01  1.0707000E-03 -4.8330000E-01
 1.0550000E+02  3.5505000E-02 -8.6722000E-01  9.9958000E-01 -4.9708000E-01  1.0647000E-03 -4.9703000E-01
 1.0600000E+02  3.5356000E-02 -8.5933000E-01  9.9958000E-01 -5.1060000E-01  1.0584000E-03 -5.1055000E-01
 1.0650000E+02  3.5214000E-02 -8.5128000E-01  9.9958000E-01 -5.2390000E-01  1.0519000E-03 -5.2385000E-01
 1.0700000E+02  3.5077000E-02 -8.4309000E-01  9.9958000E-01 -5.3699000E-01  1.0451000E-03 -5.3693000E-01
 1.0750000E+02  3.4946000E-02 -8.3475000E-01  9.9958000E-01 -5.4985000E-01  1.0380000E-03 -5.4979000E-01
 1.0800000E+02  3.4821000E-02 -8.2628000E-01  9.9958000E-01 -5.6250000E-01  1.0306000E-03 -5.6243000E-01
 1.0850000E+02  3.4701000E-02 -8.1769000E-01  9.9958000E-01 -5.7492000E-01  1.0230000E-03 -5.7484000E-01
 1.0900000E+02  3.4586000E-02 -8.0898000E-01  9.9958000E-01 -5.8711000E-01  1.0152000E-03 -5.8704000E-01
 1.0950000E+02  3.4477000E-02 -8.0015000E-01  9.9958000E-01 -5.9908000E-01  1.0071000E-03 -5.9900000E-01
 1.1000000E+02  3.4372000E-02 -7.9122000E-01  9.9958000E-01 -6.1083000E-01  9.9881000E-04 -6.1074000E-01
 1.1050000E+02  3.4273000E-02 -7.8220000E-01  9.9958000E-01 -6.2234000E-01  9.9028000E-04 -6.2226000E-01
 1.1100000E+02  3.4178000E-02 -7.7308000E-01  9.9958000E-01 -6.3363000E-01  9.8155000E-04 -6.3354000E-01
 1.1150000E+02  3.4088000E-02 -7.6388000E-01  9.9957000E-01 -6.4470000E-01  9.7262000E-04 -6.4460000E-01
 1.1200000E+02  3.4003000E-02 -7.5460000E-01  9.9957000E-01 -6.5553000E-01  9.6349000E-04 -6.5543000E-01
 1.1250000E+02  3.3922000E-02 -7.4525000E-01  9.9957000E-01 -6.6614000E-01  9.5418000E-04 -6.6604000E-01
 1.1300000E+02  3.3845000E-02 -7.3584000E-01  9.9957000E-01 -6.7652000E-01  9.4470000E-04 -6.7641000E-01
 1.1350000E+02  3.3773000E-02 -7.2637000E-01  9.9957000E-01 -6.8668000E-01  9.3504000E-04 -6.8657000E-01
 1.1400000E+02  3.3704000E-02 -7.1685000E-01  9.9957000E-01 -6.9661000E-01  9.2523000E-04 -6.9649000E-01
 1.1450000E+02  3.3640000E-02 -7.0729000E-01  9.9957000E-01 -7.0632000E-01  9.1527000E-04 -7.0620000E-01
 1.1500000E+02  3.3579000E-02 -6.9769000E-01  9.9957000E-01 -7.1581000E-01  9.0516000E-04 -7.1568000E-01
 1.1550000E+02  3.3523000E-02 -6.8805000E-01  9.9957000E-01 -7.2507000E-01  8.9492000E-04 -7.2494000E-01
 1.1600000E+02  3.3470000E-02 -6.7839000E-01  9.9957000E-01 -7.3412000E-01  8.8456000E-04 -7.3399000E-01
 1.1650000E+02  3.3420000E-02 -6.6871000E-01  9.9958000E-01 -7.4295000E-01  8.7407000E-04 -7.4282000E-01
 1.1700000E+02  3.3374000E-02 -6.5901000E-01  9.9958000E-01 -7.5157000E-01  8.6348000E-04 -7.5143000E-01
 1.1750000E+02  3.3332000E-02 -6.4930000E-01  9.9958000E-01 -7.5997000E-01  8.5279000E-04 -7.5983000E-01
 1.1800000E+02  3.3292000E-02 -6.3959000E-01  9.9958000E-01 -7.6816000E-01  8.4200000E-04 -7.6802000E-01
 1.1850000E+02  3.3256000E-02 -6.2987000E-01  9.9958000E-01 -7.7615000E-01  8.3113000E-04 -7.7600000E-01
 1.1900000E+02  3.3223000E-02 -6.2017000E-01  9.9958000E-01 -7.8393000E-01  8.2017000E-04 -7.8377000E-01
 1.1950000E+02  3.3193000E-02 -6.1047000E-01  9.9958000E-01 -7.9150000E-01  8.0915000E-04 -7.9135000E-01
 1.2000000E+02  3.3166000E-02 -6.0079000E-01  9.9958000E-01 -7.9888000E-01  7.9807000E-04 -7.9872000E-01
 1.2050000E+02  3.3142000E-02 -5.9112000E-01  9.9958000E-01 -8.0606000E-01  7.8692000E-04 -8.0589000E-01
 1.2100000E+02  3.3120000E-02 -5.8148000E-01  9.9958000E-01 -8.1304000E-01  7.7573000E-04 -8.1287000E-01
 1.2150000E+02  3.3102000E-02 -5.7187000E-01  9.9958000E-01 -8.1983000E-01  7.6450000E-04 -8.1966000E-01
 1.2200000E+02  3.3086000E-02 -5.6228000E-01  9.9958000E-01 -8.2643000E-01  7.5323000E-04 -8.2626000E-01
 1.2250000E+02  3.3072000E-02 -5.5274000E-01  9.9958000E-01 -8.3285000E-01  7.4193000E-04 -8.3267000E-01
 1.2300000E+02  3.3061000E-02 -5.4323000E-01  9.9958000E-01 -8.3908000E-01  7.3061000E-04 -8.3890000E-01
 1.2350000E+02  3.3052000E-02 -5.3376000E-01  9.9958000E-01 -8.4514000E-01  7.1928000E-04 -8.4495000E-01
 1.2400000E+02  3.3045000E-02 -5.2434000E-01  9.9958000E-01 -8.5101000E-01  7.0793000E-04 -8.5082000E-01
 1.2450000E+02  3.3041000E-02 -5.1497000E-01  9.9958000E-01 -8.5672000E-01  6.9658000E-04 -8.5652000E-01
 1.2500000E+02  3.3039000E-02 -5.0565000E-01  9.9958000E-01 -8.6225000E-01  6.8524000E-04 -8.6206000E-01
 1.2550000E+02  3.3038000E-02 -4.9639000E-01  9.9958000E-01 -8.6762000E-01  6.7390000E-04 -8.6742000E-01
 1.2600000E+02  3.3040000E-02 -4.8718000E-01  9.9958000E-01 -8.7282000E-01  6.6257000E-04 -8.7262000E-01
 1.2650000E+02  3.3044000E-02 -4.7804000E-01  9.9958000E-01 -8.7786000E-01  6.5126000E-04 -8.7766000E-01
 1.2700000E+02  3.3050000E-02 -4.6896000E-01  9.9958000E-01 -8.8275000E-01  6.3998000E-04 -8.8254000E-01
 1.2750000E+02  3.3057000E-02 -4.5994000E-01  9.9959000E-01 -8.8748000E-01  6.2872000E-04 -8.8727000E-01
 1.2800000E+02  3.3066000E-02 -4.5099000E-01  9.9959000E-01 -8.9206000E-01  6.1750000E-04 -8.9185000E-01
 1.2850000E+02  3.3077000E-02 -4.4212000E-01  9.9959000E-01 -8.9650000E-01  6.0632000E-04 -8.9628000E-01
 1.2900000E+02  3.3090000E-02 -4.3331000E-01  9.9959000E-01 -9.0078000E-01  5.9518000E-04 -9.0056000E-01
 1.2950000E+02  3.3104000E-02 -4.2458000E-01  9.9959000E-01 -9.0493000E-01  5.8408000E-04 -9.0471000E-01
 1.3000000E+02  3.3120000E-02 -4.1593000E-01  9.9959000E-01 -9.0894000E-01  5.7304000E-04 -9.0872000E-01
 1.3050000E+02  3.3137000E-02 -4.0735000E-01  9.9959000E-01 -9.1282000E-01  5.6205000E-04 -9.1259000E-01
 1.3100000E+02  3.3155000E-02 -3.9885000E-01  9.9959000E-01 -9.1657000E-01  5.5113000E-04 -9.1633000E-01
 1.3150000E+02  3.3175000E-02 -3.9044000E-01  9.9959000E-01 -9.2018000E-01  5.4026000E-04 -9.1995000E-01
 1.3200000E+02  3.3196000E-02 -3.8211000E-01  9.9959000E-01 -9.2368000E-01  5.2946000E-04 -9.2344000E-01
 1.3250000E+02  3.3218000E-02 -3.7386000E-01  9.9959000E-01 -9.2705000E-01  5.1873000E-04 -9.2680000E-01
 1.3300000E+02  3.3242000E-02 -3.6569000E-01  9.9959000E-01 -9.3030000E-01  5.0808000E-04 -9.3005000E-01
 1.3350000E+02  3.3266000E-02 -3.5762000E-01  9.9959000E-01 -9.3343000E-01  4.9750000E-04 -9.3318000E-01
 1.3400000E+02  3.3292000E-02 -3.4963000E-01  9.9959000E-01 -9.3646000E-01  4.8700000E-04 -9.3620000E-01
 1.3450000E+02  3.3318000E-02 -3.4173000E-01  9.9960000E-01 -9.3937000E-01  4.7658000E-04 -9.3911000E-01
 1.3500000E+02  3.3346000E-02 -3.3391000E-01  9.9960000E-01 -9.4217000E-01  4.6625000E-04 -9.4192000E-01
 1.3550000E+02  3.3375000E-02 -3.2619000E-01  9.9960000E-01 -9.4488000E-01  4.5601000E-04 -9.4462000E-01
 1.3600000E+02  3.3404000E-02 -3.1856000E-01  9.9960000E-01 -9.4748000E-01  4.4585000E-04 -9.4722000E-01
 1.3650000E+02  3.3434000E-02 -3.1102000E-01  9.9960000E-01 -9.4998000E-01  4.3579000E-04 -9.4972000E-01
 1.3700000E+02  3.3466000E-02 -3.0357000E-01  9.9960000E-01 -9.5239000E-01  4.2582000E-04 -9.5212000E-01
 1.3750000E+02  3.3497000E-02 -2.9622000E-01  9.9960000E-01 -9.5470000E-01  4.1595000E-04 -9.5443000E-01
 1.3800000E+02  3.3530000E-02 -2.8896000E-01  9.9960000E-01 -9.5692000E-01  4.0618000E-04 -9.5665000E-01
 1.3850000E+02  3.3563000E-02 -2.8179000E-01  9.9960000E-01 -9.5906000E-01  3.9651000E-04 -9.5879000E-01
 1.3900000E+02  3.3597000E-02 -2.7472000E-01  9.9960000E-01 -9.6111000E-01  3.8694000E-04 -9.6083000E-01
 1.3950000E+02  3.3631000E-02 -2.6774000E-01  9.9960000E-01 -9.6308000E-01  3.7748000E-04 -9.6280000E-01
 1.4000000E+02  3.3666000E-02 -2.6085000E-01  9.9960000E-01 -9.6497000E-01  3.6812000E-04 -9.6469000E-01
 1.4050000E+02  3.3702000E-02 -2.5407000E-01  9.9960000E-01 -9.6678000E-01  3.5887000E-04 -9.6649000E-01
 1.4100000E+02  3.3738000E-02 -2.4737000E-01  9.9960000E-01 -9.6851000E-01  3.4973000E-04 -9.6823000E-01
 1.4150000E+02  3.3774000E-02 -2.4077000E-01  9.9961000E-01 -9.7017000E-01  3.4070000E-04 -9.6989000E-01
 1.4200000E+02  3.3811000E-02 -2.3427000E-01  9.9961000E-01 -9.7177000E-01  3.3178000E-04 -9.7148000E-01
 1.4250000E+02  3.3848000E-02 -2.2786000E-01  9.9961000E-01 -9.7329000E-01  3.2298000E-04 -9.7300000E-01
 1.4300000E+02  3.3885000E-02 -2.2155000E-01  9.9961000E-01 -9.7475000E-01  3.1428000E-04 -9.7445000E-01
 1.4350000E+02  3.3923000E-02 -2.1533000E-01  9.9961000E-01 -9.7614000E-01  3.0570000E-04 -9.7584000E-01
 1.4400000E+02  3.3961000E-02 -2.0921000E-01  9.9961000E-01 -9.7747000E-01  2.9724000E-04 -9.7717000E-01
 1.4450000E+02  3.3999000E-02 -2.0318000E-01  9.9961000E-01 -9.7874000E-01  2.8890000E-04 -9.7844000E-01
 1.4500000E+02  3.4037000E-02 -1.9725000E-01  9.9961000E-01 -9.7995000E-01  2.8067000E-04 -9.7965000E-01
 1.4550000E+02  3.4076000E-02 -1.9142000E-01  9.9961000E-01 -9.8111000E-01  2.7255000E-04 -9.8081000E-01
 1.4600000E+02  3.4114000E-02 -1.8568000E-01  9.9961000E-01 -9.8222000E-01  2.6456000E-04 -9.8191000E-01
 1.4650000E+02  3.4153000E-02 -1.8003000E-01  9.9961000E-01 -9.8327000E-01  2.5669000E-04 -9.8296000E-01
 1.4700000E+02  3.4192000E-02 -1.7448000E-01  9.9961000E-01 -9.8427000E-01  2.4893000E-04 -9.8396000E-01
 1.4750000E+02  3.4230000E-02 -1.6902000E-01  9.9961000E-01 -9.8522000E-01  2.4130000E-04 -9.8491000E-01
 1.4800000E+02  3.4269000E-02 -1.6366000E-01  9.9961000E-01 -9.8613000E-01  2.3378000E-04 -9.8581000E-01
 1.4850000E+02  3.4308000E-02 -1.5838000E-01  9.9961000E-01 -9.8699000E-01  2.2639000E-04 -9.8667000E-01
 1.4900000E+02  3.4347000E-02 -1.5321000E-01  9.9962000E-01 -9.8780000E-01  2.1911000E-04 -9.8749000E-01
 1.4950000E+02  3.4385000E-02 -1.4812000E-01  9.9962000E-01 -9.8858000E-01  2.1196000E-04 -9.8826000E-01
 1.5000000E+02  3.4424000E-02 -1.4313000E-01  9.9962000E-01 -9.8932000E-01  2.0493000E-04 -9.8900000E-01
 1.5050000E+02  3.4462000E-02 -1.3824000E-01  9.9962000E-01 -9.9001000E-01  1.9802000E-04 -9.8969000E-01
 1.5100000E+02  3.4500000E-02 -1.3343000E-01  9.9962000E-01 -9.9067000E-01  1.9123000E-04 -9.9035000E-01
 1.5150000E+02  3.4538000E-02 -1.2871000E-01  9.9962000E-01 -9.9130000E-01  1.8457000E-04 -9.9097000E-01
 1.5200000E+02  3.4576000E-02 -1.2409000E-01  9.9962000E-01 -9.9189000E-01  1.7802000E-04 -9.9156000E-01
 1.5250000E+02  3.4613000E-02 -1.1956000E-01  9.9962000E-01 -9.9244000E-01  1.7160000E-04 -9.9212000E-01
 1.5300000E+02  3.4651000E-02 -1.1512000E-01  9.9962000E-01 -9.9297000E-01  1.6530000E-04 -9.9264000E-01
 1.5350000E+02  3.4688000E-02 -1.1077000E-01  9.9962000E-01 -9.9346000E-01  1.5912000E-04 -9.9313000E-01
 1.5400000E+02  3.4724000E-02 -1.0651000E-01  9.9962000E-01 -9.9393000E-01  1.5307000E-04 -9.9360000E-01
 1.5450000E+02  3.4761000E-02 -1.0234000E-01  9.9962000E-01 -9.9437000E-01  1.4713000E-04 -9.9404000E-01
 1.5500000E+02  3.4797000E-02 -9.8253000E-02  9.9962000E-01 -9.9478000E-01  1.4132000E-04 -9.9445000E-01
 1.5550000E+02  3.4832000E-02 -9.4259000E-02  9.9962000E-01 -9.9517000E-01  1.3563000E-04 -9.9483000E-01
 1.5600000E+02  3.4867000E-02 -9.0354000E-02  9.9962000E-01 -9.9553000E-01  1.3005000E-04 -9.9519000E-01
 1.5650000E+02  3.4902000E-02 -8.6537000E-02  9.9962000E-01 -9.9587000E-01  1.2460000E-04 -9.9553000E-01
 1.5700000E+02  3.4936000E-02 -8.2807000E-02  9.9962000E-01 -9.9619000E-01  1.1927000E-04 -9.9585000E-01
 1.5750000E+02  3.4970000E-02 -7.9164000E-02  9.9962000E-01 -9.9648000E-01  1.1407000E-04 -9.9614000E-01
 1.5800000E+02  3.5004000E-02 -7.5609000E-02  9.9962000E-01 -9.9676000E-01  1.0898000E-04 -9.9642000E-01
 1.5850000E+02  3.5037000E-02 -7.2139000E-02  9.9963000E-01 -9.9702000E-01  1.0401000E-04 -9.9668000E-01
 1.5900000E+02  3.5069000E-02 -6.8756000E-02  9.9963000E-01 -9.9726000E-01  9.9160000E-05 -9.9691000E-01
 1.5950000E+02  3.5101000E-02 -6.5458000E-02  9.9963000E-01 -9.9748000E-01  9.4431000E-05 -9.9714000E-01
 1.6000000E+02  3.5132000E-02 -6.2245000E-02  9.9963000E-01 -9.9769000E-01  8.9821000E-05 -9.9734000E-01
 1.6050000E+02  3.5163000E-02 -5.9118000E-02  9.9963000E-01 -9.9788000E-01  8.5331000E-05 -9.9753000E-01
 1.6100000E+02  3.5193000E-02 -5.6074000E-02  9.9963000E-01 -9.9805000E-01  8.0959000E-05 -9.9771000E-01
 1.6150000E+02  3.5223000E-02 -5.3115000E-02  9.9963000E-01 -9.9822000E-01  7.6705000E-05 -9.9787000E-01
 1.6200000E+02  3.5252000E-02 -5.0239000E-02  9.9963000E-01 -9.9836000E-01  7.2569000E-05 -9.9802000E-01
 1.6250000E+02  3.5280000E-02 -4.7447000E-02  9.9963000E-01 -9.9850000E-01  6.8552000E-05 -9.9815000E-01
 1.6300000E+02  3.5308000E-02 -4.4738000E-02  9.9963000E-01 -9.9863000E-01  6.4651000E-05 -9.9828000E-01
 1.6350000E+02  3.5335000E-02 -4.2111000E-02  9.9963000E-01 -9.9874000E-01  6.0868000E-05 -9.9839000E-01
 1.6400000E+02  3.5362000E-02 -3.9567000E-02  9.9963000E-01 -9.9885000E-01  5.7202000E-05 -9.9849000E-01
 1.6450000E+02  3.5387000E-02 -3.7104000E-02  9.9963000E-01 -9.9894000E-01  5.3652000E-05 -9.9859000E-01
 1.6500000E+02  3.5412000E-02 -3.4723000E-02  9.9963000E-01 -9.9903000E-01  5.0219000E-05 -9.9867000E-01
 1.6550000E+02  3.5437000E-02 -3.2424000E-02  9.9963000E-01 -9.9910000E-01  4.6902000E-05 -9.9875000E-01
 1.6600000E+02  3.5460000E-02 -3.0205000E-02  9.9963000E-01 -9.9917000E-01  4.3700000E-05 -9.9882000E-01
 1.6650000E+02  3.5483000E-02 -2.8067000E-02  9.9963000E-01 -9.9924000E-01  4.0614000E-05 -9.9888000E-01
 1.6700000E+02  3.5505000E-02 -2.6010000E-02  9.9963000E-01 -9.9929000E-01  3.7642000E-05 -9.9894000E-01
 1.6750000E+02  3.5527000E-02 -2.4033000E-02  9.9963000E-01 -9.9934000E-01  3.4786000E-05 -9.9898000E-01
 1.6800000E+02  3.5547000E-02 -2.2135000E-02  9.9963000E-01 -9.9939000E-01  3.2044000E-05 -9.9903000E-01
 1.6850000E+02  3.5567000E-02 -2.0317000E-02  9.9963000E-01 -9.9943000E-01  2.9416000E-05 -9.9907000E-01
 1.6900000E+02  3.5586000E-02 -1.8579000E-02  9.9963000E-01 -9.9946000E-01  2.6902000E-05 -9.9910000E-01
 1.6950000E+02  3.5605000E-02 -1.6919000E-02  9.9963000E-01 -9.9949000E-01  2.4502000E-05 -9.9913000E-01
 1.7000000E+02  3.5622000E-02 -1.5338000E-02  9.9963000E-01 -9.9951000E-01  2.2215000E-05 -9.9915000E-01
 1.7050000E+02  3.5639000E-02 -1.3836000E-02  9.9963000E-01 -9.9954000E-01  2.0042000E-05 -9.9918000E-01
 1.7100000E+02  3.5655000E-02 -1.2412000E-02  9.9963000E-01 -9.9956000E-01  1.7981000E-05 -9.9919000E-01
 1.7150000E+02  3.5670000E-02 -1.1066000E-02  9.9963000E-01 -9.9957000E-01  1.6033000E-05 -9.9921000E-01
 1.7200000E+02  3.5684000E-02 -9.7988000E-03  9.9963000E-01 -9.9959000E-01  1.4198000E-05 -9.9922000E-01
 1.7250000E+02  3.5698000E-02 -8.6089000E-03  9.9963000E-01 -9.9960000E-01  1.2475000E-05 -9.9923000E-01
 1.7300000E+02  3.5710000E-02 -7.4965000E-03  9.9963000E-01 -9.9961000E-01  1.0864000E-05 -9.9924000E-01
 1.7350000E+02  3.5722000E-02 -6.4617000E-03  9.9963000E-01 -9.9961000E-01  9.3646000E-06 -9.9925000E-01
 1.7400000E+02  3.5733000E-02 -5.5041000E-03  9.9963000E-01 -9.9962000E-01  7.9773000E-06 -9.9925000E-01
 1.7450000E+02  3.5743000E-02 -4.6236000E-03  9.9963000E-01 -9.9962000E-01  6.7016000E-06 -9.9926000E-01
 1.7500000E+02  3.5752000E-02 -3.8201000E-03  9.9963000E-01 -9.9963000E-01  5.5374000E-06 -9.9926000E-01
 1.7550000E+02  3.5760000E-02 -3.0936000E-03  9.9963000E-01 -9.9963000E-01  4.4844000E-06 -9.9926000E-01
 1.7600000E+02  3.5768000E-02 -2.4438000E-03  9.9963000E-01 -9.9963000E-01  3.5426000E-06 -9.9927000E-01
 1.7650000E+02  3.5775000E-02 -1.8707000E-03  9.9963000E-01 -9.9963000E-01  2.7119000E-06 -9.9927000E-01
 1.7700000E+02  3.5780000E-02 -1.3741000E-03  9.9963000E-01 -9.9963000E-01  1.9922000E-06 -9.9927000E-01
 1.7750000E+02  3.5785000E-02 -9.5413000E-04  9.9963000E-01 -9.9963000E-01  1.3833000E-06 -9.9927000E-01
 1.7800000E+02  3.5789000E-02 -6.1057000E-04  9.9963000E-01 -9.9963000E-01  8.8522000E-07 -9.9927000E-01
 1.7850000E+02  3.5792000E-02 -3.4342000E-04  9.9963000E-01 -9.9963000E-01  4.9790000E-07 -9.9927000E-01
 1.7900000E+02  3.5794000E-02 -1.5262000E-04  9.9963000E-01 -9.9963000E-01  2.2128000E-07 -9.9927000E-01
 1.7950000E+02  3.5796000E-02 -3.8153000E-05  9.9963000E-01 -9.9963000E-01  5.5317000E-08 -9.9927000E-01
 1.8000000E+02  3.5796000E-02 -3.7823000E-15  9.9963000E-01 -9.9963000E-01  5.4839000E-18 -9.9927000E-01
