length scale factor
3.1200000E-04
volume cluster radius, area mean sphere radius, circumscribing radius, cross section radius
6.2832696E-03 3.1168800E-04 3.6961672E-02 6.2832696E-03
total extinction, absorption, scattering efficiencies (unpolarized incidence)
1.4515000E-04 1.4513000E-04 2.0849000E-08
theta     11          12          22          33          34          44
 0.0000000E+00  2.7483000E-02  0.0000000E+00  9.9994000E-01  9.9994000E-01  0.0000000E+00  9.9988000E-01
 5.0000000E-01  2.7482000E-02 -3.8075000E-05  9.9994000E-01  9.9994000E-01  1.2844000E-13  9.9988000E-01
 1.0000000E+00  2.7479000E-02 -1.5231000E-04  9.9994000E-01  9.9994000E-01  5.1378000E-13  9.9988000E-01
 1.5000000E+00  2.7473000E-02 -3.4271000E-04  9.9994000E-01  9.9994000E-01  1.1561000E-12  9.9988000E-01
 2.0000000E+00  2.7466000E-02 -6.0932000E-04  9.9994000E-01  9.9994000E-01  2.0554000E-12  9.9988000E-01
 2.5000000E+00  2.7457000E-02 -9.5217000E-04  9.9994000E-01  9.9994000E-01  3.2120000E-12  9.9988000E-01
 3.0000000E+00  2.7445000E-02 -1.3713000E-03  9.9994000E-01  9.9994000E-01  4.6259000E-12  9.9988000E-01
 3.5000000E+00  2.7431000E-02 -1.8668000E-03  9.9994000E-01  9.9994000E-01  6.2974000E-12  9.9988000E-01
 4.0000000E+00  2.7416000E-02 -2.4388000E-03  9.9994000E-01  9.9994000E-01  8.2268000E-12  9.9988000E-01
 4.5000000E+00  2.7398000E-02 -3.0872000E-03  9.9994000E-01  9.9993000E-01  1.0414000E-11  9.9987000E-01
 5.0000000E+00  2.7378000E-02 -3.8123000E-03  9.9994000E-01  9.9993000E-01  1.2860000E-11  9.9987000E-01
 5.5000000E+00  2.7356000E-02 -4.6141000E-03  9.9994000E-01  9.9993000E-01  1.5565000E-11  9.9987000E-01
 6.0000000E+00  2.7333000E-02 -5.4928000E-03  9.9994000E-01  9.9992000E-01  1.8529000E-11  9.9986000E-01
 6.5000000E+00  2.7307000E-02 -6.4484000E-03  9.9994000E-01  9.9992000E-01  2.1753000E-11  9.9986000E-01
 7.0000000E+00  2.7279000E-02 -7.4812000E-03  9.9994000E-01  9.9991000E-01  2.5237000E-11  9.9985000E-01
 7.5000000E+00  2.7249000E-02 -8.5912000E-03  9.9994000E-01  9.9990000E-01  2.8981000E-11  9.9984000E-01
 8.0000000E+00  2.7216000E-02 -9.7787000E-03  9.9994000E-01  9.9989000E-01  3.2987000E-11  9.9983000E-01
 8.5000000E+00  2.7182000E-02 -1.1044000E-02  9.9994000E-01  9.9988000E-01  3.7254000E-11  9.9982000E-01
 9.0000000E+00  2.7146000E-02 -1.2387000E-02  9.9994000E-01  9.9986000E-01  4.1784000E-11  9.9980000E-01
 9.5000000E+00  2.7108000E-02 -1.3808000E-02  9.9994000E-01  9.9984000E-01  4.6578000E-11  9.9978000E-01
 1.0000000E+01  2.7068000E-02 -1.5307000E-02  9.9994000E-01  9.9982000E-01  5.1635000E-11  9.9976000E-01
 1.0500000E+01  2.7026000E-02 -1.6884000E-02  9.9994000E-01  9.9980000E-01  5.6956000E-11  9.9973000E-01
 1.1000000E+01  2.6982000E-02 -1.8540000E-02  9.9994000E-01  9.9977000E-01  6.2543000E-11  9.9971000E-01
 1.1500000E+01  2.6936000E-02 -2.0275000E-02  9.9994000E-01  9.9973000E-01  6.8396000E-11  9.9967000E-01
 1.2000000E+01  2.6889000E-02 -2.2090000E-02  9.9994000E-01  9.9969000E-01  7.4516000E-11  9.9963000E-01
 1.2500000E+01  2.6839000E-02 -2.3983000E-02  9.9994000E-01  9.9965000E-01  8.0904000E-11  9.9959000E-01
 1.3000000E+01  2.6787000E-02 -2.5957000E-02  9.9994000E-01  9.9960000E-01  8.7560000E-11  9.9954000E-01
 1.3500000E+01  2.6734000E-02 -2.8010000E-02  9.9994000E-01  9.9955000E-01  9.4487000E-11  9.9948000E-01
 1.4000000E+01  2.6678000E-02 -3.0143000E-02  9.9994000E-01  9.9948000E-01  1.0168000E-10  9.9942000E-01
 1.4500000E+01  2.6621000E-02 -3.2357000E-02  9.9994000E-01  9.9941000E-01  1.0915000E-10  9.9935000E-01
 1.5000000E+01  2.6562000E-02 -3.4652000E-02  9.9994000E-01  9.9934000E-01  1.1689000E-10  9.9928000E-01
 1.5500000E+01  2.6501000E-02 -3.7028000E-02  9.9994000E-01  9.9925000E-01  1.2491000E-10  9.9919000E-01
 1.6000000E+01  2.6438000E-02 -3.9486000E-02  9.9994000E-01  9.9916000E-01  1.3320000E-10  9.9910000E-01
 1.6500000E+01  2.6374000E-02 -4.2025000E-02  9.9994000E-01  9.9905000E-01  1.4176000E-10  9.9899000E-01
 1.7000000E+01  2.6308000E-02 -4.4646000E-02  9.9994000E-01  9.9894000E-01  1.5061000E-10  9.9888000E-01
 1.7500000E+01  2.6240000E-02 -4.7350000E-02  9.9994000E-01  9.9881000E-01  1.5973000E-10  9.9875000E-01
 1.8000000E+01  2.6170000E-02 -5.0136000E-02  9.9994000E-01  9.9868000E-01  1.6913000E-10  9.9862000E-01
 1.8500000E+01  2.6099000E-02 -5.3006000E-02  9.9994000E-01  9.9853000E-01  1.7881000E-10  9.9847000E-01
 1.9000000E+01  2.6026000E-02 -5.5960000E-02  9.9994000E-01  9.9837000E-01  1.8877000E-10  9.9831000E-01
 1.9500000E+01  2.5951000E-02 -5.8997000E-02  9.9994000E-01  9.9819000E-01  1.9902000E-10  9.9813000E-01
 2.0000000E+01  2.5875000E-02 -6.2118000E-02  9.9994000E-01  9.9800000E-01  2.0955000E-10  9.9794000E-01
 2.0500000E+01  2.5797000E-02 -6.5324000E-02  9.9994000E-01  9.9780000E-01  2.2036000E-10  9.9774000E-01
 2.1000000E+01  2.5718000E-02 -6.8616000E-02  9.9994000E-01  9.9758000E-01  2.3146000E-10  9.9752000E-01
 2.1500000E+01  2.5637000E-02 -7.1992000E-02  9.9993000E-01  9.9734000E-01  2.4285000E-10  9.9728000E-01
 2.2000000E+01  2.5554000E-02 -7.5455000E-02  9.9993000E-01  9.9708000E-01  2.5453000E-10  9.9702000E-01
 2.2500000E+01  2.5470000E-02 -7.9003000E-02  9.9993000E-01  9.9681000E-01  2.6650000E-10  9.9675000E-01
 2.3000000E+01  2.5384000E-02 -8.2639000E-02  9.9993000E-01  9.9651000E-01  2.7877000E-10  9.9645000E-01
 2.3500000E+01  2.5297000E-02 -8.6361000E-02  9.9993000E-01  9.9620000E-01  2.9132000E-10  9.9614000E-01
 2.4000000E+01  2.5209000E-02 -9.0170000E-02  9.9993000E-01  9.9586000E-01  3.0417000E-10  9.9580000E-01
 2.4500000E+01  2.5119000E-02 -9.4068000E-02  9.9993000E-01  9.9550000E-01  3.1732000E-10  9.9544000E-01
 2.5000000E+01  2.5028000E-02 -9.8054000E-02  9.9993000E-01  9.9511000E-01  3.3077000E-10  9.9505000E-01
 2.5500000E+01  2.4935000E-02 -1.0213000E-01  9.9993000E-01  9.9470000E-01  3.4451000E-10  9.9464000E-01
 2.6000000E+01  2.4842000E-02 -1.0629000E-01  9.9993000E-01  9.9427000E-01  3.5855000E-10  9.9421000E-01
 2.6500000E+01  2.4746000E-02 -1.1054000E-01  9.9993000E-01  9.9380000E-01  3.7290000E-10  9.9374000E-01
 2.7000000E+01  2.4650000E-02 -1.1489000E-01  9.9993000E-01  9.9331000E-01  3.8755000E-10  9.9325000E-01
 2.7500000E+01  2.4552000E-02 -1.1932000E-01  9.9993000E-01  9.9279000E-01  4.0250000E-10  9.9273000E-01
 2.8000000E+01  2.4453000E-02 -1.2384000E-01  9.9993000E-01  9.9223000E-01  4.1776000E-10  9.9217000E-01
 2.8500000E+01  2.4353000E-02 -1.2846000E-01  9.9993000E-01  9.9165000E-01  4.3332000E-10  9.9159000E-01
 2.9000000E+01  2.4252000E-02 -1.3316000E-01  9.9993000E-01  9.9102000E-01  4.4919000E-10  9.9096000E-01
 2.9500000E+01  2.4150000E-02 -1.3796000E-01  9.9993000E-01  9.9037000E-01  4.6538000E-10  9.9031000E-01
 3.0000000E+01  2.4047000E-02 -1.4285000E-01  9.9993000E-01  9.8967000E-01  4.8187000E-10  9.8961000E-01
 3.0500000E+01  2.3942000E-02 -1.4783000E-01  9.9993000E-01  9.8894000E-01  4.9867000E-10  9.8888000E-01
 3.1000000E+01  2.3837000E-02 -1.5290000E-01  9.9993000E-01  9.8817000E-01  5.1579000E-10  9.8811000E-01
 3.1500000E+01  2.3731000E-02 -1.5807000E-01  9.9993000E-01  9.8736000E-01  5.3322000E-10  9.8730000E-01
 3.2000000E+01  2.3623000E-02 -1.6333000E-01  9.9993000E-01  9.8650000E-01  5.5096000E-10  9.8644000E-01
 3.2500000E+01  2.3515000E-02 -1.6868000E-01  9.9993000E-01  9.8560000E-01  5.6902000E-10  9.8554000E-01
 3.3000000E+01  2.3406000E-02 -1.7413000E-01  9.9993000E-01  9.8465000E-01  5.8740000E-10  9.8459000E-01
 3.3500000E+01  2.3296000E-02 -1.7967000E-01  9.9993000E-01  9.8365000E-01  6.0609000E-10  9.8359000E-01
 3.4000000E+01  2.3185000E-02 -1.8531000E-01  9.9993000E-01  9.8261000E-01  6.2511000E-10  9.8255000E-01
 3.4500000E+01  2.3073000E-02 -1.9104000E-01  9.9993000E-01  9.8151000E-01  6.4444000E-10  9.8145000E-01
 3.5000000E+01  2.2961000E-02 -1.9687000E-01  9.9993000E-01  9.8036000E-01  6.6409000E-10  9.8030000E-01
 3.5500000E+01  2.2848000E-02 -2.0279000E-01  9.9993000E-01  9.7915000E-01  6.8406000E-10  9.7909000E-01
 3.6000000E+01  2.2734000E-02 -2.0880000E-01  9.9993000E-01  9.7788000E-01  7.0436000E-10  9.7782000E-01
 3.6500000E+01  2.2620000E-02 -2.1491000E-01  9.9993000E-01  9.7656000E-01  7.2497000E-10  9.7650000E-01
 3.7000000E+01  2.2505000E-02 -2.2112000E-01  9.9993000E-01  9.7517000E-01  7.4590000E-10  9.7511000E-01
 3.7500000E+01  2.2389000E-02 -2.2742000E-01  9.9993000E-01  9.7372000E-01  7.6716000E-10  9.7366000E-01
 3.8000000E+01  2.2273000E-02 -2.3382000E-01  9.9992000E-01  9.7220000E-01  7.8874000E-10  9.7214000E-01
 3.8500000E+01  2.2157000E-02 -2.4031000E-01  9.9992000E-01  9.7062000E-01  8.1064000E-10  9.7056000E-01
 3.9000000E+01  2.2040000E-02 -2.4690000E-01  9.9992000E-01  9.6896000E-01  8.3286000E-10  9.6890000E-01
 3.9500000E+01  2.1922000E-02 -2.5358000E-01  9.9992000E-01  9.6724000E-01  8.5540000E-10  9.6718000E-01
 4.0000000E+01  2.1804000E-02 -2.6036000E-01  9.9992000E-01  9.6543000E-01  8.7827000E-10  9.6537000E-01
 4.0500000E+01  2.1686000E-02 -2.6723000E-01  9.9992000E-01  9.6355000E-01  9.0145000E-10  9.6349000E-01
 4.1000000E+01  2.1567000E-02 -2.7420000E-01  9.9992000E-01  9.6159000E-01  9.2496000E-10  9.6153000E-01
 4.1500000E+01  2.1448000E-02 -2.8126000E-01  9.9992000E-01  9.5955000E-01  9.4878000E-10  9.5949000E-01
 4.2000000E+01  2.1329000E-02 -2.8842000E-01  9.9992000E-01  9.5742000E-01  9.7292000E-10  9.5736000E-01
 4.2500000E+01  2.1210000E-02 -2.9567000E-01  9.9992000E-01  9.5521000E-01  9.9737000E-10  9.5515000E-01
 4.3000000E+01  2.1090000E-02 -3.0301000E-01  9.9992000E-01  9.5290000E-01  1.0221000E-09  9.5285000E-01
 4.3500000E+01  2.0970000E-02 -3.1045000E-01  9.9992000E-01  9.5051000E-01  1.0472000E-09  9.5045000E-01
 4.4000000E+01  2.0851000E-02 -3.1797000E-01  9.9992000E-01  9.4801000E-01  1.0726000E-09  9.4796000E-01
 4.4500000E+01  2.0731000E-02 -3.2559000E-01  9.9992000E-01  9.4542000E-01  1.0983000E-09  9.4537000E-01
 4.5000000E+01  2.0611000E-02 -3.3331000E-01  9.9992000E-01  9.4273000E-01  1.1243000E-09  9.4268000E-01
 4.5500000E+01  2.0491000E-02 -3.4111000E-01  9.9992000E-01  9.3994000E-01  1.1507000E-09  9.3988000E-01
 4.6000000E+01  2.0371000E-02 -3.4900000E-01  9.9992000E-01  9.3704000E-01  1.1773000E-09  9.3698000E-01
 4.6500000E+01  2.0251000E-02 -3.5698000E-01  9.9992000E-01  9.3402000E-01  1.2042000E-09  9.3397000E-01
 4.7000000E+01  2.0131000E-02 -3.6504000E-01  9.9992000E-01  9.3090000E-01  1.2314000E-09  9.3084000E-01
 4.7500000E+01  2.0012000E-02 -3.7320000E-01  9.9992000E-01  9.2766000E-01  1.2589000E-09  9.2761000E-01
 4.8000000E+01  1.9893000E-02 -3.8144000E-01  9.9992000E-01  9.2430000E-01  1.2867000E-09  9.2425000E-01
 4.8500000E+01  1.9773000E-02 -3.8976000E-01  9.9992000E-01  9.2083000E-01  1.3148000E-09  9.2077000E-01
 4.9000000E+01  1.9654000E-02 -3.9816000E-01  9.9991000E-01  9.1722000E-01  1.3431000E-09  9.1717000E-01
 4.9500000E+01  1.9536000E-02 -4.0665000E-01  9.9991000E-01  9.1349000E-01  1.3717000E-09  9.1343000E-01
 5.0000000E+01  1.9418000E-02 -4.1522000E-01  9.9991000E-01  9.0963000E-01  1.4006000E-09  9.0957000E-01
 5.0500000E+01  1.9300000E-02 -4.2386000E-01  9.9991000E-01  9.0563000E-01  1.4298000E-09  9.0558000E-01
 5.1000000E+01  1.9182000E-02 -4.3258000E-01  9.9991000E-01  9.0150000E-01  1.4592000E-09  9.0144000E-01
 5.1500000E+01  1.9065000E-02 -4.4138000E-01  9.9991000E-01  8.9722000E-01  1.4889000E-09  8.9717000E-01
 5.2000000E+01  1.8948000E-02 -4.5025000E-01  9.9991000E-01  8.9281000E-01  1.5188000E-09  8.9275000E-01
 5.2500000E+01  1.8832000E-02 -4.5918000E-01  9.9991000E-01  8.8824000E-01  1.5490000E-09  8.8819000E-01
 5.3000000E+01  1.8717000E-02 -4.6819000E-01  9.9991000E-01  8.8353000E-01  1.5793000E-09  8.8347000E-01
 5.3500000E+01  1.8602000E-02 -4.7726000E-01  9.9991000E-01  8.7866000E-01  1.6099000E-09  8.7860000E-01
 5.4000000E+01  1.8487000E-02 -4.8640000E-01  9.9991000E-01  8.7363000E-01  1.6408000E-09  8.7358000E-01
 5.4500000E+01  1.8374000E-02 -4.9560000E-01  9.9991000E-01  8.6845000E-01  1.6718000E-09  8.6839000E-01
 5.5000000E+01  1.8261000E-02 -5.0486000E-01  9.9991000E-01  8.6310000E-01  1.7030000E-09  8.6305000E-01
 5.5500000E+01  1.8148000E-02 -5.1417000E-01  9.9991000E-01  8.5758000E-01  1.7344000E-09  8.5753000E-01
 5.6000000E+01  1.8037000E-02 -5.2353000E-01  9.9991000E-01  8.5190000E-01  1.7660000E-09  8.5185000E-01
 5.6500000E+01  1.7926000E-02 -5.3295000E-01  9.9991000E-01  8.4604000E-01  1.7978000E-09  8.4599000E-01
 5.7000000E+01  1.7816000E-02 -5.4241000E-01  9.9991000E-01  8.4000000E-01  1.8297000E-09  8.3995000E-01
 5.7500000E+01  1.7707000E-02 -5.5191000E-01  9.9991000E-01  8.3379000E-01  1.8617000E-09  8.3374000E-01
 5.8000000E+01  1.7599000E-02 -5.6145000E-01  9.9990000E-01  8.2739000E-01  1.8939000E-09  8.2734000E-01
 5.8500000E+01  1.7491000E-02 -5.7103000E-01  9.9990000E-01  8.2081000E-01  1.9262000E-09  8.2076000E-01
 5.9000000E+01  1.7385000E-02 -5.8064000E-01  9.9990000E-01  8.1404000E-01  1.9586000E-09  8.1399000E-01
 5.9500000E+01  1.7279000E-02 -5.9028000E-01  9.9990000E-01  8.0708000E-01  1.9912000E-09  8.0703000E-01
 6.0000000E+01  1.7175000E-02 -5.9994000E-01  9.9990000E-01  7.9992000E-01  2.0237000E-09  7.9987000E-01
 6.0500000E+01  1.7072000E-02 -6.0962000E-01  9.9990000E-01  7.9257000E-01  2.0564000E-09  7.9252000E-01
 6.1000000E+01  1.6969000E-02 -6.1932000E-01  9.9990000E-01  7.8501000E-01  2.0891000E-09  7.8497000E-01
 6.1500000E+01  1.6868000E-02 -6.2903000E-01  9.9990000E-01  7.7726000E-01  2.1219000E-09  7.7721000E-01
 6.2000000E+01  1.6768000E-02 -6.3874000E-01  9.9990000E-01  7.6929000E-01  2.1546000E-09  7.6925000E-01
 6.2500000E+01  1.6669000E-02 -6.4845000E-01  9.9990000E-01  7.6112000E-01  2.1874000E-09  7.6108000E-01
 6.3000000E+01  1.6572000E-02 -6.5816000E-01  9.9990000E-01  7.5274000E-01  2.2201000E-09  7.5270000E-01
 6.3500000E+01  1.6475000E-02 -6.6786000E-01  9.9990000E-01  7.4415000E-01  2.2528000E-09  7.4411000E-01
 6.4000000E+01  1.6380000E-02 -6.7754000E-01  9.9990000E-01  7.3534000E-01  2.2855000E-09  7.3530000E-01
 6.4500000E+01  1.6286000E-02 -6.8721000E-01  9.9990000E-01  7.2632000E-01  2.3181000E-09  7.2627000E-01
 6.5000000E+01  1.6194000E-02 -6.9685000E-01  9.9990000E-01  7.1708000E-01  2.3506000E-09  7.1703000E-01
 6.5500000E+01  1.6103000E-02 -7.0645000E-01  9.9990000E-01  7.0761000E-01  2.3830000E-09  7.0757000E-01
 6.6000000E+01  1.6013000E-02 -7.1602000E-01  9.9990000E-01  6.9793000E-01  2.4153000E-09  6.9788000E-01
 6.6500000E+01  1.5924000E-02 -7.2555000E-01  9.9989000E-01  6.8802000E-01  2.4474000E-09  6.8798000E-01
 6.7000000E+01  1.5837000E-02 -7.3502000E-01  9.9989000E-01  6.7789000E-01  2.4794000E-09  6.7785000E-01
 6.7500000E+01  1.5752000E-02 -7.4444000E-01  9.9989000E-01  6.6753000E-01  2.5112000E-09  6.6749000E-01
 6.8000000E+01  1.5668000E-02 -7.5380000E-01  9.9989000E-01  6.5694000E-01  2.5427000E-09  6.5690000E-01
 6.8500000E+01  1.5585000E-02 -7.6308000E-01  9.9989000E-01  6.4613000E-01  2.5741000E-09  6.4609000E-01
 6.9000000E+01  1.5504000E-02 -7.7229000E-01  9.9989000E-01  6.3510000E-01  2.6051000E-09  6.3506000E-01
 6.9500000E+01  1.5425000E-02 -7.8142000E-01  9.9989000E-01  6.2383000E-01  2.6359000E-09  6.2379000E-01
 7.0000000E+01  1.5347000E-02 -7.9046000E-01  9.9989000E-01  6.1234000E-01  2.6664000E-09  6.1230000E-01
 7.0500000E+01  1.5271000E-02 -7.9940000E-01  9.9989000E-01  6.0062000E-01  2.6965000E-09  6.0058000E-01
 7.1000000E+01  1.5196000E-02 -8.0824000E-01  9.9989000E-01  5.8867000E-01  2.7264000E-09  5.8863000E-01
 7.1500000E+01  1.5123000E-02 -8.1696000E-01  9.9989000E-01  5.7650000E-01  2.7558000E-09  5.7646000E-01
 7.2000000E+01  1.5051000E-02 -8.2557000E-01  9.9989000E-01  5.6410000E-01  2.7848000E-09  5.6406000E-01
 7.2500000E+01  1.4982000E-02 -8.3406000E-01  9.9989000E-01  5.5148000E-01  2.8134000E-09  5.5144000E-01
 7.3000000E+01  1.4914000E-02 -8.4241000E-01  9.9989000E-01  5.3864000E-01  2.8416000E-09  5.3860000E-01
 7.3500000E+01  1.4848000E-02 -8.5062000E-01  9.9989000E-01  5.2557000E-01  2.8693000E-09  5.2554000E-01
 7.4000000E+01  1.4783000E-02 -8.5868000E-01  9.9989000E-01  5.1229000E-01  2.8965000E-09  5.1226000E-01
 7.4500000E+01  1.4721000E-02 -8.6659000E-01  9.9989000E-01  4.9879000E-01  2.9232000E-09  4.9876000E-01
 7.5000000E+01  1.4660000E-02 -8.7434000E-01  9.9989000E-01  4.8509000E-01  2.9493000E-09  4.8506000E-01
 7.5500000E+01  1.4601000E-02 -8.8191000E-01  9.9989000E-01  4.7117000E-01  2.9749000E-09  4.7114000E-01
 7.6000000E+01  1.4543000E-02 -8.8932000E-01  9.9988000E-01  4.5704000E-01  2.9998000E-09  4.5701000E-01
 7.6500000E+01  1.4488000E-02 -8.9654000E-01  9.9988000E-01  4.4271000E-01  3.0242000E-09  4.4268000E-01
 7.7000000E+01  1.4434000E-02 -9.0356000E-01  9.9988000E-01  4.2818000E-01  3.0479000E-09  4.2816000E-01
 7.7500000E+01  1.4383000E-02 -9.1039000E-01  9.9988000E-01  4.1346000E-01  3.0709000E-09  4.1344000E-01
 7.8000000E+01  1.4333000E-02 -9.1702000E-01  9.9988000E-01  3.9855000E-01  3.0933000E-09  3.9852000E-01
 7.8500000E+01  1.4285000E-02 -9.2343000E-01  9.9988000E-01  3.8345000E-01  3.1149000E-09  3.8343000E-01
 7.9000000E+01  1.4239000E-02 -9.2963000E-01  9.9988000E-01  3.6817000E-01  3.1358000E-09  3.6815000E-01
 7.9500000E+01  1.4195000E-02 -9.3560000E-01  9.9988000E-01  3.5272000E-01  3.1560000E-09  3.5269000E-01
 8.0000000E+01  1.4153000E-02 -9.4135000E-01  9.9988000E-01  3.3709000E-01  3.1753000E-09  3.3707000E-01
 8.0500000E+01  1.4113000E-02 -9.4685000E-01  9.9988000E-01  3.2130000E-01  3.1939000E-09  3.2128000E-01
 8.1000000E+01  1.4075000E-02 -9.5211000E-01  9.9988000E-01  3.0536000E-01  3.2116000E-09  3.0534000E-01
 8.1500000E+01  1.4039000E-02 -9.5712000E-01  9.9988000E-01  2.8926000E-01  3.2286000E-09  2.8925000E-01
 8.2000000E+01  1.4005000E-02 -9.6188000E-01  9.9988000E-01  2.7303000E-01  3.2446000E-09  2.7301000E-01
 8.2500000E+01  1.3973000E-02 -9.6638000E-01  9.9988000E-01  2.5665000E-01  3.2598000E-09  2.5663000E-01
 8.3000000E+01  1.3943000E-02 -9.7061000E-01  9.9988000E-01  2.4014000E-01  3.2741000E-09  2.4013000E-01
 8.3500000E+01  1.3915000E-02 -9.7458000E-01  9.9988000E-01  2.2352000E-01  3.2874000E-09  2.2350000E-01
 8.4000000E+01  1.3889000E-02 -9.7827000E-01  9.9988000E-01  2.0677000E-01  3.2999000E-09  2.0676000E-01
 8.4500000E+01  1.3865000E-02 -9.8168000E-01  9.9988000E-01  1.8992000E-01  3.3114000E-09  1.8991000E-01
 8.5000000E+01  1.3843000E-02 -9.8480000E-01  9.9988000E-01  1.7298000E-01  3.3219000E-09  1.7297000E-01
 8.5500000E+01  1.3823000E-02 -9.8764000E-01  9.9988000E-01  1.5594000E-01  3.3315000E-09  1.5593000E-01
 8.6000000E+01  1.3806000E-02 -9.9019000E-01  9.9988000E-01  1.3882000E-01  3.3401000E-09  1.3881000E-01
 8.6500000E+01  1.3790000E-02 -9.9245000E-01  9.9988000E-01  1.2163000E-01  3.3477000E-09  1.2162000E-01
 8.7000000E+01  1.3776000E-02 -9.9442000E-01  9.9988000E-01  1.0437000E-01  3.3543000E-09  1.0437000E-01
 8.7500000E+01  1.3765000E-02 -9.9608000E-01  9.9988000E-01  8.7063000E-02  3.3599000E-09  8.7058000E-02
 8.8000000E+01  1.3755000E-02 -9.9745000E-01  9.9988000E-01  6.9706000E-02  3.3645000E-09  6.9702000E-02
 8.8500000E+01  1.3748000E-02 -9.9851000E-01  9.9988000E-01  5.2312000E-02  3.3681000E-09  5.2309000E-02
 8.9000000E+01  1.3743000E-02 -9.9927000E-01  9.9988000E-01  3.4891000E-02  3.3707000E-09  3.4889000E-02
 8.9500000E+01  1.3740000E-02 -9.9973000E-01  9.9988000E-01  1.7450000E-02  3.3722000E-09  1.7449000E-02
 9.0000000E+01  1.3738000E-02 -9.9988000E-01  9.9988000E-01  7.7589000E-07  3.3727000E-09  7.7113000E-07
 9.0500000E+01  1.3740000E-02 -9.9973000E-01  9.9988000E-01 -1.7449000E-02  3.3722000E-09 -1.7448000E-02
 9.1000000E+01  1.3743000E-02 -9.9927000E-01  9.9988000E-01 -3.4889000E-02  3.3707000E-09 -3.4887000E-02
 9.1500000E+01  1.3748000E-02 -9.9851000E-01  9.9988000E-01 -5.2311000E-02  3.3681000E-09 -5.2308000E-02
 9.2000000E+01  1.3755000E-02 -9.9745000E-01  9.9988000E-01 -6.9705000E-02  3.3645000E-09 -6.9701000E-02
 9.2500000E+01  1.3764000E-02 -9.9608000E-01  9.9988000E-01 -8.7062000E-02  3.3599000E-09 -8.7056000E-02
 9.3000000E+01  1.3776000E-02 -9.9442000E-01  9.9988000E-01 -1.0437000E-01  3.3543000E-09 -1.0437000E-01
 9.3500000E+01  1.3789000E-02 -9.9245000E-01  9.9988000E-01 -1.2163000E-01  3.3477000E-09 -1.2162000E-01
 9.4000000E+01  1.3805000E-02 -9.9019000E-01  9.9988000E-01 -1.3882000E-01  3.3401000E-09 -1.3881000E-01
 9.4500000E+01  1.3823000E-02 -9.8764000E-01  9.9988000E-01 -1.5594000E-01  3.3315000E-09 -1.5593000E-01
 9.5000000E+01  1.3843000E-02 -9.8480000E-01  9.9988000E-01 -1.7298000E-01  3.3219000E-09 -1.7297000E-01
 9.5500000E+01  1.3864000E-02 -9.8168000E-01  9.9988000E-01 -1.8992000E-01  3.3113000E-09 -1.8991000E-01
 9.6000000E+01  1.3888000E-02 -9.7827000E-01  9.9988000E-01 -2.0677000E-01  3.2998000E-09 -2.0676000E-01
 9.6500000E+01  1.3914000E-02 -9.7458000E-01  9.9988000E-01 -2.2351000E-01  3.2874000E-09 -2.2350000E-01
 9.7000000E+01  1.3942000E-02 -9.7061000E-01  9.9988000E-01 -2.4014000E-01  3.2740000E-09 -2.4013000E-01
 9.7500000E+01  1.3972000E-02 -9.6638000E-01  9.9988000E-01 -2.5665000E-01  3.2597000E-09 -2.5663000E-01
 9.8000000E+01  1.4004000E-02 -9.6188000E-01  9.9988000E-01 -2.7302000E-01  3.2446000E-09 -2.7301000E-01
 9.8500000E+01  1.4038000E-02 -9.5712000E-01  9.9988000E-01 -2.8926000E-01  3.2285000E-09 -2.8925000E-01
 9.9000000E+01  1.4074000E-02 -9.5211000E-01  9.9988000E-01 -3.0536000E-01  3.2116000E-09 -3.0534000E-01
 9.9500000E+01  1.4112000E-02 -9.4685000E-01  9.9988000E-01 -3.2130000E-01  3.1938000E-09 -3.2128000E-01
 1.0000000E+02  1.4152000E-02 -9.4135000E-01  9.9988000E-01 -3.3709000E-01  3.1753000E-09 -3.3707000E-01
 1.0050000E+02  1.4194000E-02 -9.3560000E-01  9.9988000E-01 -3.5271000E-01  3.1559000E-09 -3.5269000E-01
 1.0100000E+02  1.4238000E-02 -9.2963000E-01  9.9988000E-01 -3.6817000E-01  3.1358000E-09 -3.6815000E-01
 1.0150000E+02  1.4284000E-02 -9.2344000E-01  9.9988000E-01 -3.8345000E-01  3.1149000E-09 -3.8342000E-01
 1.0200000E+02  1.4331000E-02 -9.1702000E-01  9.9988000E-01 -3.9855000E-01  3.0932000E-09 -3.9852000E-01
 1.0250000E+02  1.4381000E-02 -9.1039000E-01  9.9988000E-01 -4.1346000E-01  3.0709000E-09 -4.1343000E-01
 1.0300000E+02  1.4433000E-02 -9.0356000E-01  9.9988000E-01 -4.2818000E-01  3.0478000E-09 -4.2816000E-01
 1.0350000E+02  1.4486000E-02 -8.9654000E-01  9.9988000E-01 -4.4271000E-01  3.0241000E-09 -4.4268000E-01
 1.0400000E+02  1.4542000E-02 -8.8932000E-01  9.9988000E-01 -4.5704000E-01  2.9998000E-09 -4.5701000E-01
 1.0450000E+02  1.4599000E-02 -8.8192000E-01  9.9989000E-01 -4.7116000E-01  2.9748000E-09 -4.7114000E-01
 1.0500000E+02  1.4658000E-02 -8.7434000E-01  9.9989000E-01 -4.8508000E-01  2.9492000E-09 -4.8505000E-01
 1.0550000E+02  1.4718000E-02 -8.6659000E-01  9.9989000E-01 -4.9879000E-01  2.9231000E-09 -4.9876000E-01
 1.0600000E+02  1.4781000E-02 -8.5868000E-01  9.9989000E-01 -5.1229000E-01  2.8964000E-09 -5.1226000E-01
 1.0650000E+02  1.4845000E-02 -8.5062000E-01  9.9989000E-01 -5.2557000E-01  2.8692000E-09 -5.2554000E-01
 1.0700000E+02  1.4912000E-02 -8.4241000E-01  9.9989000E-01 -5.3863000E-01  2.8415000E-09 -5.3860000E-01
 1.0750000E+02  1.4979000E-02 -8.3406000E-01  9.9989000E-01 -5.5148000E-01  2.8134000E-09 -5.5144000E-01
 1.0800000E+02  1.5049000E-02 -8.2557000E-01  9.9989000E-01 -5.6410000E-01  2.7847000E-09 -5.6406000E-01
 1.0850000E+02  1.5120000E-02 -8.1696000E-01  9.9989000E-01 -5.7650000E-01  2.7557000E-09 -5.7646000E-01
 1.0900000E+02  1.5193000E-02 -8.0824000E-01  9.9989000E-01 -5.8867000E-01  2.7263000E-09 -5.8863000E-01
 1.0950000E+02  1.5268000E-02 -7.9940000E-01  9.9989000E-01 -6.0062000E-01  2.6965000E-09 -6.0058000E-01
 1.1000000E+02  1.5344000E-02 -7.9046000E-01  9.9989000E-01 -6.1234000E-01  2.6663000E-09 -6.1230000E-01
 1.1050000E+02  1.5422000E-02 -7.8142000E-01  9.9989000E-01 -6.2383000E-01  2.6358000E-09 -6.2379000E-01
 1.1100000E+02  1.5501000E-02 -7.7229000E-01  9.9989000E-01 -6.3509000E-01  2.6050000E-09 -6.3506000E-01
 1.1150000E+02  1.5582000E-02 -7.6308000E-01  9.9989000E-01 -6.4613000E-01  2.5739000E-09 -6.4609000E-01
 1.1200000E+02  1.5665000E-02 -7.5380000E-01  9.9989000E-01 -6.5694000E-01  2.5426000E-09 -6.5690000E-01
 1.1250000E+02  1.5749000E-02 -7.4444000E-01  9.9989000E-01 -6.6753000E-01  2.5111000E-09 -6.6749000E-01
 1.1300000E+02  1.5834000E-02 -7.3502000E-01  9.9989000E-01 -6.7789000E-01  2.4793000E-09 -6.7784000E-01
 1.1350000E+02  1.5921000E-02 -7.2555000E-01  9.9989000E-01 -6.8802000E-01  2.4473000E-09 -6.8798000E-01
 1.1400000E+02  1.6009000E-02 -7.1602000E-01  9.9990000E-01 -6.9793000E-01  2.4152000E-09 -6.9788000E-01
 1.1450000E+02  1.6099000E-02 -7.0645000E-01  9.9990000E-01 -7.0761000E-01  2.3829000E-09 -7.0757000E-01
 1.1500000E+02  1.6190000E-02 -6.9685000E-01  9.9990000E-01 -7.1707000E-01  2.3505000E-09 -7.1703000E-01
 1.1550000E+02  1.6283000E-02 -6.8721000E-01  9.9990000E-01 -7.2632000E-01  2.3180000E-09 -7.2627000E-01
 1.1600000E+02  1.6376000E-02 -6.7755000E-01  9.9990000E-01 -7.3534000E-01  2.2854000E-09 -7.3530000E-01
 1.1650000E+02  1.6471000E-02 -6.6786000E-01  9.9990000E-01 -7.4415000E-01  2.2527000E-09 -7.4410000E-01
 1.1700000E+02  1.6568000E-02 -6.5816000E-01  9.9990000E-01 -7.5274000E-01  2.2200000E-09 -7.5270000E-01
 1.1750000E+02  1.6665000E-02 -6.4845000E-01  9.9990000E-01 -7.6112000E-01  2.1873000E-09 -7.6108000E-01
 1.1800000E+02  1.6764000E-02 -6.3874000E-01  9.9990000E-01 -7.6929000E-01  2.1545000E-09 -7.6925000E-01
 1.1850000E+02  1.6864000E-02 -6.2903000E-01  9.9990000E-01 -7.7726000E-01  2.1217000E-09 -7.7721000E-01
 1.1900000E+02  1.6965000E-02 -6.1932000E-01  9.9990000E-01 -7.8501000E-01  2.0890000E-09 -7.8497000E-01
 1.1950000E+02  1.7067000E-02 -6.0962000E-01  9.9990000E-01 -7.9257000E-01  2.0563000E-09 -7.9252000E-01
 1.2000000E+02  1.7170000E-02 -5.9994000E-01  9.9990000E-01 -7.9992000E-01  2.0236000E-09 -7.9987000E-01
 1.2050000E+02  1.7275000E-02 -5.9028000E-01  9.9990000E-01 -8.0708000E-01  1.9910000E-09 -8.0703000E-01
 1.2100000E+02  1.7380000E-02 -5.8064000E-01  9.9990000E-01 -8.1404000E-01  1.9585000E-09 -8.1399000E-01
 1.2150000E+02  1.7486000E-02 -5.7103000E-01  9.9990000E-01 -8.2081000E-01  1.9261000E-09 -8.2076000E-01
 1.2200000E+02  1.7593000E-02 -5.6145000E-01  9.9990000E-01 -8.2739000E-01  1.8938000E-09 -8.2734000E-01
 1.2250000E+02  1.7702000E-02 -5.5191000E-01  9.9991000E-01 -8.3379000E-01  1.8616000E-09 -8.3374000E-01
 1.2300000E+02  1.7811000E-02 -5.4241000E-01  9.9991000E-01 -8.4000000E-01  1.8296000E-09 -8.3995000E-01
 1.2350000E+02  1.7921000E-02 -5.3295000E-01  9.9991000E-01 -8.4604000E-01  1.7977000E-09 -8.4599000E-01
 1.2400000E+02  1.8031000E-02 -5.2353000E-01  9.9991000E-01 -8.5190000E-01  1.7659000E-09 -8.5184000E-01
 1.2450000E+02  1.8143000E-02 -5.1417000E-01  9.9991000E-01 -8.5758000E-01  1.7343000E-09 -8.5753000E-01
 1.2500000E+02  1.8255000E-02 -5.0486000E-01  9.9991000E-01 -8.6310000E-01  1.7029000E-09 -8.6304000E-01
 1.2550000E+02  1.8368000E-02 -4.9560000E-01  9.9991000E-01 -8.6845000E-01  1.6717000E-09 -8.6839000E-01
 1.2600000E+02  1.8482000E-02 -4.8640000E-01  9.9991000E-01 -8.7363000E-01  1.6407000E-09 -8.7358000E-01
 1.2650000E+02  1.8596000E-02 -4.7726000E-01  9.9991000E-01 -8.7866000E-01  1.6098000E-09 -8.7860000E-01
 1.2700000E+02  1.8711000E-02 -4.6819000E-01  9.9991000E-01 -8.8353000E-01  1.5792000E-09 -8.8347000E-01
 1.2750000E+02  1.8826000E-02 -4.5918000E-01  9.9991000E-01 -8.8824000E-01  1.5488000E-09 -8.8819000E-01
 1.2800000E+02  1.8942000E-02 -4.5025000E-01  9.9991000E-01 -8.9281000E-01  1.5187000E-09 -8.9275000E-01
 1.2850000E+02  1.9059000E-02 -4.4138000E-01  9.9991000E-01 -8.9722000E-01  1.4888000E-09 -8.9717000E-01
 1.2900000E+02  1.9176000E-02 -4.3258000E-01  9.9991000E-01 -9.0150000E-01  1.4591000E-09 -9.0144000E-01
 1.2950000E+02  1.9293000E-02 -4.2386000E-01  9.9991000E-01 -9.0563000E-01  1.4297000E-09 -9.0558000E-01
 1.3000000E+02  1.9411000E-02 -4.1522000E-01  9.9991000E-01 -9.0963000E-01  1.4005000E-09 -9.0957000E-01
 1.3050000E+02  1.9529000E-02 -4.0665000E-01  9.9991000E-01 -9.1349000E-01  1.3716000E-09 -9.1343000E-01
 1.3100000E+02  1.9648000E-02 -3.9816000E-01  9.9991000E-01 -9.1722000E-01  1.3430000E-09 -9.1717000E-01
 1.3150000E+02  1.9766000E-02 -3.8976000E-01  9.9992000E-01 -9.2083000E-01  1.3147000E-09 -9.2077000E-01
 1.3200000E+02  1.9885000E-02 -3.8144000E-01  9.9992000E-01 -9.2430000E-01  1.2866000E-09 -9.2425000E-01
 1.3250000E+02  2.0005000E-02 -3.7320000E-01  9.9992000E-01 -9.2766000E-01  1.2588000E-09 -9.2761000E-01
 1.3300000E+02  2.0124000E-02 -3.6504000E-01  9.9992000E-01 -9.3090000E-01  1.2313000E-09 -9.3084000E-01
 1.3350000E+02  2.0244000E-02 -3.5698000E-01  9.9992000E-01 -9.3402000E-01  1.2041000E-09 -9.3397000E-01
 1.3400000E+02  2.0363000E-02 -3.4900000E-01  9.9992000E-01 -9.3704000E-01  1.1772000E-09 -9.3698000E-01
 1.3450000E+02  2.0483000E-02 -3.4111000E-01  9.9992000E-01 -9.3994000E-01  1.1506000E-09 -9.3988000E-01
 1.3500000E+02  2.0603000E-02 -3.3331000E-01  9.9992000E-01 -9.4273000E-01  1.1242000E-09 -9.4268000E-01
 1.3550000E+02  2.0723000E-02 -3.2560000E-01  9.9992000E-01 -9.4542000E-01  1.0982000E-09 -9.4537000E-01
 1.3600000E+02  2.0843000E-02 -3.1798000E-01  9.9992000E-01 -9.4801000E-01  1.0725000E-09 -9.4796000E-01
 1.3650000E+02  2.0962000E-02 -3.1045000E-01  9.9992000E-01 -9.5051000E-01  1.0471000E-09 -9.5045000E-01
 1.3700000E+02  2.1082000E-02 -3.0301000E-01  9.9992000E-01 -9.5290000E-01  1.0221000E-09 -9.5285000E-01
 1.3750000E+02  2.1201000E-02 -2.9567000E-01  9.9992000E-01 -9.5521000E-01  9.9729000E-10 -9.5515000E-01
 1.3800000E+02  2.1321000E-02 -2.8842000E-01  9.9992000E-01 -9.5742000E-01  9.7284000E-10 -9.5736000E-01
 1.3850000E+02  2.1440000E-02 -2.8126000E-01  9.9992000E-01 -9.5955000E-01  9.4870000E-10 -9.5949000E-01
 1.3900000E+02  2.1558000E-02 -2.7420000E-01  9.9992000E-01 -9.6159000E-01  9.2488000E-10 -9.6153000E-01
 1.3950000E+02  2.1677000E-02 -2.6723000E-01  9.9992000E-01 -9.6355000E-01  9.0138000E-10 -9.6349000E-01
 1.4000000E+02  2.1795000E-02 -2.6036000E-01  9.9992000E-01 -9.6543000E-01  8.7819000E-10 -9.6537000E-01
 1.4050000E+02  2.1913000E-02 -2.5358000E-01  9.9992000E-01 -9.6724000E-01  8.5533000E-10 -9.6718000E-01
 1.4100000E+02  2.2030000E-02 -2.4690000E-01  9.9992000E-01 -9.6896000E-01  8.3279000E-10 -9.6890000E-01
 1.4150000E+02  2.2147000E-02 -2.4031000E-01  9.9992000E-01 -9.7062000E-01  8.1057000E-10 -9.7056000E-01
 1.4200000E+02  2.2264000E-02 -2.3382000E-01  9.9992000E-01 -9.7220000E-01  7.8867000E-10 -9.7214000E-01
 1.4250000E+02  2.2380000E-02 -2.2742000E-01  9.9993000E-01 -9.7372000E-01  7.6709000E-10 -9.7366000E-01
 1.4300000E+02  2.2495000E-02 -2.2112000E-01  9.9993000E-01 -9.7517000E-01  7.4584000E-10 -9.7511000E-01
 1.4350000E+02  2.2610000E-02 -2.1491000E-01  9.9993000E-01 -9.7656000E-01  7.2490000E-10 -9.7650000E-01
 1.4400000E+02  2.2724000E-02 -2.0880000E-01  9.9993000E-01 -9.7788000E-01  7.0429000E-10 -9.7782000E-01
 1.4450000E+02  2.2838000E-02 -2.0279000E-01  9.9993000E-01 -9.7915000E-01  6.8400000E-10 -9.7909000E-01
 1.4500000E+02  2.2951000E-02 -1.9687000E-01  9.9993000E-01 -9.8036000E-01  6.6403000E-10 -9.8030000E-01
 1.4550000E+02  2.3063000E-02 -1.9104000E-01  9.9993000E-01 -9.8151000E-01  6.4438000E-10 -9.8145000E-01
 1.4600000E+02  2.3175000E-02 -1.8531000E-01  9.9993000E-01 -9.8261000E-01  6.2505000E-10 -9.8255000E-01
 1.4650000E+02  2.3285000E-02 -1.7967000E-01  9.9993000E-01 -9.8365000E-01  6.0604000E-10 -9.8359000E-01
 1.4700000E+02  2.3395000E-02 -1.7413000E-01  9.9993000E-01 -9.8465000E-01  5.8735000E-10 -9.8459000E-01
 1.4750000E+02  2.3504000E-02 -1.6868000E-01  9.9993000E-01 -9.8560000E-01  5.6897000E-10 -9.8554000E-01
 1.4800000E+02  2.3612000E-02 -1.6333000E-01  9.9993000E-01 -9.8650000E-01  5.5091000E-10 -9.8644000E-01
 1.4850000E+02  2.3720000E-02 -1.5807000E-01  9.9993000E-01 -9.8736000E-01  5.3317000E-10 -9.8730000E-01
 1.4900000E+02  2.3826000E-02 -1.5290000E-01  9.9993000E-01 -9.8817000E-01  5.1574000E-10 -9.8811000E-01
 1.4950000E+02  2.3931000E-02 -1.4783000E-01  9.9993000E-01 -9.8894000E-01  4.9862000E-10 -9.8888000E-01
 1.5000000E+02  2.4035000E-02 -1.4285000E-01  9.9993000E-01 -9.8967000E-01  4.8182000E-10 -9.8961000E-01
 1.5050000E+02  2.4139000E-02 -1.3796000E-01  9.9993000E-01 -9.9037000E-01  4.6533000E-10 -9.9031000E-01
 1.5100000E+02  2.4241000E-02 -1.3316000E-01  9.9993000E-01 -9.9102000E-01  4.4915000E-10 -9.9096000E-01
 1.5150000E+02  2.4342000E-02 -1.2846000E-01  9.9993000E-01 -9.9165000E-01  4.3328000E-10 -9.9159000E-01
 1.5200000E+02  2.4442000E-02 -1.2384000E-01  9.9993000E-01 -9.9223000E-01  4.1772000E-10 -9.9217000E-01
 1.5250000E+02  2.4541000E-02 -1.1932000E-01  9.9993000E-01 -9.9279000E-01  4.0246000E-10 -9.9273000E-01
 1.5300000E+02  2.4638000E-02 -1.1489000E-01  9.9993000E-01 -9.9331000E-01  3.8751000E-10 -9.9325000E-01
 1.5350000E+02  2.4734000E-02 -1.1054000E-01  9.9993000E-01 -9.9380000E-01  3.7286000E-10 -9.9374000E-01
 1.5400000E+02  2.4830000E-02 -1.0629000E-01  9.9993000E-01 -9.9427000E-01  3.5852000E-10 -9.9421000E-01
 1.5450000E+02  2.4923000E-02 -1.0213000E-01  9.9993000E-01 -9.9470000E-01  3.4448000E-10 -9.9464000E-01
 1.5500000E+02  2.5016000E-02 -9.8054000E-02  9.9993000E-01 -9.9511000E-01  3.3073000E-10 -9.9505000E-01
 1.5550000E+02  2.5107000E-02 -9.4068000E-02  9.9993000E-01 -9.9550000E-01  3.1729000E-10 -9.9544000E-01
 1.5600000E+02  2.5197000E-02 -9.0171000E-02  9.9993000E-01 -9.9586000E-01  3.0414000E-10 -9.9580000E-01
 1.5650000E+02  2.5285000E-02 -8.6361000E-02  9.9993000E-01 -9.9620000E-01  2.9129000E-10 -9.9614000E-01
 1.5700000E+02  2.5372000E-02 -8.2639000E-02  9.9993000E-01 -9.9651000E-01  2.7874000E-10 -9.9645000E-01
 1.5750000E+02  2.5457000E-02 -7.9003000E-02  9.9993000E-01 -9.9681000E-01  2.6648000E-10 -9.9675000E-01
 1.5800000E+02  2.5541000E-02 -7.5455000E-02  9.9993000E-01 -9.9708000E-01  2.5451000E-10 -9.9702000E-01
 1.5850000E+02  2.5624000E-02 -7.1992000E-02  9.9993000E-01 -9.9734000E-01  2.4283000E-10 -9.9728000E-01
 1.5900000E+02  2.5705000E-02 -6.8616000E-02  9.9993000E-01 -9.9758000E-01  2.3144000E-10 -9.9752000E-01
 1.5950000E+02  2.5784000E-02 -6.5325000E-02  9.9994000E-01 -9.9780000E-01  2.2034000E-10 -9.9774000E-01
 1.6000000E+02  2.5862000E-02 -6.2118000E-02  9.9994000E-01 -9.9800000E-01  2.0952000E-10 -9.9794000E-01
 1.6050000E+02  2.5938000E-02 -5.8997000E-02  9.9994000E-01 -9.9819000E-01  1.9899000E-10 -9.9813000E-01
 1.6100000E+02  2.6013000E-02 -5.5960000E-02  9.9994000E-01 -9.9837000E-01  1.8875000E-10 -9.9831000E-01
 1.6150000E+02  2.6086000E-02 -5.3006000E-02  9.9994000E-01 -9.9853000E-01  1.7879000E-10 -9.9847000E-01
 1.6200000E+02  2.6157000E-02 -5.0137000E-02  9.9994000E-01 -9.9868000E-01  1.6911000E-10 -9.9862000E-01
 1.6250000E+02  2.6226000E-02 -4.7350000E-02  9.9994000E-01 -9.9881000E-01  1.5971000E-10 -9.9875000E-01
 1.6300000E+02  2.6294000E-02 -4.4646000E-02  9.9994000E-01 -9.9894000E-01  1.5059000E-10 -9.9888000E-01
 1.6350000E+02  2.6360000E-02 -4.2025000E-02  9.9994000E-01 -9.9905000E-01  1.4175000E-10 -9.9899000E-01
 1.6400000E+02  2.6425000E-02 -3.9486000E-02  9.9994000E-01 -9.9916000E-01  1.3318000E-10 -9.9910000E-01
 1.6450000E+02  2.6487000E-02 -3.7028000E-02  9.9994000E-01 -9.9925000E-01  1.2489000E-10 -9.9919000E-01
 1.6500000E+02  2.6548000E-02 -3.4652000E-02  9.9994000E-01 -9.9934000E-01  1.1688000E-10 -9.9928000E-01
 1.6550000E+02  2.6607000E-02 -3.2357000E-02  9.9994000E-01 -9.9941000E-01  1.0914000E-10 -9.9935000E-01
 1.6600000E+02  2.6664000E-02 -3.0143000E-02  9.9994000E-01 -9.9948000E-01  1.0167000E-10 -9.9942000E-01
 1.6650000E+02  2.6720000E-02 -2.8010000E-02  9.9994000E-01 -9.9955000E-01  9.4477000E-11 -9.9948000E-01
 1.6700000E+02  2.6773000E-02 -2.5957000E-02  9.9994000E-01 -9.9960000E-01  8.7551000E-11 -9.9954000E-01
 1.6750000E+02  2.6825000E-02 -2.3983000E-02  9.9994000E-01 -9.9965000E-01  8.0895000E-11 -9.9959000E-01
 1.6800000E+02  2.6874000E-02 -2.2090000E-02  9.9994000E-01 -9.9969000E-01  7.4508000E-11 -9.9963000E-01
 1.6850000E+02  2.6922000E-02 -2.0276000E-02  9.9994000E-01 -9.9973000E-01  6.8389000E-11 -9.9967000E-01
 1.6900000E+02  2.6968000E-02 -1.8540000E-02  9.9994000E-01 -9.9977000E-01  6.2536000E-11 -9.9971000E-01
 1.6950000E+02  2.7012000E-02 -1.6884000E-02  9.9994000E-01 -9.9980000E-01  5.6950000E-11 -9.9973000E-01
 1.7000000E+02  2.7054000E-02 -1.5307000E-02  9.9994000E-01 -9.9982000E-01  5.1629000E-11 -9.9976000E-01
 1.7050000E+02  2.7094000E-02 -1.3808000E-02  9.9994000E-01 -9.9984000E-01  4.6573000E-11 -9.9978000E-01
 1.7100000E+02  2.7132000E-02 -1.2387000E-02  9.9994000E-01 -9.9986000E-01  4.1780000E-11 -9.9980000E-01
 1.7150000E+02  2.7168000E-02 -1.1044000E-02  9.9994000E-01 -9.9988000E-01  3.7250000E-11 -9.9982000E-01
 1.7200000E+02  2.7202000E-02 -9.7787000E-03  9.9994000E-01 -9.9989000E-01  3.2983000E-11 -9.9983000E-01
 1.7250000E+02  2.7234000E-02 -8.5912000E-03  9.9994000E-01 -9.9990000E-01  2.8978000E-11 -9.9984000E-01
 1.7300000E+02  2.7264000E-02 -7.4812000E-03  9.9994000E-01 -9.9991000E-01  2.5234000E-11 -9.9985000E-01
 1.7350000E+02  2.7292000E-02 -6.4484000E-03  9.9994000E-01 -9.9992000E-01  2.1750000E-11 -9.9986000E-01
 1.7400000E+02  2.7318000E-02 -5.4928000E-03  9.9994000E-01 -9.9992000E-01  1.8527000E-11 -9.9986000E-01
 1.7450000E+02  2.7342000E-02 -4.6141000E-03  9.9994000E-01 -9.9993000E-01  1.5563000E-11 -9.9987000E-01
 1.7500000E+02  2.7364000E-02 -3.8123000E-03  9.9994000E-01 -9.9993000E-01  1.2859000E-11 -9.9987000E-01
 1.7550000E+02  2.7383000E-02 -3.0872000E-03  9.9994000E-01 -9.9993000E-01  1.0413000E-11 -9.9987000E-01
 1.7600000E+02  2.7401000E-02 -2.4388000E-03  9.9994000E-01 -9.9994000E-01  8.2259000E-12 -9.9988000E-01
 1.7650000E+02  2.7417000E-02 -1.8668000E-03  9.9994000E-01 -9.9994000E-01  6.2967000E-12 -9.9988000E-01
 1.7700000E+02  2.7430000E-02 -1.3713000E-03  9.9994000E-01 -9.9994000E-01  4.6254000E-12 -9.9988000E-01
 1.7750000E+02  2.7442000E-02 -9.5217000E-04  9.9994000E-01 -9.9994000E-01  3.2116000E-12 -9.9988000E-01
 1.7800000E+02  2.7451000E-02 -6.0932000E-04  9.9994000E-01 -9.9994000E-01  2.0552000E-12 -9.9988000E-01
 1.7850000E+02  2.7459000E-02 -3.4271000E-04  9.9994000E-01 -9.9994000E-01  1.1560000E-12 -9.9988000E-01
 1.7900000E+02  2.7464000E-02 -1.5231000E-04  9.9994000E-01 -9.9994000E-01  5.1372000E-13 -9.9988000E-01
 1.7950000E+02  2.7467000E-02 -3.8075000E-05  9.9994000E-01 -9.9994000E-01  1.2842000E-13 -9.9988000E-01
 1.8000000E+02  2.7468000E-02 -3.7745000E-15  9.9994000E-01 -9.9994000E-01  1.2731000E-23 -9.9988000E-01
