length scale factor
6.2336700E-03
volume cluster radius, area mean sphere radius, circumscribing radius, cross section radius
1.2553752E-01 6.2274363E-03 4.2395447E-01 1.2553752E-01
total extinction, absorption, scattering efficiencies (unpolarized incidence)
4.8281000E-03 4.4994000E-03 3.2876000E-04
theta     11          12          22          33          34          44
 0.0000000E+00  1.2353000E-01  0.0000000E+00  9.9996000E-01  9.9996000E-01  0.0000000E+00  9.9991000E-01
 5.0000000E-01  1.2352000E-01 -3.8046000E-05  9.9996000E-01  9.9996000E-01  3.6026000E-10  9.9991000E-01
 1.0000000E+00  1.2351000E-01 -1.5219000E-04  9.9996000E-01  9.9996000E-01  1.4411000E-09  9.9991000E-01
 1.5000000E+00  1.2348000E-01 -3.4245000E-04  9.9996000E-01  9.9996000E-01  3.2427000E-09  9.9991000E-01
 2.0000000E+00  1.2345000E-01 -6.0886000E-04  9.9996000E-01  9.9996000E-01  5.7652000E-09  9.9991000E-01
 2.5000000E+00  1.2340000E-01 -9.5145000E-04  9.9996000E-01  9.9996000E-01  9.0092000E-09  9.9991000E-01
 3.0000000E+00  1.2335000E-01 -1.3703000E-03  9.9996000E-01  9.9996000E-01  1.2975000E-08  9.9991000E-01
 3.5000000E+00  1.2329000E-01 -1.8654000E-03  9.9996000E-01  9.9996000E-01  1.7664000E-08  9.9991000E-01
 4.0000000E+00  1.2321000E-01 -2.4369000E-03  9.9996000E-01  9.9995000E-01  2.3075000E-08  9.9991000E-01
 4.5000000E+00  1.2313000E-01 -3.0849000E-03  9.9996000E-01  9.9995000E-01  2.9211000E-08  9.9991000E-01
 5.0000000E+00  1.2304000E-01 -3.8094000E-03  9.9996000E-01  9.9995000E-01  3.6072000E-08  9.9991000E-01
 5.5000000E+00  1.2294000E-01 -4.6106000E-03  9.9996000E-01  9.9995000E-01  4.3659000E-08  9.9990000E-01
 6.0000000E+00  1.2282000E-01 -5.4886000E-03  9.9996000E-01  9.9994000E-01  5.1973000E-08  9.9990000E-01
 6.5000000E+00  1.2270000E-01 -6.4435000E-03  9.9996000E-01  9.9994000E-01  6.1016000E-08  9.9989000E-01
 7.0000000E+00  1.2257000E-01 -7.4755000E-03  9.9996000E-01  9.9993000E-01  7.0788000E-08  9.9989000E-01
 7.5000000E+00  1.2243000E-01 -8.5846000E-03  9.9996000E-01  9.9992000E-01  8.1292000E-08  9.9988000E-01
 8.0000000E+00  1.2228000E-01 -9.7712000E-03  9.9996000E-01  9.9991000E-01  9.2530000E-08  9.9987000E-01
 8.5000000E+00  1.2212000E-01 -1.1035000E-02  9.9996000E-01  9.9990000E-01  1.0450000E-07  9.9985000E-01
 9.0000000E+00  1.2195000E-01 -1.2377000E-02  9.9996000E-01  9.9988000E-01  1.1721000E-07  9.9984000E-01
 9.5000000E+00  1.2178000E-01 -1.3797000E-02  9.9996000E-01  9.9986000E-01  1.3066000E-07  9.9982000E-01
 1.0000000E+01  1.2159000E-01 -1.5295000E-02  9.9996000E-01  9.9984000E-01  1.4484000E-07  9.9980000E-01
 1.0500000E+01  1.2139000E-01 -1.6871000E-02  9.9996000E-01  9.9981000E-01  1.5977000E-07  9.9977000E-01
 1.1000000E+01  1.2119000E-01 -1.8526000E-02  9.9996000E-01  9.9978000E-01  1.7545000E-07  9.9974000E-01
 1.1500000E+01  1.2097000E-01 -2.0260000E-02  9.9996000E-01  9.9975000E-01  1.9187000E-07  9.9971000E-01
 1.2000000E+01  1.2075000E-01 -2.2073000E-02  9.9996000E-01  9.9971000E-01  2.0904000E-07  9.9967000E-01
 1.2500000E+01  1.2052000E-01 -2.3965000E-02  9.9996000E-01  9.9967000E-01  2.2696000E-07  9.9963000E-01
 1.3000000E+01  1.2028000E-01 -2.5937000E-02  9.9996000E-01  9.9962000E-01  2.4564000E-07  9.9958000E-01
 1.3500000E+01  1.2003000E-01 -2.7989000E-02  9.9996000E-01  9.9956000E-01  2.6507000E-07  9.9952000E-01
 1.4000000E+01  1.1977000E-01 -3.0120000E-02  9.9996000E-01  9.9950000E-01  2.8527000E-07  9.9946000E-01
 1.4500000E+01  1.1950000E-01 -3.2333000E-02  9.9996000E-01  9.9943000E-01  3.0623000E-07  9.9939000E-01
 1.5000000E+01  1.1923000E-01 -3.4626000E-02  9.9996000E-01  9.9936000E-01  3.2795000E-07  9.9931000E-01
 1.5500000E+01  1.1894000E-01 -3.7000000E-02  9.9996000E-01  9.9927000E-01  3.5044000E-07  9.9923000E-01
 1.6000000E+01  1.1865000E-01 -3.9455000E-02  9.9996000E-01  9.9918000E-01  3.7371000E-07  9.9913000E-01
 1.6500000E+01  1.1835000E-01 -4.1993000E-02  9.9996000E-01  9.9907000E-01  3.9774000E-07  9.9903000E-01
 1.7000000E+01  1.1804000E-01 -4.4612000E-02  9.9996000E-01  9.9896000E-01  4.2256000E-07  9.9892000E-01
 1.7500000E+01  1.1772000E-01 -4.7314000E-02  9.9996000E-01  9.9884000E-01  4.4816000E-07  9.9879000E-01
 1.8000000E+01  1.1740000E-01 -5.0098000E-02  9.9996000E-01  9.9870000E-01  4.7455000E-07  9.9866000E-01
 1.8500000E+01  1.1707000E-01 -5.2966000E-02  9.9996000E-01  9.9855000E-01  5.0172000E-07  9.9851000E-01
 1.9000000E+01  1.1672000E-01 -5.5917000E-02  9.9995000E-01  9.9839000E-01  5.2968000E-07  9.9835000E-01
 1.9500000E+01  1.1638000E-01 -5.8952000E-02  9.9995000E-01  9.9822000E-01  5.5844000E-07  9.9817000E-01
 2.0000000E+01  1.1602000E-01 -6.2071000E-02  9.9995000E-01  9.9803000E-01  5.8800000E-07  9.9798000E-01
 2.0500000E+01  1.1566000E-01 -6.5275000E-02  9.9995000E-01  9.9782000E-01  6.1837000E-07  9.9778000E-01
 2.1000000E+01  1.1529000E-01 -6.8563000E-02  9.9995000E-01  9.9760000E-01  6.4953000E-07  9.9756000E-01
 2.1500000E+01  1.1491000E-01 -7.1938000E-02  9.9995000E-01  9.9736000E-01  6.8151000E-07  9.9732000E-01
 2.2000000E+01  1.1452000E-01 -7.5397000E-02  9.9995000E-01  9.9711000E-01  7.1431000E-07  9.9706000E-01
 2.2500000E+01  1.1413000E-01 -7.8943000E-02  9.9995000E-01  9.9683000E-01  7.4792000E-07  9.9679000E-01
 2.3000000E+01  1.1373000E-01 -8.2576000E-02  9.9995000E-01  9.9654000E-01  7.8235000E-07  9.9650000E-01
 2.3500000E+01  1.1333000E-01 -8.6295000E-02  9.9995000E-01  9.9622000E-01  8.1761000E-07  9.9618000E-01
 2.4000000E+01  1.1292000E-01 -9.0102000E-02  9.9995000E-01  9.9589000E-01  8.5370000E-07  9.9584000E-01
 2.4500000E+01  1.1250000E-01 -9.3997000E-02  9.9995000E-01  9.9553000E-01  8.9063000E-07  9.9548000E-01
 2.5000000E+01  1.1207000E-01 -9.7979000E-02  9.9995000E-01  9.9514000E-01  9.2839000E-07  9.9510000E-01
 2.5500000E+01  1.1164000E-01 -1.0205000E-01  9.9995000E-01  9.9473000E-01  9.6699000E-07  9.9469000E-01
 2.6000000E+01  1.1121000E-01 -1.0621000E-01  9.9995000E-01  9.9430000E-01  1.0064000E-06  9.9425000E-01
 2.6500000E+01  1.1076000E-01 -1.1046000E-01  9.9995000E-01  9.9383000E-01  1.0467000E-06  9.9379000E-01
 2.7000000E+01  1.1031000E-01 -1.1480000E-01  9.9995000E-01  9.9334000E-01  1.0879000E-06  9.9330000E-01
 2.7500000E+01  1.0986000E-01 -1.1923000E-01  9.9995000E-01  9.9282000E-01  1.1299000E-06  9.9278000E-01
 2.8000000E+01  1.0940000E-01 -1.2375000E-01  9.9995000E-01  9.9227000E-01  1.1728000E-06  9.9222000E-01
 2.8500000E+01  1.0893000E-01 -1.2836000E-01  9.9995000E-01  9.9168000E-01  1.2165000E-06  9.9164000E-01
 2.9000000E+01  1.0846000E-01 -1.3306000E-01  9.9995000E-01  9.9106000E-01  1.2611000E-06  9.9102000E-01
 2.9500000E+01  1.0799000E-01 -1.3785000E-01  9.9995000E-01  9.9040000E-01  1.3066000E-06  9.9036000E-01
 3.0000000E+01  1.0751000E-01 -1.4274000E-01  9.9995000E-01  9.8971000E-01  1.3529000E-06  9.8967000E-01
 3.0500000E+01  1.0702000E-01 -1.4772000E-01  9.9995000E-01  9.8898000E-01  1.4001000E-06  9.8894000E-01
 3.1000000E+01  1.0653000E-01 -1.5279000E-01  9.9995000E-01  9.8821000E-01  1.4482000E-06  9.8817000E-01
 3.1500000E+01  1.0604000E-01 -1.5795000E-01  9.9995000E-01  9.8740000E-01  1.4972000E-06  9.8735000E-01
 3.2000000E+01  1.0554000E-01 -1.6321000E-01  9.9995000E-01  9.8654000E-01  1.5471000E-06  9.8650000E-01
 3.2500000E+01  1.0503000E-01 -1.6856000E-01  9.9995000E-01  9.8564000E-01  1.5979000E-06  9.8560000E-01
 3.3000000E+01  1.0453000E-01 -1.7400000E-01  9.9995000E-01  9.8469000E-01  1.6495000E-06  9.8465000E-01
 3.3500000E+01  1.0402000E-01 -1.7954000E-01  9.9995000E-01  9.8370000E-01  1.7021000E-06  9.8366000E-01
 3.4000000E+01  1.0350000E-01 -1.8517000E-01  9.9995000E-01  9.8265000E-01  1.7555000E-06  9.8261000E-01
 3.4500000E+01  1.0298000E-01 -1.9090000E-01  9.9995000E-01  9.8156000E-01  1.8099000E-06  9.8152000E-01
 3.5000000E+01  1.0246000E-01 -1.9672000E-01  9.9995000E-01  9.8041000E-01  1.8652000E-06  9.8037000E-01
 3.5500000E+01  1.0194000E-01 -2.0264000E-01  9.9995000E-01  9.7920000E-01  1.9213000E-06  9.7916000E-01
 3.6000000E+01  1.0141000E-01 -2.0865000E-01  9.9995000E-01  9.7794000E-01  1.9784000E-06  9.7790000E-01
 3.6500000E+01  1.0088000E-01 -2.1475000E-01  9.9995000E-01  9.7661000E-01  2.0364000E-06  9.7657000E-01
 3.7000000E+01  1.0034000E-01 -2.2096000E-01  9.9995000E-01  9.7523000E-01  2.0953000E-06  9.7519000E-01
 3.7500000E+01  9.9806000E-02 -2.2725000E-01  9.9995000E-01  9.7378000E-01  2.1550000E-06  9.7374000E-01
 3.8000000E+01  9.9267000E-02 -2.3365000E-01  9.9995000E-01  9.7227000E-01  2.2158000E-06  9.7223000E-01
 3.8500000E+01  9.8726000E-02 -2.4013000E-01  9.9995000E-01  9.7068000E-01  2.2774000E-06  9.7064000E-01
 3.9000000E+01  9.8183000E-02 -2.4672000E-01  9.9995000E-01  9.6903000E-01  2.3399000E-06  9.6899000E-01
 3.9500000E+01  9.7638000E-02 -2.5339000E-01  9.9995000E-01  9.6731000E-01  2.4033000E-06  9.6727000E-01
 4.0000000E+01  9.7091000E-02 -2.6017000E-01  9.9995000E-01  9.6551000E-01  2.4677000E-06  9.6547000E-01
 4.0500000E+01  9.6542000E-02 -2.6704000E-01  9.9995000E-01  9.6363000E-01  2.5329000E-06  9.6359000E-01
 4.1000000E+01  9.5992000E-02 -2.7400000E-01  9.9995000E-01  9.6167000E-01  2.5991000E-06  9.6163000E-01
 4.1500000E+01  9.5441000E-02 -2.8106000E-01  9.9994000E-01  9.5963000E-01  2.6661000E-06  9.5959000E-01
 4.2000000E+01  9.4889000E-02 -2.8821000E-01  9.9994000E-01  9.5751000E-01  2.7341000E-06  9.5747000E-01
 4.2500000E+01  9.4335000E-02 -2.9545000E-01  9.9994000E-01  9.5530000E-01  2.8029000E-06  9.5526000E-01
 4.3000000E+01  9.3781000E-02 -3.0279000E-01  9.9994000E-01  9.5300000E-01  2.8727000E-06  9.5296000E-01
 4.3500000E+01  9.3227000E-02 -3.1022000E-01  9.9994000E-01  9.5060000E-01  2.9433000E-06  9.5056000E-01
 4.4000000E+01  9.2671000E-02 -3.1775000E-01  9.9994000E-01  9.4812000E-01  3.0148000E-06  9.4807000E-01
 4.4500000E+01  9.2116000E-02 -3.2536000E-01  9.9994000E-01  9.4553000E-01  3.0872000E-06  9.4549000E-01
 4.5000000E+01  9.1561000E-02 -3.3307000E-01  9.9994000E-01  9.4284000E-01  3.1604000E-06  9.4280000E-01
 4.5500000E+01  9.1005000E-02 -3.4086000E-01  9.9994000E-01  9.4005000E-01  3.2346000E-06  9.4001000E-01
 4.6000000E+01  9.0450000E-02 -3.4875000E-01  9.9994000E-01  9.3715000E-01  3.3095000E-06  9.3711000E-01
 4.6500000E+01  8.9895000E-02 -3.5672000E-01  9.9994000E-01  9.3415000E-01  3.3854000E-06  9.3411000E-01
 4.7000000E+01  8.9341000E-02 -3.6479000E-01  9.9994000E-01  9.3103000E-01  3.4620000E-06  9.3099000E-01
 4.7500000E+01  8.8787000E-02 -3.7293000E-01  9.9994000E-01  9.2779000E-01  3.5395000E-06  9.2775000E-01
 4.8000000E+01  8.8235000E-02 -3.8117000E-01  9.9994000E-01  9.2444000E-01  3.6178000E-06  9.2440000E-01
 4.8500000E+01  8.7683000E-02 -3.8949000E-01  9.9994000E-01  9.2097000E-01  3.6970000E-06  9.2093000E-01
 4.9000000E+01  8.7133000E-02 -3.9789000E-01  9.9994000E-01  9.1737000E-01  3.7769000E-06  9.1733000E-01
 4.9500000E+01  8.6584000E-02 -4.0637000E-01  9.9994000E-01  9.1364000E-01  3.8576000E-06  9.1360000E-01
 5.0000000E+01  8.6037000E-02 -4.1493000E-01  9.9994000E-01  9.0979000E-01  3.9390000E-06  9.0975000E-01
 5.0500000E+01  8.5491000E-02 -4.2357000E-01  9.9994000E-01  9.0580000E-01  4.0213000E-06  9.0576000E-01
 5.1000000E+01  8.4947000E-02 -4.3229000E-01  9.9994000E-01  9.0167000E-01  4.1042000E-06  9.0163000E-01
 5.1500000E+01  8.4405000E-02 -4.4108000E-01  9.9994000E-01  8.9740000E-01  4.1879000E-06  8.9736000E-01
 5.2000000E+01  8.3866000E-02 -4.4994000E-01  9.9994000E-01  8.9299000E-01  4.2722000E-06  8.9295000E-01
 5.2500000E+01  8.3329000E-02 -4.5888000E-01  9.9994000E-01  8.8843000E-01  4.3573000E-06  8.8839000E-01
 5.3000000E+01  8.2794000E-02 -4.6788000E-01  9.9994000E-01  8.8372000E-01  4.4430000E-06  8.8368000E-01
 5.3500000E+01  8.2262000E-02 -4.7695000E-01  9.9994000E-01  8.7886000E-01  4.5293000E-06  8.7882000E-01
 5.4000000E+01  8.1733000E-02 -4.8608000E-01  9.9994000E-01  8.7384000E-01  4.6163000E-06  8.7380000E-01
 5.4500000E+01  8.1207000E-02 -4.9528000E-01  9.9994000E-01  8.6866000E-01  4.7038000E-06  8.6862000E-01
 5.5000000E+01  8.0684000E-02 -5.0453000E-01  9.9993000E-01  8.6332000E-01  4.7920000E-06  8.6328000E-01
 5.5500000E+01  8.0165000E-02 -5.1384000E-01  9.9993000E-01  8.5781000E-01  4.8806000E-06  8.5777000E-01
 5.6000000E+01  7.9648000E-02 -5.2320000E-01  9.9993000E-01  8.5213000E-01  4.9698000E-06  8.5210000E-01
 5.6500000E+01  7.9136000E-02 -5.3261000E-01  9.9993000E-01  8.4628000E-01  5.0594000E-06  8.4625000E-01
 5.7000000E+01  7.8627000E-02 -5.4206000E-01  9.9993000E-01  8.4026000E-01  5.1495000E-06  8.4022000E-01
 5.7500000E+01  7.8122000E-02 -5.5156000E-01  9.9993000E-01  8.3405000E-01  5.2401000E-06  8.3401000E-01
 5.8000000E+01  7.7621000E-02 -5.6110000E-01  9.9993000E-01  8.2766000E-01  5.3310000E-06  8.2763000E-01
 5.8500000E+01  7.7125000E-02 -5.7068000E-01  9.9993000E-01  8.2109000E-01  5.4222000E-06  8.2105000E-01
 5.9000000E+01  7.6632000E-02 -5.8029000E-01  9.9993000E-01  8.1433000E-01  5.5138000E-06  8.1429000E-01
 5.9500000E+01  7.6145000E-02 -5.8992000E-01  9.9993000E-01  8.0737000E-01  5.6057000E-06  8.0734000E-01
 6.0000000E+01  7.5661000E-02 -5.9958000E-01  9.9993000E-01  8.0023000E-01  5.6978000E-06  8.0019000E-01
 6.0500000E+01  7.5183000E-02 -6.0926000E-01  9.9993000E-01  7.9288000E-01  5.7900000E-06  7.9285000E-01
 6.1000000E+01  7.4710000E-02 -6.1896000E-01  9.9993000E-01  7.8534000E-01  5.8825000E-06  7.8530000E-01
 6.1500000E+01  7.4241000E-02 -6.2866000E-01  9.9993000E-01  7.7759000E-01  5.9751000E-06  7.7755000E-01
 6.2000000E+01  7.3778000E-02 -6.3837000E-01  9.9993000E-01  7.6964000E-01  6.0677000E-06  7.6960000E-01
 6.2500000E+01  7.3320000E-02 -6.4808000E-01  9.9993000E-01  7.6148000E-01  6.1603000E-06  7.6144000E-01
 6.3000000E+01  7.2868000E-02 -6.5779000E-01  9.9993000E-01  7.5310000E-01  6.2529000E-06  7.5307000E-01
 6.3500000E+01  7.2421000E-02 -6.6749000E-01  9.9993000E-01  7.4452000E-01  6.3455000E-06  7.4449000E-01
 6.4000000E+01  7.1979000E-02 -6.7717000E-01  9.9993000E-01  7.3572000E-01  6.4379000E-06  7.3569000E-01
 6.4500000E+01  7.1544000E-02 -6.8684000E-01  9.9993000E-01  7.2671000E-01  6.5301000E-06  7.2668000E-01
 6.5000000E+01  7.1115000E-02 -6.9648000E-01  9.9993000E-01  7.1748000E-01  6.6222000E-06  7.1745000E-01
 6.5500000E+01  7.0691000E-02 -7.0608000E-01  9.9993000E-01  7.0802000E-01  6.7139000E-06  7.0799000E-01
 6.6000000E+01  7.0274000E-02 -7.1565000E-01  9.9993000E-01  6.9835000E-01  6.8052000E-06  6.9832000E-01
 6.6500000E+01  6.9863000E-02 -7.2518000E-01  9.9992000E-01  6.8845000E-01  6.8962000E-06  6.8842000E-01
 6.7000000E+01  6.9459000E-02 -7.3465000E-01  9.9992000E-01  6.7833000E-01  6.9867000E-06  6.7830000E-01
 6.7500000E+01  6.9061000E-02 -7.4407000E-01  9.9992000E-01  6.6798000E-01  7.0767000E-06  6.6795000E-01
 6.8000000E+01  6.8669000E-02 -7.5343000E-01  9.9992000E-01  6.5741000E-01  7.1661000E-06  6.5738000E-01
 6.8500000E+01  6.8285000E-02 -7.6272000E-01  9.9992000E-01  6.4661000E-01  7.2549000E-06  6.4658000E-01
 6.9000000E+01  6.7907000E-02 -7.7193000E-01  9.9992000E-01  6.3558000E-01  7.3429000E-06  6.3555000E-01
 6.9500000E+01  6.7537000E-02 -7.8106000E-01  9.9992000E-01  6.2433000E-01  7.4302000E-06  6.2430000E-01
 7.0000000E+01  6.7173000E-02 -7.9010000E-01  9.9992000E-01  6.1285000E-01  7.5166000E-06  6.1282000E-01
 7.0500000E+01  6.6817000E-02 -7.9905000E-01  9.9992000E-01  6.0114000E-01  7.6022000E-06  6.0111000E-01
 7.1000000E+01  6.6467000E-02 -8.0789000E-01  9.9992000E-01  5.8920000E-01  7.6867000E-06  5.8917000E-01
 7.1500000E+01  6.6126000E-02 -8.1662000E-01  9.9992000E-01  5.7704000E-01  7.7703000E-06  5.7701000E-01
 7.2000000E+01  6.5791000E-02 -8.2523000E-01  9.9992000E-01  5.6465000E-01  7.8527000E-06  5.6463000E-01
 7.2500000E+01  6.5464000E-02 -8.3372000E-01  9.9992000E-01  5.5204000E-01  7.9339000E-06  5.5202000E-01
 7.3000000E+01  6.5145000E-02 -8.4208000E-01  9.9992000E-01  5.3921000E-01  8.0139000E-06  5.3918000E-01
 7.3500000E+01  6.4834000E-02 -8.5029000E-01  9.9992000E-01  5.2616000E-01  8.0926000E-06  5.2613000E-01
 7.4000000E+01  6.4530000E-02 -8.5836000E-01  9.9992000E-01  5.1289000E-01  8.1698000E-06  5.1286000E-01
 7.4500000E+01  6.4234000E-02 -8.6628000E-01  9.9992000E-01  4.9940000E-01  8.2457000E-06  4.9938000E-01
 7.5000000E+01  6.3946000E-02 -8.7403000E-01  9.9992000E-01  4.8570000E-01  8.3200000E-06  4.8568000E-01
 7.5500000E+01  6.3667000E-02 -8.8162000E-01  9.9992000E-01  4.7179000E-01  8.3927000E-06  4.7177000E-01
 7.6000000E+01  6.3395000E-02 -8.8903000E-01  9.9992000E-01  4.5768000E-01  8.4637000E-06  4.5765000E-01
 7.6500000E+01  6.3131000E-02 -8.9625000E-01  9.9992000E-01  4.4336000E-01  8.5330000E-06  4.4334000E-01
 7.7000000E+01  6.2876000E-02 -9.0329000E-01  9.9992000E-01  4.2884000E-01  8.6005000E-06  4.2882000E-01
 7.7500000E+01  6.2629000E-02 -9.1013000E-01  9.9992000E-01  4.1413000E-01  8.6661000E-06  4.1411000E-01
 7.8000000E+01  6.2391000E-02 -9.1676000E-01  9.9992000E-01  3.9922000E-01  8.7298000E-06  3.9920000E-01
 7.8500000E+01  6.2160000E-02 -9.2319000E-01  9.9992000E-01  3.8413000E-01  8.7915000E-06  3.8411000E-01
 7.9000000E+01  6.1939000E-02 -9.2939000E-01  9.9992000E-01  3.6886000E-01  8.8512000E-06  3.6884000E-01
 7.9500000E+01  6.1726000E-02 -9.3538000E-01  9.9992000E-01  3.5341000E-01  8.9087000E-06  3.5340000E-01
 8.0000000E+01  6.1521000E-02 -9.4113000E-01  9.9991000E-01  3.3780000E-01  8.9640000E-06  3.3778000E-01
 8.0500000E+01  6.1325000E-02 -9.4664000E-01  9.9991000E-01  3.2202000E-01  9.0171000E-06  3.2200000E-01
 8.1000000E+01  6.1138000E-02 -9.5191000E-01  9.9991000E-01  3.0608000E-01  9.0678000E-06  3.0607000E-01
 8.1500000E+01  6.0960000E-02 -9.5694000E-01  9.9991000E-01  2.8999000E-01  9.1162000E-06  2.8998000E-01
 8.2000000E+01  6.0790000E-02 -9.6171000E-01  9.9991000E-01  2.7376000E-01  9.1622000E-06  2.7375000E-01
 8.2500000E+01  6.0629000E-02 -9.6622000E-01  9.9991000E-01  2.5739000E-01  9.2057000E-06  2.5738000E-01
 8.3000000E+01  6.0477000E-02 -9.7046000E-01  9.9991000E-01  2.4089000E-01  9.2467000E-06  2.4088000E-01
 8.3500000E+01  6.0334000E-02 -9.7444000E-01  9.9991000E-01  2.2427000E-01  9.2852000E-06  2.2426000E-01
 8.4000000E+01  6.0199000E-02 -9.7814000E-01  9.9991000E-01  2.0753000E-01  9.3210000E-06  2.0752000E-01
 8.4500000E+01  6.0074000E-02 -9.8156000E-01  9.9991000E-01  1.9069000E-01  9.3542000E-06  1.9068000E-01
 8.5000000E+01  5.9958000E-02 -9.8470000E-01  9.9991000E-01  1.7375000E-01  9.3847000E-06  1.7374000E-01
 8.5500000E+01  5.9850000E-02 -9.8756000E-01  9.9991000E-01  1.5671000E-01  9.4124000E-06  1.5670000E-01
 8.6000000E+01  5.9752000E-02 -9.9012000E-01  9.9991000E-01  1.3960000E-01  9.4375000E-06  1.3959000E-01
 8.6500000E+01  5.9662000E-02 -9.9239000E-01  9.9991000E-01  1.2241000E-01  9.4597000E-06  1.2240000E-01
 8.7000000E+01  5.9582000E-02 -9.9437000E-01  9.9991000E-01  1.0516000E-01  9.4791000E-06  1.0515000E-01
 8.7500000E+01  5.9511000E-02 -9.9605000E-01  9.9991000E-01  8.7847000E-02  9.4957000E-06  8.7842000E-02
 8.8000000E+01  5.9448000E-02 -9.9742000E-01  9.9991000E-01  7.0492000E-02  9.5094000E-06  7.0487000E-02
 8.8500000E+01  5.9395000E-02 -9.9850000E-01  9.9991000E-01  5.3099000E-02  9.5202000E-06  5.3095000E-02
 8.9000000E+01  5.9351000E-02 -9.9927000E-01  9.9991000E-01  3.5678000E-02  9.5282000E-06  3.5675000E-02
 8.9500000E+01  5.9316000E-02 -9.9975000E-01  9.9991000E-01  1.8238000E-02  9.5332000E-06  1.8235000E-02
 9.0000000E+01  5.9289000E-02 -9.9991000E-01  9.9991000E-01  7.8790000E-04  9.5354000E-06  7.8630000E-04
 9.0500000E+01  5.9272000E-02 -9.9977000E-01  9.9991000E-01 -1.6662000E-02  9.5347000E-06 -1.6663000E-02
 9.1000000E+01  5.9264000E-02 -9.9933000E-01  9.9991000E-01 -3.4104000E-02  9.5310000E-06 -3.4104000E-02
 9.1500000E+01  5.9265000E-02 -9.9858000E-01  9.9991000E-01 -5.1527000E-02  9.5245000E-06 -5.1527000E-02
 9.2000000E+01  5.9275000E-02 -9.9753000E-01  9.9991000E-01 -6.8924000E-02  9.5150000E-06 -6.8922000E-02
 9.2500000E+01  5.9294000E-02 -9.9618000E-01  9.9991000E-01 -8.6283000E-02  9.5027000E-06 -8.6281000E-02
 9.3000000E+01  5.9322000E-02 -9.9453000E-01  9.9991000E-01 -1.0360000E-01  9.4875000E-06 -1.0359000E-01
 9.3500000E+01  5.9359000E-02 -9.9258000E-01  9.9991000E-01 -1.2086000E-01  9.4695000E-06 -1.2085000E-01
 9.4000000E+01  5.9405000E-02 -9.9034000E-01  9.9991000E-01 -1.3805000E-01  9.4487000E-06 -1.3805000E-01
 9.4500000E+01  5.9459000E-02 -9.8780000E-01  9.9991000E-01 -1.5517000E-01  9.4250000E-06 -1.5517000E-01
 9.5000000E+01  5.9523000E-02 -9.8497000E-01  9.9991000E-01 -1.7222000E-01  9.3986000E-06 -1.7221000E-01
 9.5500000E+01  5.9595000E-02 -9.8185000E-01  9.9991000E-01 -1.8917000E-01  9.3694000E-06 -1.8916000E-01
 9.6000000E+01  5.9676000E-02 -9.7846000E-01  9.9991000E-01 -2.0602000E-01  9.3376000E-06 -2.0602000E-01
 9.6500000E+01  5.9766000E-02 -9.7478000E-01  9.9991000E-01 -2.2277000E-01  9.3030000E-06 -2.2276000E-01
 9.7000000E+01  5.9864000E-02 -9.7083000E-01  9.9991000E-01 -2.3941000E-01  9.2659000E-06 -2.3940000E-01
 9.7500000E+01  5.9972000E-02 -9.6661000E-01  9.9991000E-01 -2.5592000E-01  9.2261000E-06 -2.5591000E-01
 9.8000000E+01  6.0087000E-02 -9.6212000E-01  9.9991000E-01 -2.7230000E-01  9.1839000E-06 -2.7229000E-01
 9.8500000E+01  6.0212000E-02 -9.5737000E-01  9.9991000E-01 -2.8855000E-01  9.1391000E-06 -2.8854000E-01
 9.9000000E+01  6.0345000E-02 -9.5237000E-01  9.9991000E-01 -3.0465000E-01  9.0919000E-06 -3.0464000E-01
 9.9500000E+01  6.0486000E-02 -9.4712000E-01  9.9991000E-01 -3.2061000E-01  9.0423000E-06 -3.2059000E-01
 1.0000000E+02  6.0636000E-02 -9.4163000E-01  9.9991000E-01 -3.3640000E-01  8.9904000E-06 -3.3639000E-01
 1.0050000E+02  6.0794000E-02 -9.3590000E-01  9.9991000E-01 -3.5203000E-01  8.9362000E-06 -3.5202000E-01
 1.0100000E+02  6.0960000E-02 -9.2993000E-01  9.9991000E-01 -3.6750000E-01  8.8798000E-06 -3.6748000E-01
 1.0150000E+02  6.1135000E-02 -9.2374000E-01  9.9991000E-01 -3.8279000E-01  8.8212000E-06 -3.8277000E-01
 1.0200000E+02  6.1318000E-02 -9.1734000E-01  9.9991000E-01 -3.9790000E-01  8.7605000E-06 -3.9788000E-01
 1.0250000E+02  6.1509000E-02 -9.1072000E-01  9.9992000E-01 -4.1282000E-01  8.6978000E-06 -4.1280000E-01
 1.0300000E+02  6.1708000E-02 -9.0390000E-01  9.9992000E-01 -4.2755000E-01  8.6332000E-06 -4.2753000E-01
 1.0350000E+02  6.1914000E-02 -8.9688000E-01  9.9992000E-01 -4.4209000E-01  8.5666000E-06 -4.4207000E-01
 1.0400000E+02  6.2129000E-02 -8.8967000E-01  9.9992000E-01 -4.5643000E-01  8.4982000E-06 -4.5641000E-01
 1.0450000E+02  6.2352000E-02 -8.8227000E-01  9.9992000E-01 -4.7057000E-01  8.4281000E-06 -4.7055000E-01
 1.0500000E+02  6.2582000E-02 -8.7470000E-01  9.9992000E-01 -4.8450000E-01  8.3562000E-06 -4.8448000E-01
 1.0550000E+02  6.2819000E-02 -8.6696000E-01  9.9992000E-01 -4.9822000E-01  8.2828000E-06 -4.9819000E-01
 1.0600000E+02  6.3065000E-02 -8.5905000E-01  9.9992000E-01 -5.1172000E-01  8.2077000E-06 -5.1170000E-01
 1.0650000E+02  6.3318000E-02 -8.5100000E-01  9.9992000E-01 -5.2502000E-01  8.1312000E-06 -5.2499000E-01
 1.0700000E+02  6.3578000E-02 -8.4279000E-01  9.9992000E-01 -5.3809000E-01  8.0533000E-06 -5.3807000E-01
 1.0750000E+02  6.3845000E-02 -8.3444000E-01  9.9992000E-01 -5.5094000E-01  7.9740000E-06 -5.5092000E-01
 1.0800000E+02  6.4120000E-02 -8.2597000E-01  9.9992000E-01 -5.6358000E-01  7.8934000E-06 -5.6355000E-01
 1.0850000E+02  6.4401000E-02 -8.1736000E-01  9.9992000E-01 -5.7599000E-01  7.8116000E-06 -5.7596000E-01
 1.0900000E+02  6.4690000E-02 -8.0864000E-01  9.9992000E-01 -5.8817000E-01  7.7287000E-06 -5.8814000E-01
 1.0950000E+02  6.4986000E-02 -7.9980000E-01  9.9992000E-01 -6.0013000E-01  7.6447000E-06 -6.0010000E-01
 1.1000000E+02  6.5288000E-02 -7.9087000E-01  9.9992000E-01 -6.1186000E-01  7.5597000E-06 -6.1183000E-01
 1.1050000E+02  6.5597000E-02 -7.8183000E-01  9.9992000E-01 -6.2336000E-01  7.4737000E-06 -6.2334000E-01
 1.1100000E+02  6.5913000E-02 -7.7270000E-01  9.9992000E-01 -6.3464000E-01  7.3869000E-06 -6.3461000E-01
 1.1150000E+02  6.6235000E-02 -7.6350000E-01  9.9992000E-01 -6.4569000E-01  7.2993000E-06 -6.4566000E-01
 1.1200000E+02  6.6563000E-02 -7.5421000E-01  9.9992000E-01 -6.5651000E-01  7.2109000E-06 -6.5649000E-01
 1.1250000E+02  6.6898000E-02 -7.4486000E-01  9.9992000E-01 -6.6711000E-01  7.1218000E-06 -6.6708000E-01
 1.1300000E+02  6.7239000E-02 -7.3544000E-01  9.9992000E-01 -6.7748000E-01  7.0322000E-06 -6.7745000E-01
 1.1350000E+02  6.7585000E-02 -7.2596000E-01  9.9992000E-01 -6.8762000E-01  6.9420000E-06 -6.8759000E-01
 1.1400000E+02  6.7938000E-02 -7.1644000E-01  9.9992000E-01 -6.9754000E-01  6.8512000E-06 -6.9751000E-01
 1.1450000E+02  6.8297000E-02 -7.0687000E-01  9.9992000E-01 -7.0724000E-01  6.7601000E-06 -7.0721000E-01
 1.1500000E+02  6.8661000E-02 -6.9726000E-01  9.9992000E-01 -7.1671000E-01  6.6686000E-06 -7.1668000E-01
 1.1550000E+02  6.9031000E-02 -6.8762000E-01  9.9992000E-01 -7.2596000E-01  6.5767000E-06 -7.2593000E-01
 1.1600000E+02  6.9406000E-02 -6.7796000E-01  9.9993000E-01 -7.3500000E-01  6.4846000E-06 -7.3497000E-01
 1.1650000E+02  6.9787000E-02 -6.6827000E-01  9.9993000E-01 -7.4382000E-01  6.3923000E-06 -7.4378000E-01
 1.1700000E+02  7.0172000E-02 -6.5857000E-01  9.9993000E-01 -7.5242000E-01  6.2999000E-06 -7.5239000E-01
 1.1750000E+02  7.0563000E-02 -6.4886000E-01  9.9993000E-01 -7.6081000E-01  6.2073000E-06 -7.6078000E-01
 1.1800000E+02  7.0959000E-02 -6.3914000E-01  9.9993000E-01 -7.6899000E-01  6.1147000E-06 -7.6896000E-01
 1.1850000E+02  7.1359000E-02 -6.2943000E-01  9.9993000E-01 -7.7696000E-01  6.0221000E-06 -7.7693000E-01
 1.1900000E+02  7.1765000E-02 -6.1972000E-01  9.9993000E-01 -7.8473000E-01  5.9295000E-06 -7.8470000E-01
 1.1950000E+02  7.2174000E-02 -6.1002000E-01  9.9993000E-01 -7.9229000E-01  5.8370000E-06 -7.9226000E-01
 1.2000000E+02  7.2589000E-02 -6.0034000E-01  9.9993000E-01 -7.9966000E-01  5.7446000E-06 -7.9962000E-01
 1.2050000E+02  7.3007000E-02 -5.9067000E-01  9.9993000E-01 -8.0682000E-01  5.6524000E-06 -8.0679000E-01
 1.2100000E+02  7.3430000E-02 -5.8103000E-01  9.9993000E-01 -8.1379000E-01  5.5604000E-06 -8.1376000E-01
 1.2150000E+02  7.3856000E-02 -5.7142000E-01  9.9993000E-01 -8.2057000E-01  5.4687000E-06 -8.2054000E-01
 1.2200000E+02  7.4287000E-02 -5.6184000E-01  9.9993000E-01 -8.2716000E-01  5.3773000E-06 -8.2713000E-01
 1.2250000E+02  7.4721000E-02 -5.5229000E-01  9.9993000E-01 -8.3357000E-01  5.2862000E-06 -8.3353000E-01
 1.2300000E+02  7.5159000E-02 -5.4278000E-01  9.9993000E-01 -8.3979000E-01  5.1954000E-06 -8.3975000E-01
 1.2350000E+02  7.5600000E-02 -5.3332000E-01  9.9993000E-01 -8.4583000E-01  5.1051000E-06 -8.4580000E-01
 1.2400000E+02  7.6045000E-02 -5.2390000E-01  9.9993000E-01 -8.5170000E-01  5.0152000E-06 -8.5166000E-01
 1.2450000E+02  7.6492000E-02 -5.1453000E-01  9.9993000E-01 -8.5739000E-01  4.9257000E-06 -8.5736000E-01
 1.2500000E+02  7.6943000E-02 -5.0521000E-01  9.9993000E-01 -8.6292000E-01  4.8368000E-06 -8.6288000E-01
 1.2550000E+02  7.7397000E-02 -4.9595000E-01  9.9993000E-01 -8.6827000E-01  4.7483000E-06 -8.6823000E-01
 1.2600000E+02  7.7853000E-02 -4.8675000E-01  9.9993000E-01 -8.7346000E-01  4.6605000E-06 -8.7343000E-01
 1.2650000E+02  7.8312000E-02 -4.7761000E-01  9.9993000E-01 -8.7850000E-01  4.5732000E-06 -8.7846000E-01
 1.2700000E+02  7.8774000E-02 -4.6853000E-01  9.9993000E-01 -8.8337000E-01  4.4864000E-06 -8.8333000E-01
 1.2750000E+02  7.9237000E-02 -4.5952000E-01  9.9993000E-01 -8.8809000E-01  4.4004000E-06 -8.8806000E-01
 1.2800000E+02  7.9703000E-02 -4.5057000E-01  9.9993000E-01 -8.9267000E-01  4.3149000E-06 -8.9263000E-01
 1.2850000E+02  8.0171000E-02 -4.4170000E-01  9.9994000E-01 -8.9709000E-01  4.2301000E-06 -8.9705000E-01
 1.2900000E+02  8.0641000E-02 -4.3290000E-01  9.9994000E-01 -9.0137000E-01  4.1460000E-06 -9.0133000E-01
 1.2950000E+02  8.1113000E-02 -4.2418000E-01  9.9994000E-01 -9.0551000E-01  4.0626000E-06 -9.0547000E-01
 1.3000000E+02  8.1586000E-02 -4.1553000E-01  9.9994000E-01 -9.0951000E-01  3.9800000E-06 -9.0947000E-01
 1.3050000E+02  8.2061000E-02 -4.0695000E-01  9.9994000E-01 -9.1338000E-01  3.8981000E-06 -9.1334000E-01
 1.3100000E+02  8.2536000E-02 -3.9846000E-01  9.9994000E-01 -9.1712000E-01  3.8169000E-06 -9.1708000E-01
 1.3150000E+02  8.3013000E-02 -3.9005000E-01  9.9994000E-01 -9.2073000E-01  3.7365000E-06 -9.2068000E-01
 1.3200000E+02  8.3491000E-02 -3.8172000E-01  9.9994000E-01 -9.2421000E-01  3.6569000E-06 -9.2417000E-01
 1.3250000E+02  8.3970000E-02 -3.7348000E-01  9.9994000E-01 -9.2757000E-01  3.5781000E-06 -9.2753000E-01
 1.3300000E+02  8.4450000E-02 -3.6532000E-01  9.9994000E-01 -9.3082000E-01  3.5000000E-06 -9.3077000E-01
 1.3350000E+02  8.4930000E-02 -3.5725000E-01  9.9994000E-01 -9.3394000E-01  3.4229000E-06 -9.3390000E-01
 1.3400000E+02  8.5410000E-02 -3.4927000E-01  9.9994000E-01 -9.3696000E-01  3.3465000E-06 -9.3692000E-01
 1.3450000E+02  8.5891000E-02 -3.4137000E-01  9.9994000E-01 -9.3986000E-01  3.2710000E-06 -9.3982000E-01
 1.3500000E+02  8.6372000E-02 -3.3356000E-01  9.9994000E-01 -9.4266000E-01  3.1963000E-06 -9.4262000E-01
 1.3550000E+02  8.6853000E-02 -3.2585000E-01  9.9994000E-01 -9.4536000E-01  3.1225000E-06 -9.4532000E-01
 1.3600000E+02  8.7333000E-02 -3.1822000E-01  9.9994000E-01 -9.4795000E-01  3.0496000E-06 -9.4791000E-01
 1.3650000E+02  8.7813000E-02 -3.1069000E-01  9.9994000E-01 -9.5045000E-01  2.9775000E-06 -9.5041000E-01
 1.3700000E+02  8.8293000E-02 -3.0325000E-01  9.9994000E-01 -9.5285000E-01  2.9063000E-06 -9.5281000E-01
 1.3750000E+02  8.8772000E-02 -2.9590000E-01  9.9994000E-01 -9.5516000E-01  2.8360000E-06 -9.5512000E-01
 1.3800000E+02  8.9250000E-02 -2.8864000E-01  9.9994000E-01 -9.5738000E-01  2.7665000E-06 -9.5733000E-01
 1.3850000E+02  8.9728000E-02 -2.8148000E-01  9.9994000E-01 -9.5951000E-01  2.6980000E-06 -9.5946000E-01
 1.3900000E+02  9.0204000E-02 -2.7441000E-01  9.9994000E-01 -9.6155000E-01  2.6304000E-06 -9.6151000E-01
 1.3950000E+02  9.0679000E-02 -2.6744000E-01  9.9994000E-01 -9.6351000E-01  2.5636000E-06 -9.6347000E-01
 1.4000000E+02  9.1153000E-02 -2.6056000E-01  9.9994000E-01 -9.6540000E-01  2.4978000E-06 -9.6535000E-01
 1.4050000E+02  9.1625000E-02 -2.5378000E-01  9.9994000E-01 -9.6720000E-01  2.4329000E-06 -9.6716000E-01
 1.4100000E+02  9.2095000E-02 -2.4709000E-01  9.9994000E-01 -9.6893000E-01  2.3688000E-06 -9.6889000E-01
 1.4150000E+02  9.2564000E-02 -2.4050000E-01  9.9994000E-01 -9.7059000E-01  2.3057000E-06 -9.7055000E-01
 1.4200000E+02  9.3030000E-02 -2.3400000E-01  9.9994000E-01 -9.7218000E-01  2.2435000E-06 -9.7213000E-01
 1.4250000E+02  9.3495000E-02 -2.2760000E-01  9.9994000E-01 -9.7370000E-01  2.1822000E-06 -9.7365000E-01
 1.4300000E+02  9.3957000E-02 -2.2130000E-01  9.9994000E-01 -9.7515000E-01  2.1218000E-06 -9.7511000E-01
 1.4350000E+02  9.4417000E-02 -2.1508000E-01  9.9995000E-01 -9.7654000E-01  2.0623000E-06 -9.7650000E-01
 1.4400000E+02  9.4875000E-02 -2.0897000E-01  9.9995000E-01 -9.7787000E-01  2.0038000E-06 -9.7782000E-01
 1.4450000E+02  9.5330000E-02 -2.0295000E-01  9.9995000E-01 -9.7913000E-01  1.9461000E-06 -9.7909000E-01
 1.4500000E+02  9.5782000E-02 -1.9702000E-01  9.9995000E-01 -9.8034000E-01  1.8894000E-06 -9.8030000E-01
 1.4550000E+02  9.6231000E-02 -1.9119000E-01  9.9995000E-01 -9.8150000E-01  1.8335000E-06 -9.8145000E-01
 1.4600000E+02  9.6677000E-02 -1.8546000E-01  9.9995000E-01 -9.8260000E-01  1.7786000E-06 -9.8255000E-01
 1.4650000E+02  9.7120000E-02 -1.7982000E-01  9.9995000E-01 -9.8365000E-01  1.7245000E-06 -9.8360000E-01
 1.4700000E+02  9.7559000E-02 -1.7427000E-01  9.9995000E-01 -9.8464000E-01  1.6714000E-06 -9.8460000E-01
 1.4750000E+02  9.7995000E-02 -1.6882000E-01  9.9995000E-01 -9.8559000E-01  1.6192000E-06 -9.8555000E-01
 1.4800000E+02  9.8428000E-02 -1.6346000E-01  9.9995000E-01 -9.8650000E-01  1.5678000E-06 -9.8645000E-01
 1.4850000E+02  9.8857000E-02 -1.5820000E-01  9.9995000E-01 -9.8735000E-01  1.5174000E-06 -9.8731000E-01
 1.4900000E+02  9.9282000E-02 -1.5303000E-01  9.9995000E-01 -9.8817000E-01  1.4678000E-06 -9.8812000E-01
 1.4950000E+02  9.9702000E-02 -1.4795000E-01  9.9995000E-01 -9.8894000E-01  1.4191000E-06 -9.8890000E-01
 1.5000000E+02  1.0012000E-01 -1.4296000E-01  9.9995000E-01 -9.8968000E-01  1.3714000E-06 -9.8963000E-01
 1.5050000E+02  1.0053000E-01 -1.3807000E-01  9.9995000E-01 -9.9037000E-01  1.3245000E-06 -9.9033000E-01
 1.5100000E+02  1.0094000E-01 -1.3327000E-01  9.9995000E-01 -9.9103000E-01  1.2785000E-06 -9.9098000E-01
 1.5150000E+02  1.0134000E-01 -1.2856000E-01  9.9995000E-01 -9.9165000E-01  1.2333000E-06 -9.9161000E-01
 1.5200000E+02  1.0174000E-01 -1.2394000E-01  9.9995000E-01 -9.9224000E-01  1.1890000E-06 -9.9219000E-01
 1.5250000E+02  1.0214000E-01 -1.1942000E-01  9.9995000E-01 -9.9279000E-01  1.1456000E-06 -9.9275000E-01
 1.5300000E+02  1.0253000E-01 -1.1498000E-01  9.9995000E-01 -9.9332000E-01  1.1031000E-06 -9.9327000E-01
 1.5350000E+02  1.0291000E-01 -1.1063000E-01  9.9995000E-01 -9.9381000E-01  1.0615000E-06 -9.9377000E-01
 1.5400000E+02  1.0329000E-01 -1.0638000E-01  9.9995000E-01 -9.9428000E-01  1.0206000E-06 -9.9423000E-01
 1.5450000E+02  1.0366000E-01 -1.0221000E-01  9.9995000E-01 -9.9471000E-01  9.8069000E-07 -9.9467000E-01
 1.5500000E+02  1.0403000E-01 -9.8133000E-02  9.9995000E-01 -9.9512000E-01  9.4159000E-07 -9.9508000E-01
 1.5550000E+02  1.0440000E-01 -9.4144000E-02  9.9995000E-01 -9.9551000E-01  9.0334000E-07 -9.9546000E-01
 1.5600000E+02  1.0476000E-01 -9.0244000E-02  9.9995000E-01 -9.9587000E-01  8.6593000E-07 -9.9582000E-01
 1.5650000E+02  1.0511000E-01 -8.6431000E-02  9.9995000E-01 -9.9621000E-01  8.2937000E-07 -9.9616000E-01
 1.5700000E+02  1.0545000E-01 -8.2706000E-02  9.9995000E-01 -9.9652000E-01  7.9364000E-07 -9.9648000E-01
 1.5750000E+02  1.0580000E-01 -7.9067000E-02  9.9995000E-01 -9.9682000E-01  7.5874000E-07 -9.9677000E-01
 1.5800000E+02  1.0613000E-01 -7.5516000E-02  9.9995000E-01 -9.9710000E-01  7.2468000E-07 -9.9705000E-01
 1.5850000E+02  1.0646000E-01 -7.2051000E-02  9.9995000E-01 -9.9735000E-01  6.9144000E-07 -9.9731000E-01
 1.5900000E+02  1.0678000E-01 -6.8671000E-02  9.9995000E-01 -9.9759000E-01  6.5902000E-07 -9.9755000E-01
 1.5950000E+02  1.0710000E-01 -6.5377000E-02  9.9995000E-01 -9.9781000E-01  6.2743000E-07 -9.9777000E-01
 1.6000000E+02  1.0741000E-01 -6.2169000E-02  9.9995000E-01 -9.9802000E-01  5.9664000E-07 -9.9797000E-01
 1.6050000E+02  1.0771000E-01 -5.9045000E-02  9.9995000E-01 -9.9821000E-01  5.6667000E-07 -9.9816000E-01
 1.6100000E+02  1.0801000E-01 -5.6005000E-02  9.9995000E-01 -9.9838000E-01  5.3751000E-07 -9.9834000E-01
 1.6150000E+02  1.0830000E-01 -5.3049000E-02  9.9995000E-01 -9.9854000E-01  5.0915000E-07 -9.9850000E-01
 1.6200000E+02  1.0858000E-01 -5.0177000E-02  9.9995000E-01 -9.9869000E-01  4.8160000E-07 -9.9865000E-01
 1.6250000E+02  1.0886000E-01 -4.7388000E-02  9.9995000E-01 -9.9883000E-01  4.5484000E-07 -9.9878000E-01
 1.6300000E+02  1.0913000E-01 -4.4682000E-02  9.9995000E-01 -9.9895000E-01  4.2887000E-07 -9.9891000E-01
 1.6350000E+02  1.0940000E-01 -4.2059000E-02  9.9995000E-01 -9.9907000E-01  4.0370000E-07 -9.9902000E-01
 1.6400000E+02  1.0965000E-01 -3.9518000E-02  9.9995000E-01 -9.9917000E-01  3.7931000E-07 -9.9913000E-01
 1.6450000E+02  1.0990000E-01 -3.7058000E-02  9.9995000E-01 -9.9927000E-01  3.5571000E-07 -9.9922000E-01
 1.6500000E+02  1.1014000E-01 -3.4680000E-02  9.9995000E-01 -9.9935000E-01  3.3289000E-07 -9.9931000E-01
 1.6550000E+02  1.1038000E-01 -3.2384000E-02  9.9995000E-01 -9.9943000E-01  3.1085000E-07 -9.9938000E-01
 1.6600000E+02  1.1061000E-01 -3.0168000E-02  9.9995000E-01 -9.9950000E-01  2.8958000E-07 -9.9945000E-01
 1.6650000E+02  1.1083000E-01 -2.8033000E-02  9.9995000E-01 -9.9956000E-01  2.6909000E-07 -9.9951000E-01
 1.6700000E+02  1.1104000E-01 -2.5978000E-02  9.9995000E-01 -9.9962000E-01  2.4937000E-07 -9.9957000E-01
 1.6750000E+02  1.1124000E-01 -2.4003000E-02  9.9995000E-01 -9.9967000E-01  2.3042000E-07 -9.9962000E-01
 1.6800000E+02  1.1144000E-01 -2.2108000E-02  9.9995000E-01 -9.9971000E-01  2.1223000E-07 -9.9966000E-01
 1.6850000E+02  1.1163000E-01 -2.0292000E-02  9.9995000E-01 -9.9975000E-01  1.9480000E-07 -9.9970000E-01
 1.6900000E+02  1.1182000E-01 -1.8555000E-02  9.9995000E-01 -9.9978000E-01  1.7813000E-07 -9.9974000E-01
 1.6950000E+02  1.1199000E-01 -1.6898000E-02  9.9995000E-01 -9.9981000E-01  1.6222000E-07 -9.9977000E-01
 1.7000000E+02  1.1216000E-01 -1.5319000E-02  9.9995000E-01 -9.9984000E-01  1.4706000E-07 -9.9979000E-01
 1.7050000E+02  1.1232000E-01 -1.3819000E-02  9.9995000E-01 -9.9986000E-01  1.3266000E-07 -9.9981000E-01
 1.7100000E+02  1.1247000E-01 -1.2397000E-02  9.9995000E-01 -9.9988000E-01  1.1901000E-07 -9.9983000E-01
 1.7150000E+02  1.1261000E-01 -1.1053000E-02  9.9995000E-01 -9.9989000E-01  1.0611000E-07 -9.9985000E-01
 1.7200000E+02  1.1275000E-01 -9.7866000E-03  9.9995000E-01 -9.9991000E-01  9.3955000E-08 -9.9986000E-01
 1.7250000E+02  1.1287000E-01 -8.5982000E-03  9.9995000E-01 -9.9992000E-01  8.2546000E-08 -9.9987000E-01
 1.7300000E+02  1.1299000E-01 -7.4872000E-03  9.9995000E-01 -9.9993000E-01  7.1881000E-08 -9.9988000E-01
 1.7350000E+02  1.1310000E-01 -6.4536000E-03  9.9995000E-01 -9.9993000E-01  6.1959000E-08 -9.9989000E-01
 1.7400000E+02  1.1321000E-01 -5.4972000E-03  9.9995000E-01 -9.9994000E-01  5.2777000E-08 -9.9989000E-01
 1.7450000E+02  1.1330000E-01 -4.6179000E-03  9.9995000E-01 -9.9994000E-01  4.4335000E-08 -9.9990000E-01
 1.7500000E+02  1.1339000E-01 -3.8154000E-03  9.9995000E-01 -9.9995000E-01  3.6631000E-08 -9.9990000E-01
 1.7550000E+02  1.1347000E-01 -3.0897000E-03  9.9995000E-01 -9.9995000E-01  2.9664000E-08 -9.9990000E-01
 1.7600000E+02  1.1354000E-01 -2.4407000E-03  9.9995000E-01 -9.9995000E-01  2.3433000E-08 -9.9991000E-01
 1.7650000E+02  1.1360000E-01 -1.8683000E-03  9.9995000E-01 -9.9995000E-01  1.7938000E-08 -9.9991000E-01
 1.7700000E+02  1.1365000E-01 -1.3724000E-03  9.9995000E-01 -9.9995000E-01  1.3177000E-08 -9.9991000E-01
 1.7750000E+02  1.1370000E-01 -9.5294000E-04  9.9995000E-01 -9.9995000E-01  9.1492000E-09 -9.9991000E-01
 1.7800000E+02  1.1374000E-01 -6.0981000E-04  9.9995000E-01 -9.9995000E-01  5.8548000E-09 -9.9991000E-01
 1.7850000E+02  1.1377000E-01 -3.4299000E-04  9.9995000E-01 -9.9995000E-01  3.2930000E-09 -9.9991000E-01
 1.7900000E+02  1.1379000E-01 -1.5243000E-04  9.9995000E-01 -9.9995000E-01  1.4635000E-09 -9.9991000E-01
 1.7950000E+02  1.1380000E-01 -3.8106000E-05  9.9995000E-01 -9.9995000E-01  3.6585000E-10 -9.9991000E-01
 1.8000000E+02  1.1380000E-01 -3.7776000E-15  9.9995000E-01 -9.9995000E-01  3.6269000E-20 -9.9991000E-01
