length scale factor
1.8698800E-01
volume cluster radius, area mean sphere radius, circumscribing radius, cross section radius
3.7656672E+00 1.8680101E-01 1.2717131E+01 3.7656672E+00
total extinction, absorption, scattering efficiencies (unpolarized incidence)
6.5839000E+00 1.9286000E-01 6.3910000E+00
theta     11          12          22          33          34          44
0.000000 5.7400000E+00 -8.3099000E-08 9.9997000E-01 9.9997000E-01 3.6714000E-08 9.9995000E-01
0.500000 5.7314000E+00 -3.1641000E-05 9.9997000E-01 9.9997000E-01 1.3983000E-05 9.9995000E-01
1.000000 5.7055000E+00 -1.2656000E-04 9.9997000E-01 9.9997000E-01 5.5971000E-05 9.9995000E-01
1.500000 5.6627000E+00 -2.8472000E-04 9.9997000E-01 9.9997000E-01 1.2608000E-04 9.9995000E-01
2.000000 5.6031000E+00 -5.0610000E-04 9.9997000E-01 9.9997000E-01 2.2452000E-04 9.9995000E-01
2.500000 5.5274000E+00 -7.9063000E-04 9.9997000E-01 9.9997000E-01 3.5155000E-04 9.9995000E-01
3.000000 5.4362000E+00 -1.1382000E-03 9.9997000E-01 9.9997000E-01 5.0755000E-04 9.9995000E-01
3.500000 5.3302000E+00 -1.5488000E-03 9.9997000E-01 9.9997000E-01 6.9295000E-04 9.9994000E-01
4.000000 5.2102000E+00 -2.0223000E-03 9.9997000E-01 9.9997000E-01 9.0829000E-04 9.9994000E-01
4.500000 5.0773000E+00 -2.5584000E-03 9.9997000E-01 9.9997000E-01 1.1542000E-03 9.9994000E-01
5.000000 4.9324000E+00 -3.1571000E-03 9.9997000E-01 9.9996000E-01 1.4313000E-03 9.9993000E-01
5.500000 4.7768000E+00 -3.8181000E-03 9.9997000E-01 9.9996000E-01 1.7406000E-03 9.9993000E-01
6.000000 4.6116000E+00 -4.5412000E-03 9.9996000E-01 9.9995000E-01 2.0828000E-03 9.9992000E-01
6.500000 4.4380000E+00 -5.3261000E-03 9.9996000E-01 9.9994000E-01 2.4590000E-03 9.9991000E-01
7.000000 4.2574000E+00 -6.1725000E-03 9.9996000E-01 9.9994000E-01 2.8703000E-03 9.9990000E-01
7.500000 4.0710000E+00 -7.0800000E-03 9.9996000E-01 9.9993000E-01 3.3179000E-03 9.9989000E-01
8.000000 3.8802000E+00 -8.0480000E-03 9.9995000E-01 9.9991000E-01 3.8031000E-03 9.9988000E-01
8.500000 3.6862000E+00 -9.0761000E-03 9.9995000E-01 9.9990000E-01 4.3275000E-03 9.9986000E-01
9.000000 3.4903000E+00 -1.0164000E-02 9.9995000E-01 9.9988000E-01 4.8925000E-03 9.9984000E-01
9.500000 3.2938000E+00 -1.1310000E-02 9.9994000E-01 9.9986000E-01 5.4998000E-03 9.9982000E-01
10.000000 3.0978000E+00 -1.2514000E-02 9.9994000E-01 9.9984000E-01 6.1514000E-03 9.9979000E-01
10.500000 2.9036000E+00 -1.3775000E-02 9.9993000E-01 9.9981000E-01 6.8491000E-03 9.9976000E-01
11.000000 2.7121000E+00 -1.5092000E-02 9.9993000E-01 9.9978000E-01 7.5949000E-03 9.9972000E-01
11.500000 2.5245000E+00 -1.6463000E-02 9.9992000E-01 9.9975000E-01 8.3909000E-03 9.9968000E-01
12.000000 2.3415000E+00 -1.7887000E-02 9.9991000E-01 9.9971000E-01 9.2395000E-03 9.9964000E-01
12.500000 2.1640000E+00 -1.9363000E-02 9.9990000E-01 9.9966000E-01 1.0143000E-02 9.9958000E-01
13.000000 1.9928000E+00 -2.0887000E-02 9.9989000E-01 9.9961000E-01 1.1103000E-02 9.9953000E-01
13.500000 1.8285000E+00 -2.2457000E-02 9.9988000E-01 9.9955000E-01 1.2123000E-02 9.9946000E-01
14.000000 1.6716000E+00 -2.4071000E-02 9.9987000E-01 9.9948000E-01 1.3204000E-02 9.9938000E-01
14.500000 1.5225000E+00 -2.5726000E-02 9.9985000E-01 9.9941000E-01 1.4349000E-02 9.9930000E-01
15.000000 1.3816000E+00 -2.7417000E-02 9.9983000E-01 9.9933000E-01 1.5558000E-02 9.9920000E-01
15.500000 1.2492000E+00 -2.9140000E-02 9.9981000E-01 9.9924000E-01 1.6832000E-02 9.9910000E-01
16.000000 1.1253000E+00 -3.0891000E-02 9.9979000E-01 9.9913000E-01 1.8173000E-02 9.9898000E-01
16.500000 1.0101000E+00 -3.2662000E-02 9.9976000E-01 9.9902000E-01 1.9578000E-02 9.9885000E-01
17.000000 9.0345000E-01 -3.4449000E-02 9.9973000E-01 9.9889000E-01 2.1044000E-02 9.9870000E-01
17.500000 8.0533000E-01 -3.6242000E-02 9.9969000E-01 9.9875000E-01 2.2567000E-02 9.9853000E-01
18.000000 7.1554000E-01 -3.8035000E-02 9.9965000E-01 9.9859000E-01 2.4137000E-02 9.9835000E-01
18.500000 6.3386000E-01 -3.9818000E-02 9.9960000E-01 9.9842000E-01 2.5744000E-02 9.9814000E-01
19.000000 5.5999000E-01 -4.1582000E-02 9.9954000E-01 9.9823000E-01 2.7369000E-02 9.9792000E-01
19.500000 4.9359000E-01 -4.3317000E-02 9.9947000E-01 9.9803000E-01 2.8990000E-02 9.9767000E-01
20.000000 4.3429000E-01 -4.5014000E-02 9.9939000E-01 9.9780000E-01 3.0575000E-02 9.9739000E-01
20.500000 3.8167000E-01 -4.6667000E-02 9.9930000E-01 9.9755000E-01 3.2085000E-02 9.9708000E-01
21.000000 3.3530000E-01 -4.8270000E-02 9.9920000E-01 9.9729000E-01 3.3470000E-02 9.9675000E-01
21.500000 2.9473000E-01 -4.9822000E-02 9.9908000E-01 9.9700000E-01 3.4672000E-02 9.9638000E-01
22.000000 2.5951000E-01 -5.1330000E-02 9.9894000E-01 9.9669000E-01 3.5624000E-02 9.9599000E-01
22.500000 2.2915000E-01 -5.2808000E-02 9.9879000E-01 9.9636000E-01 3.6255000E-02 9.9556000E-01
23.000000 2.0321000E-01 -5.4282000E-02 9.9862000E-01 9.9602000E-01 3.6494000E-02 9.9511000E-01
23.500000 1.8123000E-01 -5.5787000E-02 9.9844000E-01 9.9566000E-01 3.6281000E-02 9.9465000E-01
24.000000 1.6277000E-01 -5.7370000E-02 9.9824000E-01 9.9530000E-01 3.5574000E-02 9.9416000E-01
24.500000 1.4740000E-01 -5.9086000E-02 9.9805000E-01 9.9493000E-01 3.4364000E-02 9.9367000E-01
25.000000 1.3474000E-01 -6.0993000E-02 9.9785000E-01 9.9456000E-01 3.2680000E-02 9.9318000E-01
25.500000 1.2439000E-01 -6.3143000E-02 9.9765000E-01 9.9419000E-01 3.0590000E-02 9.9269000E-01
26.000000 1.1601000E-01 -6.5578000E-02 9.9747000E-01 9.9383000E-01 2.8201000E-02 9.9222000E-01
26.500000 1.0928000E-01 -6.8323000E-02 9.9730000E-01 9.9347000E-01 2.5645000E-02 9.9176000E-01
27.000000 1.0391000E-01 -7.1383000E-02 9.9714000E-01 9.9312000E-01 2.3061000E-02 9.9132000E-01
27.500000 9.9619000E-02 -7.4744000E-02 9.9701000E-01 9.9276000E-01 2.0581000E-02 9.9089000E-01
28.000000 9.6186000E-02 -7.8378000E-02 9.9689000E-01 9.9240000E-01 1.8318000E-02 9.9046000E-01
28.500000 9.3402000E-02 -8.2246000E-02 9.9679000E-01 9.9203000E-01 1.6356000E-02 9.9003000E-01
29.000000 9.1090000E-02 -8.6307000E-02 9.9670000E-01 9.9165000E-01 1.4747000E-02 9.8960000E-01
29.500000 8.9099000E-02 -9.0517000E-02 9.9662000E-01 9.9124000E-01 1.3518000E-02 9.8915000E-01
30.000000 8.7305000E-02 -9.4837000E-02 9.9655000E-01 9.9081000E-01 1.2672000E-02 9.8868000E-01
30.500000 8.5605000E-02 -9.9235000E-02 9.9648000E-01 9.9035000E-01 1.2196000E-02 9.8818000E-01
31.000000 8.3921000E-02 -1.0368000E-01 9.9641000E-01 9.8986000E-01 1.2066000E-02 9.8766000E-01
31.500000 8.2191000E-02 -1.0815000E-01 9.9633000E-01 9.8933000E-01 1.2254000E-02 9.8709000E-01
32.000000 8.0373000E-02 -1.1263000E-01 9.9625000E-01 9.8876000E-01 1.2727000E-02 9.8649000E-01
32.500000 7.8439000E-02 -1.1710000E-01 9.9617000E-01 9.8816000E-01 1.3452000E-02 9.8585000E-01
33.000000 7.6375000E-02 -1.2155000E-01 9.9607000E-01 9.8752000E-01 1.4398000E-02 9.8516000E-01
33.500000 7.4177000E-02 -1.2598000E-01 9.9596000E-01 9.8684000E-01 1.5534000E-02 9.8442000E-01
34.000000 7.1851000E-02 -1.3037000E-01 9.9584000E-01 9.8612000E-01 1.6831000E-02 9.8364000E-01
34.500000 6.9409000E-02 -1.3472000E-01 9.9571000E-01 9.8535000E-01 1.8264000E-02 9.8281000E-01
35.000000 6.6868000E-02 -1.3902000E-01 9.9556000E-01 9.8454000E-01 1.9806000E-02 9.8193000E-01
35.500000 6.4252000E-02 -1.4328000E-01 9.9539000E-01 9.8369000E-01 2.1433000E-02 9.8099000E-01
36.000000 6.1584000E-02 -1.4749000E-01 9.9520000E-01 9.8279000E-01 2.3120000E-02 9.8000000E-01
36.500000 5.8888000E-02 -1.5164000E-01 9.9500000E-01 9.8185000E-01 2.4842000E-02 9.7896000E-01
37.000000 5.6191000E-02 -1.5575000E-01 9.9477000E-01 9.8086000E-01 2.6577000E-02 9.7786000E-01
37.500000 5.3517000E-02 -1.5980000E-01 9.9452000E-01 9.7982000E-01 2.8297000E-02 9.7671000E-01
38.000000 5.0889000E-02 -1.6381000E-01 9.9425000E-01 9.7874000E-01 2.9978000E-02 9.7550000E-01
38.500000 4.8327000E-02 -1.6778000E-01 9.9396000E-01 9.7761000E-01 3.1594000E-02 9.7423000E-01
39.000000 4.5850000E-02 -1.7171000E-01 9.9365000E-01 9.7643000E-01 3.3118000E-02 9.7291000E-01
39.500000 4.3473000E-02 -1.7563000E-01 9.9331000E-01 9.7520000E-01 3.4525000E-02 9.7153000E-01
40.000000 4.1209000E-02 -1.7954000E-01 9.9295000E-01 9.7392000E-01 3.5789000E-02 9.7009000E-01
40.500000 3.9067000E-02 -1.8346000E-01 9.9257000E-01 9.7259000E-01 3.6888000E-02 9.6859000E-01
41.000000 3.7054000E-02 -1.8742000E-01 9.9216000E-01 9.7121000E-01 3.7801000E-02 9.6703000E-01
41.500000 3.5173000E-02 -1.9144000E-01 9.9175000E-01 9.6978000E-01 3.8513000E-02 9.6542000E-01
42.000000 3.3427000E-02 -1.9554000E-01 9.9131000E-01 9.6829000E-01 3.9012000E-02 9.6374000E-01
42.500000 3.1814000E-02 -1.9976000E-01 9.9086000E-01 9.6674000E-01 3.9294000E-02 9.6201000E-01
43.000000 3.0331000E-02 -2.0411000E-01 9.9040000E-01 9.6513000E-01 3.9360000E-02 9.6021000E-01
43.500000 2.8972000E-02 -2.0863000E-01 9.8993000E-01 9.6346000E-01 3.9219000E-02 9.5836000E-01
44.000000 2.7733000E-02 -2.1335000E-01 9.8946000E-01 9.6172000E-01 3.8888000E-02 9.5643000E-01
44.500000 2.6605000E-02 -2.1828000E-01 9.8899000E-01 9.5991000E-01 3.8389000E-02 9.5444000E-01
45.000000 2.5579000E-02 -2.2344000E-01 9.8851000E-01 9.5802000E-01 3.7748000E-02 9.5238000E-01
45.500000 2.4648000E-02 -2.2885000E-01 9.8804000E-01 9.5606000E-01 3.6998000E-02 9.5025000E-01
46.000000 2.3802000E-02 -2.3450000E-01 9.8758000E-01 9.5401000E-01 3.6172000E-02 9.4803000E-01
46.500000 2.3032000E-02 -2.4041000E-01 9.8712000E-01 9.5187000E-01 3.5304000E-02 9.4574000E-01
47.000000 2.2328000E-02 -2.4656000E-01 9.8667000E-01 9.4964000E-01 3.4428000E-02 9.4335000E-01
47.500000 2.1683000E-02 -2.5294000E-01 9.8622000E-01 9.4731000E-01 3.3574000E-02 9.4088000E-01
48.000000 2.1088000E-02 -2.5955000E-01 9.8578000E-01 9.4488000E-01 3.2769000E-02 9.3831000E-01
48.500000 2.0535000E-02 -2.6636000E-01 9.8534000E-01 9.4234000E-01 3.2034000E-02 9.3564000E-01
49.000000 2.0018000E-02 -2.7336000E-01 9.8490000E-01 9.3970000E-01 3.1386000E-02 9.3286000E-01
49.500000 1.9530000E-02 -2.8053000E-01 9.8447000E-01 9.3694000E-01 3.0839000E-02 9.2998000E-01
50.000000 1.9066000E-02 -2.8784000E-01 9.8403000E-01 9.3407000E-01 3.0398000E-02 9.2698000E-01
50.500000 1.8621000E-02 -2.9529000E-01 9.8359000E-01 9.3108000E-01 3.0066000E-02 9.2386000E-01
51.000000 1.8192000E-02 -3.0284000E-01 9.8315000E-01 9.2797000E-01 2.9841000E-02 9.2063000E-01
51.500000 1.7774000E-02 -3.1048000E-01 9.8269000E-01 9.2474000E-01 2.9718000E-02 9.1727000E-01
52.000000 1.7366000E-02 -3.1820000E-01 9.8223000E-01 9.2139000E-01 2.9688000E-02 9.1379000E-01
52.500000 1.6966000E-02 -3.2598000E-01 9.8176000E-01 9.1791000E-01 2.9741000E-02 9.1018000E-01
53.000000 1.6572000E-02 -3.3381000E-01 9.8127000E-01 9.1430000E-01 2.9864000E-02 9.0645000E-01
53.500000 1.6184000E-02 -3.4168000E-01 9.8077000E-01 9.1057000E-01 3.0043000E-02 9.0258000E-01
54.000000 1.5800000E-02 -3.4958000E-01 9.8026000E-01 9.0671000E-01 3.0265000E-02 8.9858000E-01
54.500000 1.5421000E-02 -3.5750000E-01 9.7973000E-01 9.0273000E-01 3.0515000E-02 8.9445000E-01
55.000000 1.5048000E-02 -3.6545000E-01 9.7918000E-01 8.9861000E-01 3.0779000E-02 8.9018000E-01
55.500000 1.4679000E-02 -3.7341000E-01 9.7862000E-01 8.9436000E-01 3.1044000E-02 8.8578000E-01
56.000000 1.4317000E-02 -3.8138000E-01 9.7804000E-01 8.8998000E-01 3.1297000E-02 8.8124000E-01
56.500000 1.3961000E-02 -3.8936000E-01 9.7745000E-01 8.8547000E-01 3.1526000E-02 8.7657000E-01
57.000000 1.3612000E-02 -3.9736000E-01 9.7684000E-01 8.8082000E-01 3.1724000E-02 8.7175000E-01
57.500000 1.3270000E-02 -4.0537000E-01 9.7622000E-01 8.7604000E-01 3.1881000E-02 8.6680000E-01
58.000000 1.2937000E-02 -4.1339000E-01 9.7558000E-01 8.7112000E-01 3.1993000E-02 8.6171000E-01
58.500000 1.2612000E-02 -4.2144000E-01 9.7493000E-01 8.6606000E-01 3.2056000E-02 8.5648000E-01
59.000000 1.2296000E-02 -4.2951000E-01 9.7426000E-01 8.6086000E-01 3.2068000E-02 8.5111000E-01
59.500000 1.1990000E-02 -4.3760000E-01 9.7359000E-01 8.5552000E-01 3.2030000E-02 8.4558000E-01
60.000000 1.1693000E-02 -4.4573000E-01 9.7291000E-01 8.5003000E-01 3.1945000E-02 8.3991000E-01
60.500000 1.1406000E-02 -4.5389000E-01 9.7221000E-01 8.4438000E-01 3.1816000E-02 8.3409000E-01
61.000000 1.1129000E-02 -4.6210000E-01 9.7151000E-01 8.3859000E-01 3.1649000E-02 8.2811000E-01
61.500000 1.0862000E-02 -4.7034000E-01 9.7080000E-01 8.3263000E-01 3.1452000E-02 8.2197000E-01
62.000000 1.0603000E-02 -4.7864000E-01 9.7009000E-01 8.2650000E-01 3.1232000E-02 8.1566000E-01
62.500000 1.0354000E-02 -4.8698000E-01 9.6937000E-01 8.2021000E-01 3.0997000E-02 8.0918000E-01
63.000000 1.0114000E-02 -4.9537000E-01 9.6865000E-01 8.1373000E-01 3.0758000E-02 8.0253000E-01
63.500000 9.8819000E-03 -5.0381000E-01 9.6792000E-01 8.0708000E-01 3.0521000E-02 7.9569000E-01
64.000000 9.6579000E-03 -5.1230000E-01 9.6718000E-01 8.0023000E-01 3.0295000E-02 7.8867000E-01
64.500000 9.4414000E-03 -5.2083000E-01 9.6644000E-01 7.9319000E-01 3.0086000E-02 7.8144000E-01
65.000000 9.2320000E-03 -5.2941000E-01 9.6570000E-01 7.8594000E-01 2.9901000E-02 7.7402000E-01
65.500000 9.0291000E-03 -5.3803000E-01 9.6495000E-01 7.7848000E-01 2.9743000E-02 7.6639000E-01
66.000000 8.8324000E-03 -5.4669000E-01 9.6419000E-01 7.7081000E-01 2.9615000E-02 7.5854000E-01
66.500000 8.6415000E-03 -5.5537000E-01 9.6343000E-01 7.6292000E-01 2.9517000E-02 7.5047000E-01
67.000000 8.4559000E-03 -5.6408000E-01 9.6266000E-01 7.5480000E-01 2.9447000E-02 7.4218000E-01
67.500000 8.2753000E-03 -5.7279000E-01 9.6188000E-01 7.4645000E-01 2.9403000E-02 7.3366000E-01
68.000000 8.0995000E-03 -5.8152000E-01 9.6110000E-01 7.3786000E-01 2.9378000E-02 7.2491000E-01
68.500000 7.9281000E-03 -5.9023000E-01 9.6031000E-01 7.2904000E-01 2.9365000E-02 7.1592000E-01
69.000000 7.7610000E-03 -5.9894000E-01 9.5951000E-01 7.1998000E-01 2.9355000E-02 7.0670000E-01
69.500000 7.5979000E-03 -6.0762000E-01 9.5870000E-01 7.1068000E-01 2.9336000E-02 6.9724000E-01
70.000000 7.4389000E-03 -6.1627000E-01 9.5789000E-01 7.0114000E-01 2.9297000E-02 6.8754000E-01
70.500000 7.2838000E-03 -6.2487000E-01 9.5706000E-01 6.9137000E-01 2.9223000E-02 6.7761000E-01
71.000000 7.1325000E-03 -6.3342000E-01 9.5623000E-01 6.8135000E-01 2.9099000E-02 6.6745000E-01
71.500000 6.9852000E-03 -6.4190000E-01 9.5539000E-01 6.7111000E-01 2.8911000E-02 6.5706000E-01
72.000000 6.8418000E-03 -6.5031000E-01 9.5455000E-01 6.6063000E-01 2.8641000E-02 6.4644000E-01
72.500000 6.7024000E-03 -6.5865000E-01 9.5370000E-01 6.4994000E-01 2.8275000E-02 6.3561000E-01
73.000000 6.5671000E-03 -6.6689000E-01 9.5285000E-01 6.3903000E-01 2.7797000E-02 6.2457000E-01
73.500000 6.4360000E-03 -6.7503000E-01 9.5199000E-01 6.2792000E-01 2.7192000E-02 6.1332000E-01
74.000000 6.3090000E-03 -6.8307000E-01 9.5114000E-01 6.1661000E-01 2.6447000E-02 6.0189000E-01
74.500000 6.1865000E-03 -6.9100000E-01 9.5028000E-01 6.0511000E-01 2.5549000E-02 5.9027000E-01
75.000000 6.0683000E-03 -6.9882000E-01 9.4943000E-01 5.9343000E-01 2.4489000E-02 5.7847000E-01
75.500000 5.9547000E-03 -7.0652000E-01 9.4859000E-01 5.8158000E-01 2.3258000E-02 5.6652000E-01
76.000000 5.8457000E-03 -7.1409000E-01 9.4775000E-01 5.6958000E-01 2.1851000E-02 5.5441000E-01
76.500000 5.7413000E-03 -7.2155000E-01 9.4692000E-01 5.5743000E-01 2.0266000E-02 5.4217000E-01
77.000000 5.6417000E-03 -7.2887000E-01 9.4611000E-01 5.4514000E-01 1.8503000E-02 5.2979000E-01
77.500000 5.5467000E-03 -7.3608000E-01 9.4531000E-01 5.3273000E-01 1.6567000E-02 5.1729000E-01
78.000000 5.4565000E-03 -7.4316000E-01 9.4452000E-01 5.2020000E-01 1.4464000E-02 5.0467000E-01
78.500000 5.3710000E-03 -7.5011000E-01 9.4376000E-01 5.0756000E-01 1.2205000E-02 4.9196000E-01
79.000000 5.2901000E-03 -7.5694000E-01 9.4302000E-01 4.9482000E-01 9.8027000E-03 4.7914000E-01
79.500000 5.2138000E-03 -7.6365000E-01 9.4230000E-01 4.8198000E-01 7.2752000E-03 4.6624000E-01
80.000000 5.1420000E-03 -7.7024000E-01 9.4160000E-01 4.6905000E-01 4.6415000E-03 4.5324000E-01
80.500000 5.0746000E-03 -7.7672000E-01 9.4094000E-01 4.5603000E-01 1.9236000E-03 4.4016000E-01
81.000000 5.0115000E-03 -7.8307000E-01 9.4029000E-01 4.4293000E-01 -8.5428000E-04 4.2700000E-01
81.500000 4.9525000E-03 -7.8931000E-01 9.3968000E-01 4.2975000E-01 -3.6665000E-03 4.1375000E-01
82.000000 4.8974000E-03 -7.9543000E-01 9.3909000E-01 4.1647000E-01 -6.4863000E-03 4.0041000E-01
82.500000 4.8462000E-03 -8.0143000E-01 9.3854000E-01 4.0311000E-01 -9.2862000E-03 3.8699000E-01
83.000000 4.7985000E-03 -8.0731000E-01 9.3801000E-01 3.8966000E-01 -1.2039000E-02 3.7347000E-01
83.500000 4.7543000E-03 -8.1307000E-01 9.3751000E-01 3.7611000E-01 -1.4717000E-02 3.5986000E-01
84.000000 4.7132000E-03 -8.1870000E-01 9.3703000E-01 3.6246000E-01 -1.7295000E-02 3.4614000E-01
84.500000 4.6752000E-03 -8.2420000E-01 9.3659000E-01 3.4870000E-01 -1.9747000E-02 3.3232000E-01
85.000000 4.6400000E-03 -8.2956000E-01 9.3617000E-01 3.3482000E-01 -2.2053000E-02 3.1837000E-01
85.500000 4.6073000E-03 -8.3478000E-01 9.3577000E-01 3.2082000E-01 -2.4190000E-02 3.0430000E-01
86.000000 4.5770000E-03 -8.3985000E-01 9.3540000E-01 3.0669000E-01 -2.6141000E-02 2.9010000E-01
86.500000 4.5489000E-03 -8.4475000E-01 9.3505000E-01 2.9242000E-01 -2.7891000E-02 2.7575000E-01
87.000000 4.5227000E-03 -8.4949000E-01 9.3471000E-01 2.7800000E-01 -2.9429000E-02 2.6126000E-01
87.500000 4.4982000E-03 -8.5404000E-01 9.3440000E-01 2.6344000E-01 -3.0745000E-02 2.4662000E-01
88.000000 4.4753000E-03 -8.5839000E-01 9.3410000E-01 2.4871000E-01 -3.1833000E-02 2.3182000E-01
88.500000 4.4538000E-03 -8.6254000E-01 9.3382000E-01 2.3382000E-01 -3.2690000E-02 2.1685000E-01
89.000000 4.4334000E-03 -8.6648000E-01 9.3355000E-01 2.1875000E-01 -3.3318000E-02 2.0172000E-01
89.500000 4.4140000E-03 -8.7018000E-01 9.3329000E-01 2.0352000E-01 -3.3720000E-02 1.8642000E-01
90.000000 4.3954000E-03 -8.7364000E-01 9.3303000E-01 1.8811000E-01 -3.3901000E-02 1.7095000E-01
90.500000 4.3775000E-03 -8.7685000E-01 9.3279000E-01 1.7252000E-01 -3.3870000E-02 1.5530000E-01
91.000000 4.3602000E-03 -8.7979000E-01 9.3255000E-01 1.5676000E-01 -3.3639000E-02 1.3948000E-01
91.500000 4.3431000E-03 -8.8245000E-01 9.3232000E-01 1.4083000E-01 -3.3221000E-02 1.2350000E-01
92.000000 4.3264000E-03 -8.8482000E-01 9.3209000E-01 1.2472000E-01 -3.2630000E-02 1.0736000E-01
92.500000 4.3097000E-03 -8.8689000E-01 9.3186000E-01 1.0844000E-01 -3.1883000E-02 9.1057000E-02
93.000000 4.2931000E-03 -8.8865000E-01 9.3163000E-01 9.2012000E-02 -3.0998000E-02 7.4607000E-02
93.500000 4.2763000E-03 -8.9009000E-01 9.3139000E-01 7.5428000E-02 -2.9993000E-02 5.8017000E-02
94.000000 4.2594000E-03 -8.9121000E-01 9.3116000E-01 5.8701000E-02 -2.8887000E-02 4.1298000E-02
94.500000 4.2422000E-03 -8.9199000E-01 9.3092000E-01 4.1843000E-02 -2.7700000E-02 2.4460000E-02
95.000000 4.2247000E-03 -8.9242000E-01 9.3068000E-01 2.4867000E-02 -2.6452000E-02 7.5180000E-03
95.500000 4.2068000E-03 -8.9252000E-01 9.3044000E-01 7.7849000E-03 -2.5162000E-02 -9.5142000E-03
96.000000 4.1884000E-03 -8.9226000E-01 9.3019000E-01 -9.3871000E-03 -2.3849000E-02 -2.6621000E-02
96.500000 4.1696000E-03 -8.9166000E-01 9.2994000E-01 -2.6633000E-02 -2.2532000E-02 -4.3786000E-02
97.000000 4.1502000E-03 -8.9070000E-01 9.2969000E-01 -4.3936000E-02 -2.1228000E-02 -6.0991000E-02
97.500000 4.1303000E-03 -8.8939000E-01 9.2943000E-01 -6.1279000E-02 -1.9953000E-02 -7.8218000E-02
98.000000 4.1098000E-03 -8.8774000E-01 9.2916000E-01 -7.8641000E-02 -1.8724000E-02 -9.5449000E-02
98.500000 4.0889000E-03 -8.8574000E-01 9.2890000E-01 -9.6006000E-02 -1.7555000E-02 -1.1266000E-01
99.000000 4.0673000E-03 -8.8339000E-01 9.2864000E-01 -1.1335000E-01 -1.6458000E-02 -1.2984000E-01
99.500000 4.0453000E-03 -8.8072000E-01 9.2837000E-01 -1.3066000E-01 -1.5445000E-02 -1.4697000E-01
100.000000 4.0229000E-03 -8.7771000E-01 9.2811000E-01 -1.4791000E-01 -1.4526000E-02 -1.6402000E-01
100.500000 4.0000000E-03 -8.7438000E-01 9.2785000E-01 -1.6509000E-01 -1.3711000E-02 -1.8098000E-01
101.000000 3.9767000E-03 -8.7074000E-01 9.2760000E-01 -1.8217000E-01 -1.3004000E-02 -1.9782000E-01
101.500000 3.9532000E-03 -8.6680000E-01 9.2735000E-01 -1.9913000E-01 -1.2414000E-02 -2.1454000E-01
102.000000 3.9294000E-03 -8.6256000E-01 9.2711000E-01 -2.1597000E-01 -1.1942000E-02 -2.3111000E-01
102.500000 3.9054000E-03 -8.5804000E-01 9.2688000E-01 -2.3265000E-01 -1.1593000E-02 -2.4752000E-01
103.000000 3.8815000E-03 -8.5325000E-01 9.2667000E-01 -2.4918000E-01 -1.1368000E-02 -2.6375000E-01
103.500000 3.8575000E-03 -8.4820000E-01 9.2647000E-01 -2.6552000E-01 -1.1265000E-02 -2.7978000E-01
104.000000 3.8337000E-03 -8.4290000E-01 9.2630000E-01 -2.8167000E-01 -1.1285000E-02 -2.9562000E-01
104.500000 3.8102000E-03 -8.3737000E-01 9.2614000E-01 -2.9762000E-01 -1.1424000E-02 -3.1123000E-01
105.000000 3.7870000E-03 -8.3161000E-01 9.2600000E-01 -3.1336000E-01 -1.1679000E-02 -3.2663000E-01
105.500000 3.7644000E-03 -8.2564000E-01 9.2589000E-01 -3.2887000E-01 -1.2045000E-02 -3.4178000E-01
106.000000 3.7423000E-03 -8.1947000E-01 9.2581000E-01 -3.4416000E-01 -1.2517000E-02 -3.5670000E-01
106.500000 3.7210000E-03 -8.1311000E-01 9.2576000E-01 -3.5921000E-01 -1.3089000E-02 -3.7138000E-01
107.000000 3.7005000E-03 -8.0657000E-01 9.2574000E-01 -3.7402000E-01 -1.3753000E-02 -3.8580000E-01
107.500000 3.6810000E-03 -7.9986000E-01 9.2576000E-01 -3.8859000E-01 -1.4502000E-02 -3.9998000E-01
108.000000 3.6626000E-03 -7.9298000E-01 9.2581000E-01 -4.0291000E-01 -1.5328000E-02 -4.1390000E-01
108.500000 3.6454000E-03 -7.8595000E-01 9.2589000E-01 -4.1699000E-01 -1.6223000E-02 -4.2757000E-01
109.000000 3.6295000E-03 -7.7878000E-01 9.2602000E-01 -4.3083000E-01 -1.7178000E-02 -4.4099000E-01
109.500000 3.6149000E-03 -7.7146000E-01 9.2618000E-01 -4.4443000E-01 -1.8184000E-02 -4.5416000E-01
110.000000 3.6019000E-03 -7.6402000E-01 9.2638000E-01 -4.5779000E-01 -1.9234000E-02 -4.6708000E-01
110.500000 3.5904000E-03 -7.5645000E-01 9.2661000E-01 -4.7091000E-01 -2.0318000E-02 -4.7976000E-01
111.000000 3.5805000E-03 -7.4875000E-01 9.2689000E-01 -4.8380000E-01 -2.1429000E-02 -4.9220000E-01
111.500000 3.5724000E-03 -7.4094000E-01 9.2720000E-01 -4.9646000E-01 -2.2558000E-02 -5.0441000E-01
112.000000 3.5659000E-03 -7.3302000E-01 9.2754000E-01 -5.0889000E-01 -2.3699000E-02 -5.1638000E-01
112.500000 3.5612000E-03 -7.2500000E-01 9.2792000E-01 -5.2111000E-01 -2.4845000E-02 -5.2813000E-01
113.000000 3.5583000E-03 -7.1687000E-01 9.2833000E-01 -5.3311000E-01 -2.5990000E-02 -5.3966000E-01
113.500000 3.5572000E-03 -7.0864000E-01 9.2877000E-01 -5.4489000E-01 -2.7127000E-02 -5.5097000E-01
114.000000 3.5579000E-03 -7.0031000E-01 9.2923000E-01 -5.5647000E-01 -2.8254000E-02 -5.6206000E-01
114.500000 3.5603000E-03 -6.9190000E-01 9.2972000E-01 -5.6784000E-01 -2.9364000E-02 -5.7295000E-01
115.000000 3.5644000E-03 -6.8340000E-01 9.3024000E-01 -5.7901000E-01 -3.0455000E-02 -5.8362000E-01
115.500000 3.5703000E-03 -6.7482000E-01 9.3077000E-01 -5.8997000E-01 -3.1525000E-02 -5.9409000E-01
116.000000 3.5777000E-03 -6.6616000E-01 9.3132000E-01 -6.0074000E-01 -3.2570000E-02 -6.0435000E-01
116.500000 3.5868000E-03 -6.5744000E-01 9.3189000E-01 -6.1131000E-01 -3.3590000E-02 -6.1441000E-01
117.000000 3.5974000E-03 -6.4865000E-01 9.3246000E-01 -6.2168000E-01 -3.4583000E-02 -6.2427000E-01
117.500000 3.6094000E-03 -6.3981000E-01 9.3305000E-01 -6.3185000E-01 -3.5549000E-02 -6.3393000E-01
118.000000 3.6227000E-03 -6.3092000E-01 9.3365000E-01 -6.4183000E-01 -3.6487000E-02 -6.4339000E-01
118.500000 3.6374000E-03 -6.2198000E-01 9.3425000E-01 -6.5161000E-01 -3.7397000E-02 -6.5265000E-01
119.000000 3.6532000E-03 -6.1300000E-01 9.3486000E-01 -6.6120000E-01 -3.8280000E-02 -6.6171000E-01
119.500000 3.6701000E-03 -6.0400000E-01 9.3547000E-01 -6.7059000E-01 -3.9135000E-02 -6.7058000E-01
120.000000 3.6880000E-03 -5.9498000E-01 9.3608000E-01 -6.7979000E-01 -3.9963000E-02 -6.7926000E-01
120.500000 3.7068000E-03 -5.8594000E-01 9.3669000E-01 -6.8879000E-01 -4.0763000E-02 -6.8774000E-01
121.000000 3.7265000E-03 -5.7689000E-01 9.3731000E-01 -6.9760000E-01 -4.1536000E-02 -6.9603000E-01
121.500000 3.7469000E-03 -5.6784000E-01 9.3792000E-01 -7.0621000E-01 -4.2282000E-02 -7.0413000E-01
122.000000 3.7679000E-03 -5.5879000E-01 9.3853000E-01 -7.1463000E-01 -4.2999000E-02 -7.1205000E-01
122.500000 3.7895000E-03 -5.4976000E-01 9.3914000E-01 -7.2286000E-01 -4.3688000E-02 -7.1977000E-01
123.000000 3.8115000E-03 -5.4075000E-01 9.3975000E-01 -7.3090000E-01 -4.4347000E-02 -7.2731000E-01
123.500000 3.8340000E-03 -5.3175000E-01 9.4036000E-01 -7.3876000E-01 -4.4976000E-02 -7.3467000E-01
124.000000 3.8567000E-03 -5.2279000E-01 9.4096000E-01 -7.4642000E-01 -4.5572000E-02 -7.4185000E-01
124.500000 3.8797000E-03 -5.1386000E-01 9.4156000E-01 -7.5390000E-01 -4.6134000E-02 -7.4886000E-01
125.000000 3.9028000E-03 -5.0497000E-01 9.4216000E-01 -7.6119000E-01 -4.6661000E-02 -7.5568000E-01
125.500000 3.9260000E-03 -4.9611000E-01 9.4276000E-01 -7.6830000E-01 -4.7151000E-02 -7.6234000E-01
126.000000 3.9493000E-03 -4.8730000E-01 9.4335000E-01 -7.7523000E-01 -4.7601000E-02 -7.6883000E-01
126.500000 3.9724000E-03 -4.7854000E-01 9.4394000E-01 -7.8199000E-01 -4.8009000E-02 -7.7515000E-01
127.000000 3.9954000E-03 -4.6982000E-01 9.4452000E-01 -7.8856000E-01 -4.8375000E-02 -7.8131000E-01
127.500000 4.0182000E-03 -4.6116000E-01 9.4510000E-01 -7.9497000E-01 -4.8695000E-02 -7.8730000E-01
128.000000 4.0407000E-03 -4.5255000E-01 9.4568000E-01 -8.0120000E-01 -4.8969000E-02 -7.9314000E-01
128.500000 4.0628000E-03 -4.4400000E-01 9.4624000E-01 -8.0726000E-01 -4.9194000E-02 -7.9881000E-01
129.000000 4.0844000E-03 -4.3550000E-01 9.4680000E-01 -8.1315000E-01 -4.9370000E-02 -8.0433000E-01
129.500000 4.1056000E-03 -4.2706000E-01 9.4735000E-01 -8.1887000E-01 -4.9496000E-02 -8.0970000E-01
130.000000 4.1261000E-03 -4.1867000E-01 9.4790000E-01 -8.2443000E-01 -4.9572000E-02 -8.1491000E-01
130.500000 4.1460000E-03 -4.1035000E-01 9.4843000E-01 -8.2982000E-01 -4.9597000E-02 -8.1998000E-01
131.000000 4.1651000E-03 -4.0209000E-01 9.4895000E-01 -8.3506000E-01 -4.9571000E-02 -8.2489000E-01
131.500000 4.1834000E-03 -3.9390000E-01 9.4946000E-01 -8.4013000E-01 -4.9497000E-02 -8.2965000E-01
132.000000 4.2008000E-03 -3.8577000E-01 9.4995000E-01 -8.4505000E-01 -4.9374000E-02 -8.3427000E-01
132.500000 4.2172000E-03 -3.7770000E-01 9.5043000E-01 -8.4980000E-01 -4.9205000E-02 -8.3873000E-01
133.000000 4.2326000E-03 -3.6971000E-01 9.5089000E-01 -8.5441000E-01 -4.8991000E-02 -8.4305000E-01
133.500000 4.2470000E-03 -3.6178000E-01 9.5134000E-01 -8.5886000E-01 -4.8735000E-02 -8.4723000E-01
134.000000 4.2603000E-03 -3.5393000E-01 9.5178000E-01 -8.6316000E-01 -4.8440000E-02 -8.5126000E-01
134.500000 4.2725000E-03 -3.4615000E-01 9.5219000E-01 -8.6731000E-01 -4.8109000E-02 -8.5514000E-01
135.000000 4.2835000E-03 -3.3845000E-01 9.5259000E-01 -8.7132000E-01 -4.7745000E-02 -8.5889000E-01
135.500000 4.2934000E-03 -3.3083000E-01 9.5297000E-01 -8.7518000E-01 -4.7352000E-02 -8.6250000E-01
136.000000 4.3022000E-03 -3.2330000E-01 9.5334000E-01 -8.7890000E-01 -4.6933000E-02 -8.6596000E-01
136.500000 4.3099000E-03 -3.1585000E-01 9.5369000E-01 -8.8248000E-01 -4.6492000E-02 -8.6930000E-01
137.000000 4.3165000E-03 -3.0848000E-01 9.5402000E-01 -8.8593000E-01 -4.6034000E-02 -8.7250000E-01
137.500000 4.3222000E-03 -3.0121000E-01 9.5434000E-01 -8.8925000E-01 -4.5561000E-02 -8.7557000E-01
138.000000 4.3270000E-03 -2.9403000E-01 9.5465000E-01 -8.9244000E-01 -4.5077000E-02 -8.7851000E-01
138.500000 4.3310000E-03 -2.8695000E-01 9.5494000E-01 -8.9551000E-01 -4.4587000E-02 -8.8133000E-01
139.000000 4.3343000E-03 -2.7996000E-01 9.5523000E-01 -8.9846000E-01 -4.4092000E-02 -8.8403000E-01
139.500000 4.3371000E-03 -2.7308000E-01 9.5550000E-01 -9.0129000E-01 -4.3596000E-02 -8.8662000E-01
140.000000 4.3395000E-03 -2.6630000E-01 9.5578000E-01 -9.0402000E-01 -4.3101000E-02 -8.8910000E-01
140.500000 4.3417000E-03 -2.5962000E-01 9.5604000E-01 -9.0664000E-01 -4.2609000E-02 -8.9147000E-01
141.000000 4.3439000E-03 -2.5305000E-01 9.5631000E-01 -9.0915000E-01 -4.2123000E-02 -8.9374000E-01
141.500000 4.3462000E-03 -2.4658000E-01 9.5658000E-01 -9.1158000E-01 -4.1643000E-02 -8.9592000E-01
142.000000 4.3489000E-03 -2.4022000E-01 9.5685000E-01 -9.1391000E-01 -4.1170000E-02 -8.9800000E-01
142.500000 4.3522000E-03 -2.3396000E-01 9.5712000E-01 -9.1616000E-01 -4.0704000E-02 -9.0001000E-01
143.000000 4.3562000E-03 -2.2781000E-01 9.5740000E-01 -9.1832000E-01 -4.0245000E-02 -9.0193000E-01
143.500000 4.3611000E-03 -2.2176000E-01 9.5770000E-01 -9.2041000E-01 -3.9791000E-02 -9.0379000E-01
144.000000 4.3673000E-03 -2.1581000E-01 9.5800000E-01 -9.2243000E-01 -3.9342000E-02 -9.0558000E-01
144.500000 4.3747000E-03 -2.0996000E-01 9.5832000E-01 -9.2439000E-01 -3.8896000E-02 -9.0730000E-01
145.000000 4.3837000E-03 -2.0422000E-01 9.5865000E-01 -9.2628000E-01 -3.8450000E-02 -9.0898000E-01
145.500000 4.3943000E-03 -1.9856000E-01 9.5900000E-01 -9.2811000E-01 -3.8002000E-02 -9.1060000E-01
146.000000 4.4067000E-03 -1.9300000E-01 9.5937000E-01 -9.2989000E-01 -3.7549000E-02 -9.1217000E-01
146.500000 4.4210000E-03 -1.8753000E-01 9.5975000E-01 -9.3162000E-01 -3.7089000E-02 -9.1370000E-01
147.000000 4.4373000E-03 -1.8214000E-01 9.6015000E-01 -9.3329000E-01 -3.6617000E-02 -9.1519000E-01
147.500000 4.4557000E-03 -1.7684000E-01 9.6056000E-01 -9.3493000E-01 -3.6133000E-02 -9.1664000E-01
148.000000 4.4761000E-03 -1.7162000E-01 9.6099000E-01 -9.3651000E-01 -3.5631000E-02 -9.1806000E-01
148.500000 4.4986000E-03 -1.6647000E-01 9.6143000E-01 -9.3806000E-01 -3.5111000E-02 -9.1944000E-01
149.000000 4.5232000E-03 -1.6139000E-01 9.6188000E-01 -9.3956000E-01 -3.4569000E-02 -9.2079000E-01
149.500000 4.5497000E-03 -1.5638000E-01 9.6234000E-01 -9.4103000E-01 -3.4004000E-02 -9.2211000E-01
150.000000 4.5781000E-03 -1.5144000E-01 9.6281000E-01 -9.4245000E-01 -3.3414000E-02 -9.2339000E-01
150.500000 4.6082000E-03 -1.4657000E-01 9.6328000E-01 -9.4384000E-01 -3.2798000E-02 -9.2464000E-01
151.000000 4.6399000E-03 -1.4176000E-01 9.6375000E-01 -9.4518000E-01 -3.2155000E-02 -9.2586000E-01
151.500000 4.6729000E-03 -1.3700000E-01 9.6421000E-01 -9.4649000E-01 -3.1486000E-02 -9.2704000E-01
152.000000 4.7071000E-03 -1.3231000E-01 9.6467000E-01 -9.4775000E-01 -3.0790000E-02 -9.2818000E-01
152.500000 4.7423000E-03 -1.2768000E-01 9.6512000E-01 -9.4898000E-01 -3.0068000E-02 -9.2928000E-01
153.000000 4.7781000E-03 -1.2310000E-01 9.6556000E-01 -9.5016000E-01 -2.9323000E-02 -9.3033000E-01
153.500000 4.8143000E-03 -1.1858000E-01 9.6598000E-01 -9.5130000E-01 -2.8555000E-02 -9.3134000E-01
154.000000 4.8506000E-03 -1.1412000E-01 9.6638000E-01 -9.5239000E-01 -2.7766000E-02 -9.3230000E-01
154.500000 4.8867000E-03 -1.0972000E-01 9.6677000E-01 -9.5344000E-01 -2.6959000E-02 -9.3321000E-01
155.000000 4.9223000E-03 -1.0538000E-01 9.6712000E-01 -9.5444000E-01 -2.6136000E-02 -9.3407000E-01
155.500000 4.9572000E-03 -1.0110000E-01 9.6745000E-01 -9.5540000E-01 -2.5300000E-02 -9.3486000E-01
156.000000 4.9909000E-03 -9.6876000E-02 9.6775000E-01 -9.5631000E-01 -2.4454000E-02 -9.3560000E-01
156.500000 5.0233000E-03 -9.2721000E-02 9.6803000E-01 -9.5718000E-01 -2.3600000E-02 -9.3627000E-01
157.000000 5.0540000E-03 -8.8631000E-02 9.6827000E-01 -9.5799000E-01 -2.2741000E-02 -9.3688000E-01
157.500000 5.0829000E-03 -8.4609000E-02 9.6847000E-01 -9.5875000E-01 -2.1880000E-02 -9.3742000E-01
158.000000 5.1096000E-03 -8.0657000E-02 9.6864000E-01 -9.5947000E-01 -2.1020000E-02 -9.3789000E-01
158.500000 5.1340000E-03 -7.6776000E-02 9.6878000E-01 -9.6013000E-01 -2.0164000E-02 -9.3830000E-01
159.000000 5.1558000E-03 -7.2969000E-02 9.6888000E-01 -9.6075000E-01 -1.9313000E-02 -9.3862000E-01
159.500000 5.1750000E-03 -6.9239000E-02 9.6894000E-01 -9.6131000E-01 -1.8471000E-02 -9.3888000E-01
160.000000 5.1914000E-03 -6.5587000E-02 9.6896000E-01 -9.6182000E-01 -1.7639000E-02 -9.3906000E-01
160.500000 5.2048000E-03 -6.2017000E-02 9.6895000E-01 -9.6228000E-01 -1.6818000E-02 -9.3916000E-01
161.000000 5.2152000E-03 -5.8532000E-02 9.6890000E-01 -9.6269000E-01 -1.6012000E-02 -9.3918000E-01
161.500000 5.2227000E-03 -5.5132000E-02 9.6882000E-01 -9.6305000E-01 -1.5221000E-02 -9.3913000E-01
162.000000 5.2270000E-03 -5.1822000E-02 9.6870000E-01 -9.6336000E-01 -1.4447000E-02 -9.3900000E-01
162.500000 5.2284000E-03 -4.8604000E-02 9.6854000E-01 -9.6361000E-01 -1.3690000E-02 -9.3879000E-01
163.000000 5.2269000E-03 -4.5481000E-02 9.6835000E-01 -9.6382000E-01 -1.2952000E-02 -9.3851000E-01
163.500000 5.2224000E-03 -4.2455000E-02 9.6813000E-01 -9.6398000E-01 -1.2234000E-02 -9.3815000E-01
164.000000 5.2152000E-03 -3.9528000E-02 9.6787000E-01 -9.6408000E-01 -1.1535000E-02 -9.3771000E-01
164.500000 5.2053000E-03 -3.6703000E-02 9.6759000E-01 -9.6414000E-01 -1.0856000E-02 -9.3720000E-01
165.000000 5.1930000E-03 -3.3983000E-02 9.6727000E-01 -9.6416000E-01 -1.0198000E-02 -9.3663000E-01
165.500000 5.1783000E-03 -3.1369000E-02 9.6692000E-01 -9.6413000E-01 -9.5611000E-03 -9.3598000E-01
166.000000 5.1615000E-03 -2.8864000E-02 9.6655000E-01 -9.6405000E-01 -8.9444000E-03 -9.3527000E-01
166.500000 5.1427000E-03 -2.6470000E-02 9.6616000E-01 -9.6393000E-01 -8.3483000E-03 -9.3450000E-01
167.000000 5.1221000E-03 -2.4187000E-02 9.6575000E-01 -9.6378000E-01 -7.7727000E-03 -9.3367000E-01
167.500000 5.1001000E-03 -2.2017000E-02 9.6531000E-01 -9.6358000E-01 -7.2174000E-03 -9.3279000E-01
168.000000 5.0767000E-03 -1.9961000E-02 9.6486000E-01 -9.6335000E-01 -6.6821000E-03 -9.3185000E-01
168.500000 5.0523000E-03 -1.8020000E-02 9.6439000E-01 -9.6309000E-01 -6.1668000E-03 -9.3088000E-01
169.000000 5.0270000E-03 -1.6194000E-02 9.6392000E-01 -9.6280000E-01 -5.6712000E-03 -9.2987000E-01
169.500000 5.0010000E-03 -1.4481000E-02 9.6343000E-01 -9.6248000E-01 -5.1951000E-03 -9.2883000E-01
170.000000 4.9747000E-03 -1.2882000E-02 9.6294000E-01 -9.6214000E-01 -4.7384000E-03 -9.2776000E-01
170.500000 4.9482000E-03 -1.1395000E-02 9.6244000E-01 -9.6178000E-01 -4.3010000E-03 -9.2668000E-01
171.000000 4.9217000E-03 -1.0018000E-02 9.6195000E-01 -9.6140000E-01 -3.8829000E-03 -9.2559000E-01
171.500000 4.8954000E-03 -8.7497000E-03 9.6146000E-01 -9.6101000E-01 -3.4843000E-03 -9.2449000E-01
172.000000 4.8695000E-03 -7.5862000E-03 9.6097000E-01 -9.6061000E-01 -3.1051000E-03 -9.2341000E-01
172.500000 4.8443000E-03 -6.5247000E-03 9.6050000E-01 -9.6022000E-01 -2.7456000E-03 -9.2233000E-01
173.000000 4.8198000E-03 -5.5615000E-03 9.6003000E-01 -9.5982000E-01 -2.4060000E-03 -9.2128000E-01
173.500000 4.7963000E-03 -4.6928000E-03 9.5959000E-01 -9.5942000E-01 -2.0868000E-03 -9.2026000E-01
174.000000 4.7739000E-03 -3.9142000E-03 9.5916000E-01 -9.5904000E-01 -1.7883000E-03 -9.1927000E-01
174.500000 4.7528000E-03 -3.2211000E-03 9.5875000E-01 -9.5867000E-01 -1.5109000E-03 -9.1833000E-01
175.000000 4.7331000E-03 -2.6090000E-03 9.5837000E-01 -9.5831000E-01 -1.2553000E-03 -9.1745000E-01
175.500000 4.7148000E-03 -2.0731000E-03 9.5802000E-01 -9.5798000E-01 -1.0218000E-03 -9.1662000E-01
176.000000 4.6982000E-03 -1.6087000E-03 9.5770000E-01 -9.5767000E-01 -8.1099000E-04 -9.1586000E-01
176.500000 4.6834000E-03 -1.2113000E-03 9.5740000E-01 -9.5739000E-01 -6.2348000E-04 -9.1518000E-01
177.000000 4.6703000E-03 -8.7674000E-04 9.5715000E-01 -9.5714000E-01 -4.5975000E-04 -9.1457000E-01
177.500000 4.6591000E-03 -6.0091000E-04 9.5693000E-01 -9.5692000E-01 -3.2028000E-04 -9.1405000E-01
178.000000 4.6499000E-03 -3.8036000E-04 9.5674000E-01 -9.5674000E-01 -2.0552000E-04 -9.1361000E-01
178.500000 4.6426000E-03 -2.1208000E-04 9.5660000E-01 -9.5660000E-01 -1.1585000E-04 -9.1327000E-01
179.000000 4.6374000E-03 -9.3657000E-05 9.5650000E-01 -9.5650000E-01 -5.1565000E-05 -9.1303000E-01
179.500000 4.6343000E-03 -2.3323000E-05 9.5643000E-01 -9.5643000E-01 -1.2903000E-05 -9.1288000E-01
180.000000 4.6333000E-03 -2.3092000E-15 9.5641000E-01 -9.5641000E-01 -1.2795000E-15 -9.1283000E-01
