length scale factor
8.3106000E-04
volume cluster radius, area mean sphere radius, circumscribing radius, cross section radius
1.6736438E-02 8.3022894E-04 2.6447350E-01 1.6736438E-02
total extinction, absorption, scattering efficiencies (unpolarized incidence)
1.6236000E-04 1.6223000E-04 1.2397000E-07
theta     11          12          22          33          34          44
 0.0000000E+00  2.3679000E-01  0.0000000E+00  9.9984000E-01  9.9984000E-01  0.0000000E+00  9.9967000E-01
 5.0000000E-01  2.3679000E-01 -3.8072000E-05  9.9984000E-01  9.9984000E-01 -5.1502000E-12  9.9967000E-01
 1.0000000E+00  2.3676000E-01 -1.5229000E-04  9.9984000E-01  9.9983000E-01 -2.0602000E-11  9.9967000E-01
 1.5000000E+00  2.3671000E-01 -3.4268000E-04  9.9983000E-01  9.9983000E-01 -4.6357000E-11  9.9967000E-01
 2.0000000E+00  2.3665000E-01 -6.0927000E-04  9.9983000E-01  9.9983000E-01 -8.2420000E-11  9.9967000E-01
 2.5000000E+00  2.3657000E-01 -9.5209000E-04  9.9983000E-01  9.9983000E-01 -1.2880000E-10  9.9967000E-01
 3.0000000E+00  2.3647000E-01 -1.3712000E-03  9.9983000E-01  9.9983000E-01 -1.8549000E-10  9.9967000E-01
 3.5000000E+00  2.3635000E-01 -1.8667000E-03  9.9983000E-01  9.9983000E-01 -2.5252000E-10  9.9967000E-01
 4.0000000E+00  2.3622000E-01 -2.4386000E-03  9.9983000E-01  9.9983000E-01 -3.2988000E-10  9.9967000E-01
 4.5000000E+00  2.3606000E-01 -3.0870000E-03  9.9983000E-01  9.9983000E-01 -4.1759000E-10  9.9966000E-01
 5.0000000E+00  2.3589000E-01 -3.8120000E-03  9.9983000E-01  9.9983000E-01 -5.1567000E-10  9.9966000E-01
 5.5000000E+00  2.3570000E-01 -4.6137000E-03  9.9983000E-01  9.9982000E-01 -6.2413000E-10  9.9966000E-01
 6.0000000E+00  2.3549000E-01 -5.4923000E-03  9.9983000E-01  9.9982000E-01 -7.4298000E-10  9.9965000E-01
 6.5000000E+00  2.3527000E-01 -6.4479000E-03  9.9983000E-01  9.9981000E-01 -8.7225000E-10  9.9965000E-01
 7.0000000E+00  2.3503000E-01 -7.4805000E-03  9.9983000E-01  9.9981000E-01 -1.0119000E-09  9.9964000E-01
 7.5000000E+00  2.3477000E-01 -8.5905000E-03  9.9983000E-01  9.9980000E-01 -1.1621000E-09  9.9963000E-01
 8.0000000E+00  2.3449000E-01 -9.7778000E-03  9.9983000E-01  9.9979000E-01 -1.3227000E-09  9.9962000E-01
 8.5000000E+00  2.3419000E-01 -1.1043000E-02  9.9983000E-01  9.9977000E-01 -1.4938000E-09  9.9961000E-01
 9.0000000E+00  2.3388000E-01 -1.2386000E-02  9.9983000E-01  9.9976000E-01 -1.6755000E-09  9.9959000E-01
 9.5000000E+00  2.3355000E-01 -1.3806000E-02  9.9983000E-01  9.9974000E-01 -1.8677000E-09  9.9957000E-01
 1.0000000E+01  2.3321000E-01 -1.5305000E-02  9.9983000E-01  9.9972000E-01 -2.0705000E-09  9.9955000E-01
 1.0500000E+01  2.3284000E-01 -1.6883000E-02  9.9983000E-01  9.9969000E-01 -2.2839000E-09  9.9952000E-01
 1.1000000E+01  2.3246000E-01 -1.8539000E-02  9.9983000E-01  9.9966000E-01 -2.5079000E-09  9.9949000E-01
 1.1500000E+01  2.3206000E-01 -2.0274000E-02  9.9983000E-01  9.9963000E-01 -2.7426000E-09  9.9946000E-01
 1.2000000E+01  2.3165000E-01 -2.2088000E-02  9.9983000E-01  9.9959000E-01 -2.9880000E-09  9.9942000E-01
 1.2500000E+01  2.3122000E-01 -2.3981000E-02  9.9983000E-01  9.9954000E-01 -3.2442000E-09  9.9938000E-01
 1.3000000E+01  2.3077000E-01 -2.5954000E-02  9.9983000E-01  9.9949000E-01 -3.5111000E-09  9.9933000E-01
 1.3500000E+01  2.3031000E-01 -2.8007000E-02  9.9983000E-01  9.9944000E-01 -3.7889000E-09  9.9927000E-01
 1.4000000E+01  2.2983000E-01 -3.0141000E-02  9.9983000E-01  9.9938000E-01 -4.0775000E-09  9.9921000E-01
 1.4500000E+01  2.2933000E-01 -3.2354000E-02  9.9983000E-01  9.9931000E-01 -4.3769000E-09  9.9914000E-01
 1.5000000E+01  2.2882000E-01 -3.4649000E-02  9.9983000E-01  9.9923000E-01 -4.6874000E-09  9.9906000E-01
 1.5500000E+01  2.2830000E-01 -3.7025000E-02  9.9983000E-01  9.9914000E-01 -5.0088000E-09  9.9898000E-01
 1.6000000E+01  2.2775000E-01 -3.9482000E-02  9.9983000E-01  9.9905000E-01 -5.3412000E-09  9.9888000E-01
 1.6500000E+01  2.2720000E-01 -4.2021000E-02  9.9983000E-01  9.9894000E-01 -5.6847000E-09  9.9878000E-01
 1.7000000E+01  2.2662000E-01 -4.4642000E-02  9.9983000E-01  9.9883000E-01 -6.0393000E-09  9.9866000E-01
 1.7500000E+01  2.2603000E-01 -4.7346000E-02  9.9983000E-01  9.9870000E-01 -6.4051000E-09  9.9854000E-01
 1.8000000E+01  2.2543000E-01 -5.0132000E-02  9.9983000E-01  9.9857000E-01 -6.7820000E-09  9.9840000E-01
 1.8500000E+01  2.2481000E-01 -5.3001000E-02  9.9983000E-01  9.9842000E-01 -7.1703000E-09  9.9825000E-01
 1.9000000E+01  2.2418000E-01 -5.5954000E-02  9.9982000E-01  9.9826000E-01 -7.5698000E-09  9.9809000E-01
 1.9500000E+01  2.2354000E-01 -5.8991000E-02  9.9982000E-01  9.9808000E-01 -7.9807000E-09  9.9792000E-01
 2.0000000E+01  2.2288000E-01 -6.2113000E-02  9.9982000E-01  9.9789000E-01 -8.4029000E-09  9.9773000E-01
 2.0500000E+01  2.2220000E-01 -6.5318000E-02  9.9982000E-01  9.9769000E-01 -8.8367000E-09  9.9752000E-01
 2.1000000E+01  2.2151000E-01 -6.8609000E-02  9.9982000E-01  9.9747000E-01 -9.2819000E-09  9.9730000E-01
 2.1500000E+01  2.2081000E-01 -7.1986000E-02  9.9982000E-01  9.9723000E-01 -9.7387000E-09  9.9706000E-01
 2.2000000E+01  2.2010000E-01 -7.5448000E-02  9.9982000E-01  9.9697000E-01 -1.0207000E-08  9.9681000E-01
 2.2500000E+01  2.1937000E-01 -7.8996000E-02  9.9982000E-01  9.9669000E-01 -1.0687000E-08  9.9653000E-01
 2.3000000E+01  2.1863000E-01 -8.2631000E-02  9.9982000E-01  9.9640000E-01 -1.1179000E-08  9.9623000E-01
 2.3500000E+01  2.1788000E-01 -8.6353000E-02  9.9982000E-01  9.9608000E-01 -1.1683000E-08  9.9592000E-01
 2.4000000E+01  2.1711000E-01 -9.0162000E-02  9.9982000E-01  9.9574000E-01 -1.2198000E-08  9.9558000E-01
 2.4500000E+01  2.1633000E-01 -9.4059000E-02  9.9982000E-01  9.9538000E-01 -1.2725000E-08  9.9522000E-01
 2.5000000E+01  2.1554000E-01 -9.8044000E-02  9.9982000E-01  9.9500000E-01 -1.3264000E-08  9.9483000E-01
 2.5500000E+01  2.1474000E-01 -1.0212000E-01  9.9982000E-01  9.9459000E-01 -1.3816000E-08  9.9442000E-01
 2.6000000E+01  2.1393000E-01 -1.0628000E-01  9.9982000E-01  9.9415000E-01 -1.4379000E-08  9.9399000E-01
 2.6500000E+01  2.1311000E-01 -1.1053000E-01  9.9981000E-01  9.9369000E-01 -1.4954000E-08  9.9352000E-01
 2.7000000E+01  2.1227000E-01 -1.1487000E-01  9.9981000E-01  9.9319000E-01 -1.5542000E-08  9.9303000E-01
 2.7500000E+01  2.1143000E-01 -1.1931000E-01  9.9981000E-01  9.9267000E-01 -1.6141000E-08  9.9251000E-01
 2.8000000E+01  2.1057000E-01 -1.2383000E-01  9.9981000E-01  9.9211000E-01 -1.6753000E-08  9.9195000E-01
 2.8500000E+01  2.0971000E-01 -1.2844000E-01  9.9981000E-01  9.9153000E-01 -1.7378000E-08  9.9136000E-01
 2.9000000E+01  2.0883000E-01 -1.3315000E-01  9.9981000E-01  9.9090000E-01 -1.8014000E-08  9.9074000E-01
 2.9500000E+01  2.0795000E-01 -1.3794000E-01  9.9981000E-01  9.9025000E-01 -1.8663000E-08  9.9008000E-01
 3.0000000E+01  2.0705000E-01 -1.4283000E-01  9.9981000E-01  9.8955000E-01 -1.9325000E-08  9.8939000E-01
 3.0500000E+01  2.0615000E-01 -1.4781000E-01  9.9981000E-01  9.8882000E-01 -1.9999000E-08  9.8866000E-01
 3.1000000E+01  2.0524000E-01 -1.5289000E-01  9.9981000E-01  9.8805000E-01 -2.0685000E-08  9.8788000E-01
 3.1500000E+01  2.0432000E-01 -1.5805000E-01  9.9981000E-01  9.8723000E-01 -2.1384000E-08  9.8707000E-01
 3.2000000E+01  2.0339000E-01 -1.6331000E-01  9.9980000E-01  9.8638000E-01 -2.2096000E-08  9.8621000E-01
 3.2500000E+01  2.0245000E-01 -1.6867000E-01  9.9980000E-01  9.8547000E-01 -2.2821000E-08  9.8531000E-01
 3.3000000E+01  2.0151000E-01 -1.7411000E-01  9.9980000E-01  9.8453000E-01 -2.3558000E-08  9.8436000E-01
 3.3500000E+01  2.0055000E-01 -1.7965000E-01  9.9980000E-01  9.8353000E-01 -2.4308000E-08  9.8337000E-01
 3.4000000E+01  1.9960000E-01 -1.8529000E-01  9.9980000E-01  9.8248000E-01 -2.5070000E-08  9.8232000E-01
 3.4500000E+01  1.9863000E-01 -1.9102000E-01  9.9980000E-01  9.8138000E-01 -2.5846000E-08  9.8122000E-01
 3.5000000E+01  1.9766000E-01 -1.9684000E-01  9.9980000E-01  9.8023000E-01 -2.6634000E-08  9.8007000E-01
 3.5500000E+01  1.9668000E-01 -2.0276000E-01  9.9980000E-01  9.7902000E-01 -2.7435000E-08  9.7886000E-01
 3.6000000E+01  1.9570000E-01 -2.0878000E-01  9.9980000E-01  9.7775000E-01 -2.8249000E-08  9.7759000E-01
 3.6500000E+01  1.9471000E-01 -2.1489000E-01  9.9980000E-01  9.7643000E-01 -2.9076000E-08  9.7627000E-01
 3.7000000E+01  1.9371000E-01 -2.2110000E-01  9.9979000E-01  9.7504000E-01 -2.9916000E-08  9.7488000E-01
 3.7500000E+01  1.9271000E-01 -2.2740000E-01  9.9979000E-01  9.7359000E-01 -3.0769000E-08  9.7343000E-01
 3.8000000E+01  1.9171000E-01 -2.3379000E-01  9.9979000E-01  9.7207000E-01 -3.1634000E-08  9.7191000E-01
 3.8500000E+01  1.9070000E-01 -2.4028000E-01  9.9979000E-01  9.7049000E-01 -3.2513000E-08  9.7033000E-01
 3.9000000E+01  1.8969000E-01 -2.4687000E-01  9.9979000E-01  9.6883000E-01 -3.3404000E-08  9.6867000E-01
 3.9500000E+01  1.8867000E-01 -2.5355000E-01  9.9979000E-01  9.6710000E-01 -3.4309000E-08  9.6694000E-01
 4.0000000E+01  1.8765000E-01 -2.6033000E-01  9.9979000E-01  9.6530000E-01 -3.5226000E-08  9.6514000E-01
 4.0500000E+01  1.8663000E-01 -2.6720000E-01  9.9979000E-01  9.6342000E-01 -3.6156000E-08  9.6326000E-01
 4.1000000E+01  1.8560000E-01 -2.7417000E-01  9.9978000E-01  9.6146000E-01 -3.7099000E-08  9.6130000E-01
 4.1500000E+01  1.8457000E-01 -2.8123000E-01  9.9978000E-01  9.5941000E-01 -3.8054000E-08  9.5926000E-01
 4.2000000E+01  1.8354000E-01 -2.8838000E-01  9.9978000E-01  9.5729000E-01 -3.9023000E-08  9.5713000E-01
 4.2500000E+01  1.8251000E-01 -2.9563000E-01  9.9978000E-01  9.5507000E-01 -4.0004000E-08  9.5491000E-01
 4.3000000E+01  1.8147000E-01 -3.0297000E-01  9.9978000E-01  9.5277000E-01 -4.0998000E-08  9.5261000E-01
 4.3500000E+01  1.8044000E-01 -3.1041000E-01  9.9978000E-01  9.5037000E-01 -4.2004000E-08  9.5021000E-01
 4.4000000E+01  1.7940000E-01 -3.1794000E-01  9.9978000E-01  9.4788000E-01 -4.3023000E-08  9.4772000E-01
 4.4500000E+01  1.7837000E-01 -3.2555000E-01  9.9977000E-01  9.4528000E-01 -4.4054000E-08  9.4513000E-01
 4.5000000E+01  1.7733000E-01 -3.3326000E-01  9.9977000E-01  9.4259000E-01 -4.5098000E-08  9.4244000E-01
 4.5500000E+01  1.7629000E-01 -3.4106000E-01  9.9977000E-01  9.3980000E-01 -4.6154000E-08  9.3964000E-01
 4.6000000E+01  1.7525000E-01 -3.4895000E-01  9.9977000E-01  9.3689000E-01 -4.7222000E-08  9.3674000E-01
 4.6500000E+01  1.7422000E-01 -3.5693000E-01  9.9977000E-01  9.3388000E-01 -4.8302000E-08  9.3373000E-01
 4.7000000E+01  1.7318000E-01 -3.6500000E-01  9.9977000E-01  9.3076000E-01 -4.9393000E-08  9.3060000E-01
 4.7500000E+01  1.7215000E-01 -3.7315000E-01  9.9977000E-01  9.2752000E-01 -5.0497000E-08  9.2737000E-01
 4.8000000E+01  1.7112000E-01 -3.8138000E-01  9.9976000E-01  9.2416000E-01 -5.1612000E-08  9.2401000E-01
 4.8500000E+01  1.7009000E-01 -3.8971000E-01  9.9976000E-01  9.2068000E-01 -5.2738000E-08  9.2053000E-01
 4.9000000E+01  1.6906000E-01 -3.9811000E-01  9.9976000E-01  9.1708000E-01 -5.3876000E-08  9.1692000E-01
 4.9500000E+01  1.6803000E-01 -4.0659000E-01  9.9976000E-01  9.1334000E-01 -5.5025000E-08  9.1319000E-01
 5.0000000E+01  1.6701000E-01 -4.1516000E-01  9.9976000E-01  9.0948000E-01 -5.6184000E-08  9.0933000E-01
 5.0500000E+01  1.6599000E-01 -4.2380000E-01  9.9976000E-01  9.0548000E-01 -5.7354000E-08  9.0533000E-01
 5.1000000E+01  1.6497000E-01 -4.3252000E-01  9.9975000E-01  9.0135000E-01 -5.8535000E-08  9.0120000E-01
 5.1500000E+01  1.6396000E-01 -4.4131000E-01  9.9975000E-01  8.9708000E-01 -5.9725000E-08  8.9693000E-01
 5.2000000E+01  1.6295000E-01 -4.5018000E-01  9.9975000E-01  8.9266000E-01 -6.0926000E-08  8.9251000E-01
 5.2500000E+01  1.6195000E-01 -4.5912000E-01  9.9975000E-01  8.8809000E-01 -6.2136000E-08  8.8794000E-01
 5.3000000E+01  1.6095000E-01 -4.6812000E-01  9.9975000E-01  8.8338000E-01 -6.3355000E-08  8.8323000E-01
 5.3500000E+01  1.5995000E-01 -4.7719000E-01  9.9975000E-01  8.7851000E-01 -6.4583000E-08  8.7836000E-01
 5.4000000E+01  1.5897000E-01 -4.8633000E-01  9.9974000E-01  8.7348000E-01 -6.5820000E-08  8.7334000E-01
 5.4500000E+01  1.5798000E-01 -4.9553000E-01  9.9974000E-01  8.6829000E-01 -6.7065000E-08  8.6815000E-01
 5.5000000E+01  1.5700000E-01 -5.0478000E-01  9.9974000E-01  8.6295000E-01 -6.8318000E-08  8.6280000E-01
 5.5500000E+01  1.5603000E-01 -5.1409000E-01  9.9974000E-01  8.5743000E-01 -6.9579000E-08  8.5729000E-01
 5.6000000E+01  1.5507000E-01 -5.2345000E-01  9.9974000E-01  8.5174000E-01 -7.0847000E-08  8.5160000E-01
 5.6500000E+01  1.5411000E-01 -5.3286000E-01  9.9974000E-01  8.4589000E-01 -7.2121000E-08  8.4575000E-01
 5.7000000E+01  1.5316000E-01 -5.4232000E-01  9.9973000E-01  8.3985000E-01 -7.3402000E-08  8.3971000E-01
 5.7500000E+01  1.5222000E-01 -5.5182000E-01  9.9973000E-01  8.3364000E-01 -7.4688000E-08  8.3350000E-01
 5.8000000E+01  1.5128000E-01 -5.6136000E-01  9.9973000E-01  8.2724000E-01 -7.5980000E-08  8.2710000E-01
 5.8500000E+01  1.5035000E-01 -5.7094000E-01  9.9973000E-01  8.2066000E-01 -7.7277000E-08  8.2052000E-01
 5.9000000E+01  1.4943000E-01 -5.8055000E-01  9.9973000E-01  8.1389000E-01 -7.8578000E-08  8.1375000E-01
 5.9500000E+01  1.4852000E-01 -5.9018000E-01  9.9973000E-01  8.0692000E-01 -7.9883000E-08  8.0679000E-01
 6.0000000E+01  1.4762000E-01 -5.9984000E-01  9.9972000E-01  7.9977000E-01 -8.1191000E-08  7.9964000E-01
 6.0500000E+01  1.4672000E-01 -6.0952000E-01  9.9972000E-01  7.9241000E-01 -8.2502000E-08  7.9228000E-01
 6.1000000E+01  1.4584000E-01 -6.1922000E-01  9.9972000E-01  7.8486000E-01 -8.3815000E-08  7.8473000E-01
 6.1500000E+01  1.4496000E-01 -6.2892000E-01  9.9972000E-01  7.7710000E-01 -8.5129000E-08  7.7697000E-01
 6.2000000E+01  1.4410000E-01 -6.3863000E-01  9.9972000E-01  7.6914000E-01 -8.6444000E-08  7.6901000E-01
 6.2500000E+01  1.4324000E-01 -6.4834000E-01  9.9971000E-01  7.6097000E-01 -8.7760000E-08  7.6084000E-01
 6.3000000E+01  1.4240000E-01 -6.5805000E-01  9.9971000E-01  7.5259000E-01 -8.9074000E-08  7.5247000E-01
 6.3500000E+01  1.4157000E-01 -6.6774000E-01  9.9971000E-01  7.4400000E-01 -9.0388000E-08  7.4387000E-01
 6.4000000E+01  1.4074000E-01 -6.7743000E-01  9.9971000E-01  7.3519000E-01 -9.1699000E-08  7.3507000E-01
 6.4500000E+01  1.3993000E-01 -6.8709000E-01  9.9971000E-01  7.2617000E-01 -9.3008000E-08  7.2605000E-01
 6.5000000E+01  1.3913000E-01 -6.9672000E-01  9.9971000E-01  7.1692000E-01 -9.4313000E-08  7.1680000E-01
 6.5500000E+01  1.3834000E-01 -7.0633000E-01  9.9970000E-01  7.0746000E-01 -9.5614000E-08  7.0734000E-01
 6.6000000E+01  1.3757000E-01 -7.1589000E-01  9.9970000E-01  6.9778000E-01 -9.6910000E-08  6.9766000E-01
 6.6500000E+01  1.3680000E-01 -7.2542000E-01  9.9970000E-01  6.8787000E-01 -9.8200000E-08  6.8775000E-01
 6.7000000E+01  1.3605000E-01 -7.3489000E-01  9.9970000E-01  6.7774000E-01 -9.9483000E-08  6.7762000E-01
 6.7500000E+01  1.3531000E-01 -7.4430000E-01  9.9970000E-01  6.6738000E-01 -1.0076000E-07  6.6727000E-01
 6.8000000E+01  1.3458000E-01 -7.5366000E-01  9.9970000E-01  6.5680000E-01 -1.0203000E-07  6.5669000E-01
 6.8500000E+01  1.3387000E-01 -7.6294000E-01  9.9969000E-01  6.4599000E-01 -1.0328000E-07  6.4588000E-01
 6.9000000E+01  1.3316000E-01 -7.7215000E-01  9.9969000E-01  6.3495000E-01 -1.0453000E-07  6.3484000E-01
 6.9500000E+01  1.3248000E-01 -7.8127000E-01  9.9969000E-01  6.2368000E-01 -1.0577000E-07  6.2358000E-01
 7.0000000E+01  1.3180000E-01 -7.9031000E-01  9.9969000E-01  6.1219000E-01 -1.0699000E-07  6.1209000E-01
 7.0500000E+01  1.3114000E-01 -7.9925000E-01  9.9969000E-01  6.0047000E-01 -1.0820000E-07  6.0037000E-01
 7.1000000E+01  1.3049000E-01 -8.0808000E-01  9.9969000E-01  5.8853000E-01 -1.0940000E-07  5.8843000E-01
 7.1500000E+01  1.2986000E-01 -8.1680000E-01  9.9968000E-01  5.7636000E-01 -1.1058000E-07  5.7626000E-01
 7.2000000E+01  1.2924000E-01 -8.2541000E-01  9.9968000E-01  5.6396000E-01 -1.1175000E-07  5.6387000E-01
 7.2500000E+01  1.2864000E-01 -8.3389000E-01  9.9968000E-01  5.5134000E-01 -1.1290000E-07  5.5125000E-01
 7.3000000E+01  1.2805000E-01 -8.4224000E-01  9.9968000E-01  5.3850000E-01 -1.1403000E-07  5.3841000E-01
 7.3500000E+01  1.2748000E-01 -8.5044000E-01  9.9968000E-01  5.2544000E-01 -1.1514000E-07  5.2535000E-01
 7.4000000E+01  1.2692000E-01 -8.5850000E-01  9.9968000E-01  5.1216000E-01 -1.1623000E-07  5.1207000E-01
 7.4500000E+01  1.2638000E-01 -8.6641000E-01  9.9967000E-01  4.9866000E-01 -1.1730000E-07  4.9858000E-01
 7.5000000E+01  1.2585000E-01 -8.7416000E-01  9.9967000E-01  4.8496000E-01 -1.1835000E-07  4.8488000E-01
 7.5500000E+01  1.2534000E-01 -8.8173000E-01  9.9967000E-01  4.7104000E-01 -1.1938000E-07  4.7096000E-01
 7.6000000E+01  1.2484000E-01 -8.8913000E-01  9.9967000E-01  4.5691000E-01 -1.2038000E-07  4.5684000E-01
 7.6500000E+01  1.2436000E-01 -8.9635000E-01  9.9967000E-01  4.4259000E-01 -1.2136000E-07  4.4252000E-01
 7.7000000E+01  1.2390000E-01 -9.0337000E-01  9.9967000E-01  4.2806000E-01 -1.2231000E-07  4.2799000E-01
 7.7500000E+01  1.2345000E-01 -9.1020000E-01  9.9967000E-01  4.1334000E-01 -1.2324000E-07  4.1327000E-01
 7.8000000E+01  1.2301000E-01 -9.1682000E-01  9.9967000E-01  3.9843000E-01 -1.2414000E-07  3.9837000E-01
 7.8500000E+01  1.2260000E-01 -9.2324000E-01  9.9966000E-01  3.8334000E-01 -1.2501000E-07  3.8327000E-01
 7.9000000E+01  1.2220000E-01 -9.2943000E-01  9.9966000E-01  3.6806000E-01 -1.2585000E-07  3.6800000E-01
 7.9500000E+01  1.2182000E-01 -9.3540000E-01  9.9966000E-01  3.5261000E-01 -1.2666000E-07  3.5255000E-01
 8.0000000E+01  1.2145000E-01 -9.4114000E-01  9.9966000E-01  3.3699000E-01 -1.2744000E-07  3.3693000E-01
 8.0500000E+01  1.2110000E-01 -9.4664000E-01  9.9966000E-01  3.2120000E-01 -1.2818000E-07  3.2115000E-01
 8.1000000E+01  1.2077000E-01 -9.5190000E-01  9.9966000E-01  3.0526000E-01 -1.2889000E-07  3.0521000E-01
 8.1500000E+01  1.2046000E-01 -9.5691000E-01  9.9966000E-01  2.8917000E-01 -1.2957000E-07  2.8912000E-01
 8.2000000E+01  1.2016000E-01 -9.6167000E-01  9.9966000E-01  2.7293000E-01 -1.3022000E-07  2.7289000E-01
 8.2500000E+01  1.1988000E-01 -9.6616000E-01  9.9966000E-01  2.5656000E-01 -1.3083000E-07  2.5652000E-01
 8.3000000E+01  1.1961000E-01 -9.7039000E-01  9.9966000E-01  2.4006000E-01 -1.3140000E-07  2.4002000E-01
 8.3500000E+01  1.1937000E-01 -9.7435000E-01  9.9965000E-01  2.2343000E-01 -1.3194000E-07  2.2340000E-01
 8.4000000E+01  1.1914000E-01 -9.7804000E-01  9.9965000E-01  2.0669000E-01 -1.3244000E-07  2.0666000E-01
 8.4500000E+01  1.1893000E-01 -9.8145000E-01  9.9965000E-01  1.8985000E-01 -1.3291000E-07  1.8982000E-01
 8.5000000E+01  1.1874000E-01 -9.8458000E-01  9.9965000E-01  1.7290000E-01 -1.3333000E-07  1.7288000E-01
 8.5500000E+01  1.1856000E-01 -9.8741000E-01  9.9965000E-01  1.5587000E-01 -1.3372000E-07  1.5584000E-01
 8.6000000E+01  1.1841000E-01 -9.8996000E-01  9.9965000E-01  1.3876000E-01 -1.3406000E-07  1.3873000E-01
 8.6500000E+01  1.1827000E-01 -9.9222000E-01  9.9965000E-01  1.2157000E-01 -1.3437000E-07  1.2155000E-01
 8.7000000E+01  1.1814000E-01 -9.9418000E-01  9.9965000E-01  1.0432000E-01 -1.3464000E-07  1.0430000E-01
 8.7500000E+01  1.1804000E-01 -9.9585000E-01  9.9965000E-01  8.7008000E-02 -1.3486000E-07  8.6994000E-02
 8.8000000E+01  1.1795000E-01 -9.9721000E-01  9.9965000E-01  6.9655000E-02 -1.3505000E-07  6.9644000E-02
 8.8500000E+01  1.1789000E-01 -9.9827000E-01  9.9965000E-01  5.2265000E-02 -1.3519000E-07  5.2257000E-02
 8.9000000E+01  1.1784000E-01 -9.9903000E-01  9.9965000E-01  3.4847000E-02 -1.3530000E-07  3.4842000E-02
 8.9500000E+01  1.1780000E-01 -9.9949000E-01  9.9965000E-01  1.7411000E-02 -1.3536000E-07  1.7408000E-02
 9.0000000E+01  1.1779000E-01 -9.9964000E-01  9.9965000E-01 -3.4830000E-05 -1.3538000E-07 -3.4673000E-05
 9.0500000E+01  1.1779000E-01 -9.9949000E-01  9.9965000E-01 -1.7481000E-02 -1.3536000E-07 -1.7477000E-02
 9.1000000E+01  1.1781000E-01 -9.9903000E-01  9.9965000E-01 -3.4917000E-02 -1.3530000E-07 -3.4911000E-02
 9.1500000E+01  1.1785000E-01 -9.9827000E-01  9.9965000E-01 -5.2335000E-02 -1.3520000E-07 -5.2326000E-02
 9.2000000E+01  1.1791000E-01 -9.9721000E-01  9.9965000E-01 -6.9725000E-02 -1.3506000E-07 -6.9713000E-02
 9.2500000E+01  1.1799000E-01 -9.9584000E-01  9.9965000E-01 -8.7077000E-02 -1.3488000E-07 -8.7063000E-02
 9.3000000E+01  1.1808000E-01 -9.9418000E-01  9.9965000E-01 -1.0438000E-01 -1.3465000E-07 -1.0437000E-01
 9.3500000E+01  1.1819000E-01 -9.9221000E-01  9.9965000E-01 -1.2164000E-01 -1.3439000E-07 -1.2162000E-01
 9.4000000E+01  1.1832000E-01 -9.8995000E-01  9.9965000E-01 -1.3882000E-01 -1.3408000E-07 -1.3880000E-01
 9.4500000E+01  1.1846000E-01 -9.8740000E-01  9.9965000E-01 -1.5594000E-01 -1.3374000E-07 -1.5591000E-01
 9.5000000E+01  1.1863000E-01 -9.8456000E-01  9.9965000E-01 -1.7297000E-01 -1.3336000E-07 -1.7294000E-01
 9.5500000E+01  1.1881000E-01 -9.8144000E-01  9.9965000E-01 -1.8991000E-01 -1.3293000E-07 -1.8988000E-01
 9.6000000E+01  1.1901000E-01 -9.7803000E-01  9.9965000E-01 -2.0676000E-01 -1.3247000E-07 -2.0673000E-01
 9.6500000E+01  1.1923000E-01 -9.7434000E-01  9.9965000E-01 -2.2350000E-01 -1.3197000E-07 -2.2346000E-01
 9.7000000E+01  1.1946000E-01 -9.7038000E-01  9.9966000E-01 -2.4012000E-01 -1.3144000E-07 -2.4008000E-01
 9.7500000E+01  1.1971000E-01 -9.6615000E-01  9.9966000E-01 -2.5662000E-01 -1.3087000E-07 -2.5658000E-01
 9.8000000E+01  1.1998000E-01 -9.6165000E-01  9.9966000E-01 -2.7300000E-01 -1.3026000E-07 -2.7295000E-01
 9.8500000E+01  1.2027000E-01 -9.5689000E-01  9.9966000E-01 -2.8923000E-01 -1.2962000E-07 -2.8918000E-01
 9.9000000E+01  1.2057000E-01 -9.5188000E-01  9.9966000E-01 -3.0532000E-01 -1.2894000E-07 -3.0527000E-01
 9.9500000E+01  1.2089000E-01 -9.4662000E-01  9.9966000E-01 -3.2126000E-01 -1.2823000E-07 -3.2121000E-01
 1.0000000E+02  1.2123000E-01 -9.4112000E-01  9.9966000E-01 -3.3705000E-01 -1.2748000E-07 -3.3699000E-01
 1.0050000E+02  1.2158000E-01 -9.3538000E-01  9.9966000E-01 -3.5267000E-01 -1.2671000E-07 -3.5261000E-01
 1.0100000E+02  1.2195000E-01 -9.2941000E-01  9.9966000E-01 -3.6812000E-01 -1.2590000E-07 -3.6806000E-01
 1.0150000E+02  1.2234000E-01 -9.2321000E-01  9.9966000E-01 -3.8339000E-01 -1.2506000E-07 -3.8333000E-01
 1.0200000E+02  1.2274000E-01 -9.1680000E-01  9.9967000E-01 -3.9849000E-01 -1.2419000E-07 -3.9842000E-01
 1.0250000E+02  1.2316000E-01 -9.1017000E-01  9.9967000E-01 -4.1340000E-01 -1.2330000E-07 -4.1333000E-01
 1.0300000E+02  1.2360000E-01 -9.0334000E-01  9.9967000E-01 -4.2812000E-01 -1.2237000E-07 -4.2805000E-01
 1.0350000E+02  1.2405000E-01 -8.9632000E-01  9.9967000E-01 -4.4264000E-01 -1.2142000E-07 -4.4257000E-01
 1.0400000E+02  1.2452000E-01 -8.8910000E-01  9.9967000E-01 -4.5697000E-01 -1.2045000E-07 -4.5689000E-01
 1.0450000E+02  1.2500000E-01 -8.8170000E-01  9.9967000E-01 -4.7109000E-01 -1.1945000E-07 -4.7102000E-01
 1.0500000E+02  1.2550000E-01 -8.7413000E-01  9.9967000E-01 -4.8501000E-01 -1.1842000E-07 -4.8493000E-01
 1.0550000E+02  1.2602000E-01 -8.6638000E-01  9.9967000E-01 -4.9872000E-01 -1.1737000E-07 -4.9863000E-01
 1.0600000E+02  1.2655000E-01 -8.5847000E-01  9.9968000E-01 -5.1221000E-01 -1.1630000E-07 -5.1212000E-01
 1.0650000E+02  1.2710000E-01 -8.5041000E-01  9.9968000E-01 -5.2549000E-01 -1.1521000E-07 -5.2540000E-01
 1.0700000E+02  1.2766000E-01 -8.4220000E-01  9.9968000E-01 -5.3855000E-01 -1.1410000E-07 -5.3846000E-01
 1.0750000E+02  1.2823000E-01 -8.3386000E-01  9.9968000E-01 -5.5139000E-01 -1.1297000E-07 -5.5130000E-01
 1.0800000E+02  1.2882000E-01 -8.2538000E-01  9.9968000E-01 -5.6401000E-01 -1.1182000E-07 -5.6391000E-01
 1.0850000E+02  1.2943000E-01 -8.1677000E-01  9.9968000E-01 -5.7640000E-01 -1.1066000E-07 -5.7631000E-01
 1.0900000E+02  1.3004000E-01 -8.0805000E-01  9.9969000E-01 -5.8857000E-01 -1.0948000E-07 -5.8848000E-01
 1.0950000E+02  1.3068000E-01 -7.9921000E-01  9.9969000E-01 -6.0052000E-01 -1.0828000E-07 -6.0042000E-01
 1.1000000E+02  1.3132000E-01 -7.9027000E-01  9.9969000E-01 -6.1224000E-01 -1.0707000E-07 -6.1213000E-01
 1.1050000E+02  1.3198000E-01 -7.8124000E-01  9.9969000E-01 -6.2373000E-01 -1.0585000E-07 -6.2362000E-01
 1.1100000E+02  1.3266000E-01 -7.7211000E-01  9.9969000E-01 -6.3499000E-01 -1.0461000E-07 -6.3489000E-01
 1.1150000E+02  1.3334000E-01 -7.6291000E-01  9.9969000E-01 -6.4603000E-01 -1.0337000E-07 -6.4592000E-01
 1.1200000E+02  1.3405000E-01 -7.5362000E-01  9.9970000E-01 -6.5684000E-01 -1.0211000E-07 -6.5673000E-01
 1.1250000E+02  1.3476000E-01 -7.4427000E-01  9.9970000E-01 -6.6742000E-01 -1.0084000E-07 -6.6731000E-01
 1.1300000E+02  1.3548000E-01 -7.3485000E-01  9.9970000E-01 -6.7777000E-01 -9.9568000E-08 -6.7766000E-01
 1.1350000E+02  1.3622000E-01 -7.2538000E-01  9.9970000E-01 -6.8790000E-01 -9.8285000E-08 -6.8779000E-01
 1.1400000E+02  1.3697000E-01 -7.1586000E-01  9.9970000E-01 -6.9781000E-01 -9.6996000E-08 -6.9770000E-01
 1.1450000E+02  1.3773000E-01 -7.0629000E-01  9.9970000E-01 -7.0749000E-01 -9.5701000E-08 -7.0738000E-01
 1.1500000E+02  1.3851000E-01 -6.9669000E-01  9.9971000E-01 -7.1696000E-01 -9.4400000E-08 -7.1684000E-01
 1.1550000E+02  1.3929000E-01 -6.8705000E-01  9.9971000E-01 -7.2620000E-01 -9.3096000E-08 -7.2608000E-01
 1.1600000E+02  1.4009000E-01 -6.7739000E-01  9.9971000E-01 -7.3522000E-01 -9.1787000E-08 -7.3510000E-01
 1.1650000E+02  1.4090000E-01 -6.6771000E-01  9.9971000E-01 -7.4403000E-01 -9.0476000E-08 -7.4391000E-01
 1.1700000E+02  1.4171000E-01 -6.5801000E-01  9.9971000E-01 -7.5262000E-01 -8.9163000E-08 -7.5250000E-01
 1.1750000E+02  1.4254000E-01 -6.4831000E-01  9.9972000E-01 -7.6100000E-01 -8.7849000E-08 -7.6087000E-01
 1.1800000E+02  1.4338000E-01 -6.3860000E-01  9.9972000E-01 -7.6917000E-01 -8.6534000E-08 -7.6904000E-01
 1.1850000E+02  1.4423000E-01 -6.2889000E-01  9.9972000E-01 -7.7713000E-01 -8.5219000E-08 -7.7700000E-01
 1.1900000E+02  1.4509000E-01 -6.1918000E-01  9.9972000E-01 -7.8489000E-01 -8.3904000E-08 -7.8476000E-01
 1.1950000E+02  1.4596000E-01 -6.0949000E-01  9.9972000E-01 -7.9244000E-01 -8.2592000E-08 -7.9231000E-01
 1.2000000E+02  1.4683000E-01 -5.9981000E-01  9.9972000E-01 -7.9979000E-01 -8.1281000E-08 -7.9966000E-01
 1.2050000E+02  1.4772000E-01 -5.9015000E-01  9.9973000E-01 -8.0695000E-01 -7.9973000E-08 -8.0682000E-01
 1.2100000E+02  1.4861000E-01 -5.8052000E-01  9.9973000E-01 -8.1391000E-01 -7.8668000E-08 -8.1378000E-01
 1.2150000E+02  1.4952000E-01 -5.7091000E-01  9.9973000E-01 -8.2068000E-01 -7.7366000E-08 -8.2055000E-01
 1.2200000E+02  1.5043000E-01 -5.6133000E-01  9.9973000E-01 -8.2726000E-01 -7.6069000E-08 -8.2713000E-01
 1.2250000E+02  1.5135000E-01 -5.5179000E-01  9.9973000E-01 -8.3366000E-01 -7.4777000E-08 -8.3352000E-01
 1.2300000E+02  1.5227000E-01 -5.4229000E-01  9.9973000E-01 -8.3987000E-01 -7.3490000E-08 -8.3973000E-01
 1.2350000E+02  1.5321000E-01 -5.3283000E-01  9.9974000E-01 -8.4591000E-01 -7.2209000E-08 -8.4577000E-01
 1.2400000E+02  1.5415000E-01 -5.2342000E-01  9.9974000E-01 -8.5176000E-01 -7.0934000E-08 -8.5162000E-01
 1.2450000E+02  1.5510000E-01 -5.1406000E-01  9.9974000E-01 -8.5745000E-01 -6.9666000E-08 -8.5731000E-01
 1.2500000E+02  1.5605000E-01 -5.0475000E-01  9.9974000E-01 -8.6296000E-01 -6.8405000E-08 -8.6282000E-01
 1.2550000E+02  1.5701000E-01 -4.9550000E-01  9.9974000E-01 -8.6831000E-01 -6.7151000E-08 -8.6817000E-01
 1.2600000E+02  1.5797000E-01 -4.8630000E-01  9.9975000E-01 -8.7350000E-01 -6.5906000E-08 -8.7335000E-01
 1.2650000E+02  1.5894000E-01 -4.7717000E-01  9.9975000E-01 -8.7852000E-01 -6.4668000E-08 -8.7838000E-01
 1.2700000E+02  1.5992000E-01 -4.6809000E-01  9.9975000E-01 -8.8339000E-01 -6.3439000E-08 -8.8325000E-01
 1.2750000E+02  1.6090000E-01 -4.5909000E-01  9.9975000E-01 -8.8811000E-01 -6.2220000E-08 -8.8796000E-01
 1.2800000E+02  1.6189000E-01 -4.5015000E-01  9.9975000E-01 -8.9267000E-01 -6.1009000E-08 -8.9252000E-01
 1.2850000E+02  1.6288000E-01 -4.4129000E-01  9.9975000E-01 -8.9709000E-01 -5.9808000E-08 -8.9694000E-01
 1.2900000E+02  1.6387000E-01 -4.3249000E-01  9.9976000E-01 -9.0136000E-01 -5.8616000E-08 -9.0121000E-01
 1.2950000E+02  1.6487000E-01 -4.2378000E-01  9.9976000E-01 -9.0550000E-01 -5.7435000E-08 -9.0535000E-01
 1.3000000E+02  1.6587000E-01 -4.1513000E-01  9.9976000E-01 -9.0949000E-01 -5.6264000E-08 -9.0934000E-01
 1.3050000E+02  1.6687000E-01 -4.0657000E-01  9.9976000E-01 -9.1336000E-01 -5.5104000E-08 -9.1321000E-01
 1.3100000E+02  1.6788000E-01 -3.9808000E-01  9.9976000E-01 -9.1709000E-01 -5.3954000E-08 -9.1694000E-01
 1.3150000E+02  1.6889000E-01 -3.8968000E-01  9.9976000E-01 -9.2069000E-01 -5.2816000E-08 -9.2054000E-01
 1.3200000E+02  1.6990000E-01 -3.8136000E-01  9.9976000E-01 -9.2417000E-01 -5.1689000E-08 -9.2402000E-01
 1.3250000E+02  1.7091000E-01 -3.7312000E-01  9.9977000E-01 -9.2753000E-01 -5.0573000E-08 -9.2738000E-01
 1.3300000E+02  1.7193000E-01 -3.6497000E-01  9.9977000E-01 -9.3077000E-01 -4.9468000E-08 -9.3061000E-01
 1.3350000E+02  1.7295000E-01 -3.5691000E-01  9.9977000E-01 -9.3389000E-01 -4.8375000E-08 -9.3374000E-01
 1.3400000E+02  1.7396000E-01 -3.4893000E-01  9.9977000E-01 -9.3690000E-01 -4.7295000E-08 -9.3675000E-01
 1.3450000E+02  1.7498000E-01 -3.4104000E-01  9.9977000E-01 -9.3980000E-01 -4.6226000E-08 -9.3965000E-01
 1.3500000E+02  1.7600000E-01 -3.3324000E-01  9.9977000E-01 -9.4260000E-01 -4.5169000E-08 -9.4244000E-01
 1.3550000E+02  1.7702000E-01 -3.2553000E-01  9.9977000E-01 -9.4529000E-01 -4.4124000E-08 -9.4514000E-01
 1.3600000E+02  1.7803000E-01 -3.1791000E-01  9.9978000E-01 -9.4788000E-01 -4.3092000E-08 -9.4773000E-01
 1.3650000E+02  1.7905000E-01 -3.1039000E-01  9.9978000E-01 -9.5038000E-01 -4.2072000E-08 -9.5022000E-01
 1.3700000E+02  1.8007000E-01 -3.0295000E-01  9.9978000E-01 -9.5277000E-01 -4.1065000E-08 -9.5262000E-01
 1.3750000E+02  1.8108000E-01 -2.9561000E-01  9.9978000E-01 -9.5508000E-01 -4.0070000E-08 -9.5492000E-01
 1.3800000E+02  1.8209000E-01 -2.8836000E-01  9.9978000E-01 -9.5729000E-01 -3.9087000E-08 -9.5713000E-01
 1.3850000E+02  1.8310000E-01 -2.8121000E-01  9.9978000E-01 -9.5942000E-01 -3.8118000E-08 -9.5926000E-01
 1.3900000E+02  1.8411000E-01 -2.7415000E-01  9.9978000E-01 -9.6146000E-01 -3.7161000E-08 -9.6130000E-01
 1.3950000E+02  1.8512000E-01 -2.6718000E-01  9.9979000E-01 -9.6342000E-01 -3.6217000E-08 -9.6326000E-01
 1.4000000E+02  1.8612000E-01 -2.6031000E-01  9.9979000E-01 -9.6530000E-01 -3.5286000E-08 -9.6514000E-01
 1.4050000E+02  1.8712000E-01 -2.5353000E-01  9.9979000E-01 -9.6711000E-01 -3.4368000E-08 -9.6695000E-01
 1.4100000E+02  1.8812000E-01 -2.4685000E-01  9.9979000E-01 -9.6884000E-01 -3.3462000E-08 -9.6868000E-01
 1.4150000E+02  1.8911000E-01 -2.4027000E-01  9.9979000E-01 -9.7049000E-01 -3.2569000E-08 -9.7033000E-01
 1.4200000E+02  1.9010000E-01 -2.3378000E-01  9.9979000E-01 -9.7208000E-01 -3.1690000E-08 -9.7192000E-01
 1.4250000E+02  1.9109000E-01 -2.2738000E-01  9.9979000E-01 -9.7359000E-01 -3.0823000E-08 -9.7343000E-01
 1.4300000E+02  1.9207000E-01 -2.2108000E-01  9.9979000E-01 -9.7504000E-01 -2.9969000E-08 -9.7488000E-01
 1.4350000E+02  1.9305000E-01 -2.1488000E-01  9.9980000E-01 -9.7643000E-01 -2.9128000E-08 -9.7627000E-01
 1.4400000E+02  1.9402000E-01 -2.0877000E-01  9.9980000E-01 -9.7776000E-01 -2.8300000E-08 -9.7760000E-01
 1.4450000E+02  1.9498000E-01 -2.0275000E-01  9.9980000E-01 -9.7902000E-01 -2.7485000E-08 -9.7886000E-01
 1.4500000E+02  1.9594000E-01 -1.9683000E-01  9.9980000E-01 -9.8023000E-01 -2.6683000E-08 -9.8007000E-01
 1.4550000E+02  1.9689000E-01 -1.9101000E-01  9.9980000E-01 -9.8138000E-01 -2.5893000E-08 -9.8122000E-01
 1.4600000E+02  1.9784000E-01 -1.8528000E-01  9.9980000E-01 -9.8248000E-01 -2.5117000E-08 -9.8232000E-01
 1.4650000E+02  1.9878000E-01 -1.7964000E-01  9.9980000E-01 -9.8353000E-01 -2.4353000E-08 -9.8337000E-01
 1.4700000E+02  1.9971000E-01 -1.7410000E-01  9.9980000E-01 -9.8453000E-01 -2.3602000E-08 -9.8437000E-01
 1.4750000E+02  2.0064000E-01 -1.6865000E-01  9.9980000E-01 -9.8548000E-01 -2.2864000E-08 -9.8531000E-01
 1.4800000E+02  2.0156000E-01 -1.6330000E-01  9.9981000E-01 -9.8638000E-01 -2.2138000E-08 -9.8622000E-01
 1.4850000E+02  2.0247000E-01 -1.5804000E-01  9.9981000E-01 -9.8724000E-01 -2.1425000E-08 -9.8707000E-01
 1.4900000E+02  2.0337000E-01 -1.5288000E-01  9.9981000E-01 -9.8805000E-01 -2.0725000E-08 -9.8789000E-01
 1.4950000E+02  2.0426000E-01 -1.4780000E-01  9.9981000E-01 -9.8882000E-01 -2.0037000E-08 -9.8866000E-01
 1.5000000E+02  2.0515000E-01 -1.4282000E-01  9.9981000E-01 -9.8955000E-01 -1.9362000E-08 -9.8939000E-01
 1.5050000E+02  2.0602000E-01 -1.3793000E-01  9.9981000E-01 -9.9025000E-01 -1.8700000E-08 -9.9009000E-01
 1.5100000E+02  2.0689000E-01 -1.3314000E-01  9.9981000E-01 -9.9091000E-01 -1.8050000E-08 -9.9074000E-01
 1.5150000E+02  2.0775000E-01 -1.2843000E-01  9.9981000E-01 -9.9153000E-01 -1.7412000E-08 -9.9136000E-01
 1.5200000E+02  2.0860000E-01 -1.2382000E-01  9.9981000E-01 -9.9212000E-01 -1.6787000E-08 -9.9195000E-01
 1.5250000E+02  2.0944000E-01 -1.1930000E-01  9.9981000E-01 -9.9267000E-01 -1.6174000E-08 -9.9251000E-01
 1.5300000E+02  2.1026000E-01 -1.1487000E-01  9.9981000E-01 -9.9319000E-01 -1.5573000E-08 -9.9303000E-01
 1.5350000E+02  2.1108000E-01 -1.1053000E-01  9.9981000E-01 -9.9369000E-01 -1.4984000E-08 -9.9352000E-01
 1.5400000E+02  2.1189000E-01 -1.0627000E-01  9.9982000E-01 -9.9415000E-01 -1.4408000E-08 -9.9399000E-01
 1.5450000E+02  2.1268000E-01 -1.0211000E-01  9.9982000E-01 -9.9459000E-01 -1.3844000E-08 -9.9442000E-01
 1.5500000E+02  2.1347000E-01 -9.8037000E-02  9.9982000E-01 -9.9500000E-01 -1.3291000E-08 -9.9483000E-01
 1.5550000E+02  2.1424000E-01 -9.4052000E-02  9.9982000E-01 -9.9538000E-01 -1.2751000E-08 -9.9522000E-01
 1.5600000E+02  2.1500000E-01 -9.0156000E-02  9.9982000E-01 -9.9575000E-01 -1.2223000E-08 -9.9558000E-01
 1.5650000E+02  2.1575000E-01 -8.6347000E-02  9.9982000E-01 -9.9608000E-01 -1.1707000E-08 -9.9592000E-01
 1.5700000E+02  2.1649000E-01 -8.2625000E-02  9.9982000E-01 -9.9640000E-01 -1.1202000E-08 -9.9624000E-01
 1.5750000E+02  2.1722000E-01 -7.8990000E-02  9.9982000E-01 -9.9670000E-01 -1.0709000E-08 -9.9653000E-01
 1.5800000E+02  2.1793000E-01 -7.5442000E-02  9.9982000E-01 -9.9697000E-01 -1.0228000E-08 -9.9681000E-01
 1.5850000E+02  2.1863000E-01 -7.1981000E-02  9.9982000E-01 -9.9723000E-01 -9.7590000E-09 -9.9706000E-01
 1.5900000E+02  2.1932000E-01 -6.8604000E-02  9.9982000E-01 -9.9747000E-01 -9.3013000E-09 -9.9730000E-01
 1.5950000E+02  2.1999000E-01 -6.5314000E-02  9.9982000E-01 -9.9769000E-01 -8.8552000E-09 -9.9752000E-01
 1.6000000E+02  2.2065000E-01 -6.2108000E-02  9.9982000E-01 -9.9789000E-01 -8.4206000E-09 -9.9773000E-01
 1.6050000E+02  2.2130000E-01 -5.8987000E-02  9.9982000E-01 -9.9808000E-01 -7.9975000E-09 -9.9792000E-01
 1.6100000E+02  2.2193000E-01 -5.5951000E-02  9.9982000E-01 -9.9826000E-01 -7.5858000E-09 -9.9809000E-01
 1.6150000E+02  2.2255000E-01 -5.2998000E-02  9.9983000E-01 -9.9842000E-01 -7.1855000E-09 -9.9826000E-01
 1.6200000E+02  2.2315000E-01 -5.0128000E-02  9.9983000E-01 -9.9857000E-01 -6.7965000E-09 -9.9840000E-01
 1.6250000E+02  2.2375000E-01 -4.7342000E-02  9.9983000E-01 -9.9871000E-01 -6.4188000E-09 -9.9854000E-01
 1.6300000E+02  2.2432000E-01 -4.4639000E-02  9.9983000E-01 -9.9883000E-01 -6.0523000E-09 -9.9867000E-01
 1.6350000E+02  2.2488000E-01 -4.2018000E-02  9.9983000E-01 -9.9894000E-01 -5.6969000E-09 -9.9878000E-01
 1.6400000E+02  2.2543000E-01 -3.9479000E-02  9.9983000E-01 -9.9905000E-01 -5.3527000E-09 -9.9888000E-01
 1.6450000E+02  2.2596000E-01 -3.7022000E-02  9.9983000E-01 -9.9914000E-01 -5.0196000E-09 -9.9898000E-01
 1.6500000E+02  2.2648000E-01 -3.4647000E-02  9.9983000E-01 -9.9923000E-01 -4.6975000E-09 -9.9906000E-01
 1.6550000E+02  2.2698000E-01 -3.2352000E-02  9.9983000E-01 -9.9931000E-01 -4.3865000E-09 -9.9914000E-01
 1.6600000E+02  2.2746000E-01 -3.0139000E-02  9.9983000E-01 -9.9938000E-01 -4.0863000E-09 -9.9921000E-01
 1.6650000E+02  2.2793000E-01 -2.8005000E-02  9.9983000E-01 -9.9944000E-01 -3.7971000E-09 -9.9927000E-01
 1.6700000E+02  2.2838000E-01 -2.5953000E-02  9.9983000E-01 -9.9949000E-01 -3.5188000E-09 -9.9933000E-01
 1.6750000E+02  2.2882000E-01 -2.3980000E-02  9.9983000E-01 -9.9954000E-01 -3.2513000E-09 -9.9938000E-01
 1.6800000E+02  2.2924000E-01 -2.2086000E-02  9.9983000E-01 -9.9959000E-01 -2.9946000E-09 -9.9942000E-01
 1.6850000E+02  2.2965000E-01 -2.0272000E-02  9.9983000E-01 -9.9963000E-01 -2.7486000E-09 -9.9946000E-01
 1.6900000E+02  2.3004000E-01 -1.8537000E-02  9.9983000E-01 -9.9966000E-01 -2.5134000E-09 -9.9950000E-01
 1.6950000E+02  2.3041000E-01 -1.6882000E-02  9.9983000E-01 -9.9969000E-01 -2.2889000E-09 -9.9952000E-01
 1.7000000E+02  2.3077000E-01 -1.5304000E-02  9.9983000E-01 -9.9972000E-01 -2.0751000E-09 -9.9955000E-01
 1.7050000E+02  2.3111000E-01 -1.3805000E-02  9.9983000E-01 -9.9974000E-01 -1.8718000E-09 -9.9957000E-01
 1.7100000E+02  2.3143000E-01 -1.2385000E-02  9.9983000E-01 -9.9976000E-01 -1.6792000E-09 -9.9959000E-01
 1.7150000E+02  2.3173000E-01 -1.1042000E-02  9.9983000E-01 -9.9977000E-01 -1.4972000E-09 -9.9961000E-01
 1.7200000E+02  2.3202000E-01 -9.7771000E-03  9.9983000E-01 -9.9979000E-01 -1.3257000E-09 -9.9962000E-01
 1.7250000E+02  2.3229000E-01 -8.5899000E-03  9.9983000E-01 -9.9980000E-01 -1.1647000E-09 -9.9963000E-01
 1.7300000E+02  2.3255000E-01 -7.4800000E-03  9.9983000E-01 -9.9981000E-01 -1.0142000E-09 -9.9964000E-01
 1.7350000E+02  2.3279000E-01 -6.4474000E-03  9.9983000E-01 -9.9981000E-01 -8.7419000E-10 -9.9965000E-01
 1.7400000E+02  2.3301000E-01 -5.4919000E-03  9.9983000E-01 -9.9982000E-01 -7.4464000E-10 -9.9965000E-01
 1.7450000E+02  2.3321000E-01 -4.6134000E-03  9.9983000E-01 -9.9982000E-01 -6.2552000E-10 -9.9966000E-01
 1.7500000E+02  2.3339000E-01 -3.8117000E-03  9.9983000E-01 -9.9983000E-01 -5.1683000E-10 -9.9966000E-01
 1.7550000E+02  2.3356000E-01 -3.0867000E-03  9.9983000E-01 -9.9983000E-01 -4.1853000E-10 -9.9967000E-01
 1.7600000E+02  2.3371000E-01 -2.4384000E-03  9.9983000E-01 -9.9983000E-01 -3.3062000E-10 -9.9967000E-01
 1.7650000E+02  2.3385000E-01 -1.8665000E-03  9.9983000E-01 -9.9983000E-01 -2.5308000E-10 -9.9967000E-01
 1.7700000E+02  2.3396000E-01 -1.3711000E-03  9.9984000E-01 -9.9983000E-01 -1.8591000E-10 -9.9967000E-01
 1.7750000E+02  2.3406000E-01 -9.5202000E-04  9.9984000E-01 -9.9983000E-01 -1.2908000E-10 -9.9967000E-01
 1.7800000E+02  2.3414000E-01 -6.0922000E-04  9.9984000E-01 -9.9983000E-01 -8.2604000E-11 -9.9967000E-01
 1.7850000E+02  2.3420000E-01 -3.4266000E-04  9.9984000E-01 -9.9984000E-01 -4.6461000E-11 -9.9967000E-01
 1.7900000E+02  2.3424000E-01 -1.5228000E-04  9.9984000E-01 -9.9984000E-01 -2.0648000E-11 -9.9967000E-01
 1.7950000E+02  2.3427000E-01 -3.8069000E-05  9.9984000E-01 -9.9984000E-01 -5.1617000E-12 -9.9967000E-01
 1.8000000E+02  2.3428000E-01 -3.7739000E-15  9.9984000E-01 -9.9984000E-01 -5.1171000E-22 -9.9967000E-01
