length scale factor
2.5078000E-02
volume cluster radius, area mean sphere radius, circumscribing radius, cross section radius
5.0503562E-01 2.5052922E-02 8.2035273E+00 5.0503562E-01
total extinction, absorption, scattering efficiencies (unpolarized incidence)
3.4631000E-02 2.0309000E-02 1.4322000E-02
theta     11          12          22          33          34          44
 0.0000000E+00  7.5682000E-01  0.0000000E+00  9.9974000E-01  9.9974000E-01  0.0000000E+00  9.9948000E-01
 5.0000000E-01  7.5665000E-01 -3.9581000E-05  9.9974000E-01  9.9974000E-01  4.8108000E-10  9.9948000E-01
 1.0000000E+00  7.5614000E-01 -1.5833000E-04  9.9974000E-01  9.9974000E-01  1.9732000E-09  9.9948000E-01
 1.5000000E+00  7.5530000E-01 -3.5626000E-04  9.9974000E-01  9.9974000E-01  4.6232000E-09  9.9948000E-01
 2.0000000E+00  7.5411000E-01 -6.3340000E-04  9.9974000E-01  9.9974000E-01  8.6759000E-09  9.9948000E-01
 2.5000000E+00  7.5259000E-01 -9.8980000E-04  9.9974000E-01  9.9974000E-01  1.4475000E-08  9.9948000E-01
 3.0000000E+00  7.5074000E-01 -1.4255000E-03  9.9974000E-01  9.9974000E-01  2.2462000E-08  9.9948000E-01
 3.5000000E+00  7.4856000E-01 -1.9406000E-03  9.9974000E-01  9.9974000E-01  3.3181000E-08  9.9948000E-01
 4.0000000E+00  7.4605000E-01 -2.5351000E-03  9.9974000E-01  9.9974000E-01  4.7274000E-08  9.9948000E-01
 4.5000000E+00  7.4322000E-01 -3.2091000E-03  9.9974000E-01  9.9974000E-01  6.5487000E-08  9.9948000E-01
 5.0000000E+00  7.4007000E-01 -3.9628000E-03  9.9974000E-01  9.9973000E-01  8.8668000E-08  9.9948000E-01
 5.5000000E+00  7.3661000E-01 -4.7961000E-03  9.9974000E-01  9.9973000E-01  1.1777000E-07  9.9947000E-01
 6.0000000E+00  7.3284000E-01 -5.7094000E-03  9.9974000E-01  9.9973000E-01  1.5385000E-07  9.9947000E-01
 6.5000000E+00  7.2877000E-01 -6.7026000E-03  9.9974000E-01  9.9972000E-01  1.9808000E-07  9.9946000E-01
 7.0000000E+00  7.2440000E-01 -7.7759000E-03  9.9974000E-01  9.9971000E-01  2.5173000E-07  9.9946000E-01
 7.5000000E+00  7.1974000E-01 -8.9294000E-03  9.9974000E-01  9.9970000E-01  3.1619000E-07  9.9945000E-01
 8.0000000E+00  7.1479000E-01 -1.0163000E-02  9.9974000E-01  9.9969000E-01  3.9297000E-07  9.9944000E-01
 8.5000000E+00  7.0958000E-01 -1.1478000E-02  9.9974000E-01  9.9968000E-01  4.8368000E-07  9.9942000E-01
 9.0000000E+00  7.0409000E-01 -1.2873000E-02  9.9974000E-01  9.9966000E-01  5.9006000E-07  9.9941000E-01
 9.5000000E+00  6.9834000E-01 -1.4350000E-02  9.9974000E-01  9.9964000E-01  7.1397000E-07  9.9939000E-01
 1.0000000E+01  6.9235000E-01 -1.5907000E-02  9.9974000E-01  9.9962000E-01  8.5740000E-07  9.9936000E-01
 1.0500000E+01  6.8611000E-01 -1.7546000E-02  9.9974000E-01  9.9959000E-01  1.0224000E-06  9.9934000E-01
 1.1000000E+01  6.7963000E-01 -1.9267000E-02  9.9974000E-01  9.9956000E-01  1.2114000E-06  9.9931000E-01
 1.1500000E+01  6.7293000E-01 -2.1069000E-02  9.9974000E-01  9.9952000E-01  1.4265000E-06  9.9927000E-01
 1.2000000E+01  6.6602000E-01 -2.2953000E-02  9.9974000E-01  9.9948000E-01  1.6704000E-06  9.9923000E-01
 1.2500000E+01  6.5889000E-01 -2.4920000E-02  9.9974000E-01  9.9943000E-01  1.9457000E-06  9.9918000E-01
 1.3000000E+01  6.5158000E-01 -2.6969000E-02  9.9974000E-01  9.9938000E-01  2.2552000E-06  9.9913000E-01
 1.3500000E+01  6.4407000E-01 -2.9101000E-02  9.9974000E-01  9.9932000E-01  2.6019000E-06  9.9907000E-01
 1.4000000E+01  6.3639000E-01 -3.1316000E-02  9.9974000E-01  9.9925000E-01  2.9888000E-06  9.9901000E-01
 1.4500000E+01  6.2854000E-01 -3.3615000E-02  9.9974000E-01  9.9918000E-01  3.4192000E-06  9.9893000E-01
 1.5000000E+01  6.2054000E-01 -3.5997000E-02  9.9974000E-01  9.9910000E-01  3.8964000E-06  9.9885000E-01
 1.5500000E+01  6.1239000E-01 -3.8463000E-02  9.9975000E-01  9.9901000E-01  4.4242000E-06  9.9876000E-01
 1.6000000E+01  6.0410000E-01 -4.1013000E-02  9.9975000E-01  9.9890000E-01  5.0061000E-06  9.9866000E-01
 1.6500000E+01  5.9569000E-01 -4.3648000E-02  9.9975000E-01  9.9879000E-01  5.6462000E-06  9.9855000E-01
 1.7000000E+01  5.8716000E-01 -4.6368000E-02  9.9975000E-01  9.9867000E-01  6.3485000E-06  9.9843000E-01
 1.7500000E+01  5.7853000E-01 -4.9173000E-02  9.9975000E-01  9.9854000E-01  7.1172000E-06  9.9830000E-01
 1.8000000E+01  5.6980000E-01 -5.2063000E-02  9.9975000E-01  9.9839000E-01  7.9568000E-06  9.9815000E-01
 1.8500000E+01  5.6099000E-01 -5.5039000E-02  9.9975000E-01  9.9823000E-01  8.8720000E-06  9.9799000E-01
 1.9000000E+01  5.5210000E-01 -5.8102000E-02  9.9975000E-01  9.9806000E-01  9.8676000E-06  9.9782000E-01
 1.9500000E+01  5.4315000E-01 -6.1250000E-02  9.9975000E-01  9.9787000E-01  1.0949000E-05  9.9763000E-01
 2.0000000E+01  5.3414000E-01 -6.4486000E-02  9.9975000E-01  9.9767000E-01  1.2120000E-05  9.9743000E-01
 2.0500000E+01  5.2509000E-01 -6.7809000E-02  9.9975000E-01  9.9745000E-01  1.3388000E-05  9.9721000E-01
 2.1000000E+01  5.1600000E-01 -7.1219000E-02  9.9975000E-01  9.9721000E-01  1.4757000E-05  9.9697000E-01
 2.1500000E+01  5.0688000E-01 -7.4717000E-02  9.9975000E-01  9.9695000E-01  1.6234000E-05  9.9672000E-01
 2.2000000E+01  4.9774000E-01 -7.8303000E-02  9.9975000E-01  9.9668000E-01  1.7825000E-05  9.9645000E-01
 2.2500000E+01  4.8860000E-01 -8.1978000E-02  9.9975000E-01  9.9638000E-01  1.9535000E-05  9.9615000E-01
 2.3000000E+01  4.7946000E-01 -8.5742000E-02  9.9975000E-01  9.9607000E-01  2.1372000E-05  9.9584000E-01
 2.3500000E+01  4.7032000E-01 -8.9595000E-02  9.9975000E-01  9.9573000E-01  2.3342000E-05  9.9550000E-01
 2.4000000E+01  4.6120000E-01 -9.3537000E-02  9.9975000E-01  9.9537000E-01  2.5452000E-05  9.9514000E-01
 2.4500000E+01  4.5210000E-01 -9.7570000E-02  9.9975000E-01  9.9498000E-01  2.7709000E-05  9.9475000E-01
 2.5000000E+01  4.4304000E-01 -1.0169000E-01  9.9975000E-01  9.9457000E-01  3.0121000E-05  9.9434000E-01
 2.5500000E+01  4.3401000E-01 -1.0591000E-01  9.9975000E-01  9.9413000E-01  3.2695000E-05  9.9390000E-01
 2.6000000E+01  4.2503000E-01 -1.1021000E-01  9.9975000E-01  9.9366000E-01  3.5440000E-05  9.9344000E-01
 2.6500000E+01  4.1610000E-01 -1.1460000E-01  9.9975000E-01  9.9316000E-01  3.8363000E-05  9.9294000E-01
 2.7000000E+01  4.0724000E-01 -1.1909000E-01  9.9975000E-01  9.9264000E-01  4.1472000E-05  9.9241000E-01
 2.7500000E+01  3.9843000E-01 -1.2367000E-01  9.9975000E-01  9.9208000E-01  4.4777000E-05  9.9185000E-01
 2.8000000E+01  3.8970000E-01 -1.2834000E-01  9.9975000E-01  9.9148000E-01  4.8287000E-05  9.9126000E-01
 2.8500000E+01  3.8105000E-01 -1.3310000E-01  9.9975000E-01  9.9086000E-01  5.2009000E-05  9.9064000E-01
 2.9000000E+01  3.7248000E-01 -1.3796000E-01  9.9975000E-01  9.9019000E-01  5.5955000E-05  9.8997000E-01
 2.9500000E+01  3.6399000E-01 -1.4291000E-01  9.9975000E-01  9.8949000E-01  6.0132000E-05  9.8927000E-01
 3.0000000E+01  3.5560000E-01 -1.4795000E-01  9.9975000E-01  9.8875000E-01  6.4552000E-05  9.8853000E-01
 3.0500000E+01  3.4731000E-01 -1.5309000E-01  9.9975000E-01  9.8797000E-01  6.9223000E-05  9.8775000E-01
 3.1000000E+01  3.3911000E-01 -1.5831000E-01  9.9975000E-01  9.8714000E-01  7.4157000E-05  9.8693000E-01
 3.1500000E+01  3.3102000E-01 -1.6364000E-01  9.9975000E-01  9.8627000E-01  7.9364000E-05  9.8606000E-01
 3.2000000E+01  3.2304000E-01 -1.6906000E-01  9.9975000E-01  9.8536000E-01  8.4855000E-05  9.8515000E-01
 3.2500000E+01  3.1517000E-01 -1.7457000E-01  9.9975000E-01  9.8440000E-01  9.0640000E-05  9.8419000E-01
 3.3000000E+01  3.0741000E-01 -1.8017000E-01  9.9975000E-01  9.8339000E-01  9.6730000E-05  9.8318000E-01
 3.3500000E+01  2.9977000E-01 -1.8587000E-01  9.9974000E-01  9.8232000E-01  1.0314000E-04  9.8211000E-01
 3.4000000E+01  2.9226000E-01 -1.9167000E-01  9.9974000E-01  9.8121000E-01  1.0987000E-04  9.8100000E-01
 3.4500000E+01  2.8486000E-01 -1.9756000E-01  9.9974000E-01  9.8004000E-01  1.1695000E-04  9.7983000E-01
 3.5000000E+01  2.7759000E-01 -2.0355000E-01  9.9974000E-01  9.7881000E-01  1.2438000E-04  9.7861000E-01
 3.5500000E+01  2.7044000E-01 -2.0963000E-01  9.9974000E-01  9.7753000E-01  1.3217000E-04  9.7732000E-01
 3.6000000E+01  2.6342000E-01 -2.1580000E-01  9.9974000E-01  9.7618000E-01  1.4034000E-04  9.7598000E-01
 3.6500000E+01  2.5652000E-01 -2.2207000E-01  9.9974000E-01  9.7478000E-01  1.4890000E-04  9.7457000E-01
 3.7000000E+01  2.4976000E-01 -2.2844000E-01  9.9974000E-01  9.7330000E-01  1.5786000E-04  9.7310000E-01
 3.7500000E+01  2.4313000E-01 -2.3490000E-01  9.9974000E-01  9.7176000E-01  1.6723000E-04  9.7156000E-01
 3.8000000E+01  2.3662000E-01 -2.4146000E-01  9.9974000E-01  9.7015000E-01  1.7704000E-04  9.6995000E-01
 3.8500000E+01  2.3025000E-01 -2.4811000E-01  9.9973000E-01  9.6847000E-01  1.8728000E-04  9.6827000E-01
 3.9000000E+01  2.2401000E-01 -2.5485000E-01  9.9973000E-01  9.6672000E-01  1.9797000E-04  9.6652000E-01
 3.9500000E+01  2.1790000E-01 -2.6169000E-01  9.9973000E-01  9.6489000E-01  2.0913000E-04  9.6468000E-01
 4.0000000E+01  2.1192000E-01 -2.6863000E-01  9.9973000E-01  9.6298000E-01  2.2076000E-04  9.6278000E-01
 4.0500000E+01  2.0607000E-01 -2.7565000E-01  9.9973000E-01  9.6099000E-01  2.3289000E-04  9.6079000E-01
 4.1000000E+01  2.0035000E-01 -2.8277000E-01  9.9973000E-01  9.5892000E-01  2.4553000E-04  9.5871000E-01
 4.1500000E+01  1.9476000E-01 -2.8999000E-01  9.9972000E-01  9.5676000E-01  2.5868000E-04  9.5655000E-01
 4.2000000E+01  1.8930000E-01 -2.9729000E-01  9.9972000E-01  9.5451000E-01  2.7236000E-04  9.5431000E-01
 4.2500000E+01  1.8397000E-01 -3.0469000E-01  9.9972000E-01  9.5217000E-01  2.8658000E-04  9.5197000E-01
 4.3000000E+01  1.7876000E-01 -3.1218000E-01  9.9972000E-01  9.4974000E-01  3.0136000E-04  9.4954000E-01
 4.3500000E+01  1.7368000E-01 -3.1976000E-01  9.9971000E-01  9.4721000E-01  3.1671000E-04  9.4701000E-01
 4.4000000E+01  1.6873000E-01 -3.2744000E-01  9.9971000E-01  9.4458000E-01  3.3264000E-04  9.4438000E-01
 4.4500000E+01  1.6389000E-01 -3.3520000E-01  9.9971000E-01  9.4185000E-01  3.4916000E-04  9.4165000E-01
 4.5000000E+01  1.5918000E-01 -3.4305000E-01  9.9971000E-01  9.3902000E-01  3.6628000E-04  9.3882000E-01
 4.5500000E+01  1.5459000E-01 -3.5098000E-01  9.9970000E-01  9.3608000E-01  3.8403000E-04  9.3587000E-01
 4.6000000E+01  1.5012000E-01 -3.5901000E-01  9.9970000E-01  9.3302000E-01  4.0240000E-04  9.3282000E-01
 4.6500000E+01  1.4576000E-01 -3.6712000E-01  9.9970000E-01  9.2986000E-01  4.2141000E-04  9.2965000E-01
 4.7000000E+01  1.4152000E-01 -3.7531000E-01  9.9969000E-01  9.2658000E-01  4.4107000E-04  9.2637000E-01
 4.7500000E+01  1.3739000E-01 -3.8359000E-01  9.9969000E-01  9.2317000E-01  4.6139000E-04  9.2297000E-01
 4.8000000E+01  1.3337000E-01 -3.9195000E-01  9.9968000E-01  9.1965000E-01  4.8238000E-04  9.1945000E-01
 4.8500000E+01  1.2947000E-01 -4.0039000E-01  9.9968000E-01  9.1600000E-01  5.0405000E-04  9.1580000E-01
 4.9000000E+01  1.2567000E-01 -4.0891000E-01  9.9967000E-01  9.1222000E-01  5.2641000E-04  9.1202000E-01
 4.9500000E+01  1.2197000E-01 -4.1751000E-01  9.9967000E-01  9.0832000E-01  5.4947000E-04  9.0811000E-01
 5.0000000E+01  1.1838000E-01 -4.2618000E-01  9.9966000E-01  9.0427000E-01  5.7324000E-04  9.0406000E-01
 5.0500000E+01  1.1489000E-01 -4.3493000E-01  9.9966000E-01  9.0009000E-01  5.9771000E-04  8.9988000E-01
 5.1000000E+01  1.1150000E-01 -4.4375000E-01  9.9965000E-01  8.9577000E-01  6.2291000E-04  8.9555000E-01
 5.1500000E+01  1.0821000E-01 -4.5264000E-01  9.9965000E-01  8.9130000E-01  6.4882000E-04  8.9108000E-01
 5.2000000E+01  1.0501000E-01 -4.6160000E-01  9.9964000E-01  8.8668000E-01  6.7547000E-04  8.8647000E-01
 5.2500000E+01  1.0191000E-01 -4.7063000E-01  9.9964000E-01  8.8192000E-01  7.0286000E-04  8.8170000E-01
 5.3000000E+01  9.8900000E-02 -4.7971000E-01  9.9963000E-01  8.7700000E-01  7.3098000E-04  8.7678000E-01
 5.3500000E+01  9.5977000E-02 -4.8886000E-01  9.9962000E-01  8.7192000E-01  7.5984000E-04  8.7170000E-01
 5.4000000E+01  9.3143000E-02 -4.9807000E-01  9.9961000E-01  8.6668000E-01  7.8944000E-04  8.6646000E-01
 5.4500000E+01  9.0393000E-02 -5.0734000E-01  9.9961000E-01  8.6128000E-01  8.1979000E-04  8.6106000E-01
 5.5000000E+01  8.7727000E-02 -5.1666000E-01  9.9960000E-01  8.5571000E-01  8.5088000E-04  8.5549000E-01
 5.5500000E+01  8.5142000E-02 -5.2602000E-01  9.9959000E-01  8.4997000E-01  8.8271000E-04  8.4975000E-01
 5.6000000E+01  8.2636000E-02 -5.3544000E-01  9.9958000E-01  8.4406000E-01  9.1528000E-04  8.4383000E-01
 5.6500000E+01  8.0207000E-02 -5.4490000E-01  9.9957000E-01  8.3797000E-01  9.4858000E-04  8.3774000E-01
 5.7000000E+01  7.7854000E-02 -5.5440000E-01  9.9956000E-01  8.3171000E-01  9.8262000E-04  8.3147000E-01
 5.7500000E+01  7.5574000E-02 -5.6394000E-01  9.9955000E-01  8.2526000E-01  1.0174000E-03  8.2502000E-01
 5.8000000E+01  7.3366000E-02 -5.7350000E-01  9.9954000E-01  8.1862000E-01  1.0529000E-03  8.1838000E-01
 5.8500000E+01  7.1227000E-02 -5.8310000E-01  9.9953000E-01  8.1180000E-01  1.0890000E-03  8.1155000E-01
 5.9000000E+01  6.9156000E-02 -5.9273000E-01  9.9952000E-01  8.0478000E-01  1.1259000E-03  8.0453000E-01
 5.9500000E+01  6.7151000E-02 -6.0237000E-01  9.9951000E-01  7.9757000E-01  1.1635000E-03  7.9732000E-01
 6.0000000E+01  6.5210000E-02 -6.1204000E-01  9.9950000E-01  7.9016000E-01  1.2017000E-03  7.8991000E-01
 6.0500000E+01  6.3331000E-02 -6.2171000E-01  9.9949000E-01  7.8256000E-01  1.2406000E-03  7.8230000E-01
 6.1000000E+01  6.1513000E-02 -6.3139000E-01  9.9948000E-01  7.7475000E-01  1.2802000E-03  7.7449000E-01
 6.1500000E+01  5.9754000E-02 -6.4108000E-01  9.9946000E-01  7.6673000E-01  1.3204000E-03  7.6647000E-01
 6.2000000E+01  5.8052000E-02 -6.5076000E-01  9.9945000E-01  7.5851000E-01  1.3612000E-03  7.5824000E-01
 6.2500000E+01  5.6406000E-02 -6.6044000E-01  9.9944000E-01  7.5008000E-01  1.4025000E-03  7.4981000E-01
 6.3000000E+01  5.4813000E-02 -6.7010000E-01  9.9942000E-01  7.4144000E-01  1.4445000E-03  7.4116000E-01
 6.3500000E+01  5.3273000E-02 -6.7975000E-01  9.9941000E-01  7.3258000E-01  1.4870000E-03  7.3230000E-01
 6.4000000E+01  5.1783000E-02 -6.8938000E-01  9.9939000E-01  7.2351000E-01  1.5300000E-03  7.2322000E-01
 6.4500000E+01  5.0343000E-02 -6.9897000E-01  9.9938000E-01  7.1421000E-01  1.5735000E-03  7.1393000E-01
 6.5000000E+01  4.8951000E-02 -7.0854000E-01  9.9936000E-01  7.0470000E-01  1.6175000E-03  7.0441000E-01
 6.5500000E+01  4.7605000E-02 -7.1806000E-01  9.9935000E-01  6.9497000E-01  1.6619000E-03  6.9468000E-01
 6.6000000E+01  4.6304000E-02 -7.2753000E-01  9.9933000E-01  6.8502000E-01  1.7067000E-03  6.8472000E-01
 6.6500000E+01  4.5047000E-02 -7.3696000E-01  9.9931000E-01  6.7484000E-01  1.7520000E-03  6.7454000E-01
 6.7000000E+01  4.3832000E-02 -7.4632000E-01  9.9929000E-01  6.6444000E-01  1.7975000E-03  6.6414000E-01
 6.7500000E+01  4.2657000E-02 -7.5562000E-01  9.9928000E-01  6.5382000E-01  1.8434000E-03  6.5351000E-01
 6.8000000E+01  4.1523000E-02 -7.6485000E-01  9.9926000E-01  6.4297000E-01  1.8895000E-03  6.4265000E-01
 6.8500000E+01  4.0426000E-02 -7.7400000E-01  9.9924000E-01  6.3189000E-01  1.9358000E-03  6.3157000E-01
 6.9000000E+01  3.9367000E-02 -7.8306000E-01  9.9922000E-01  6.2059000E-01  1.9824000E-03  6.2027000E-01
 6.9500000E+01  3.8344000E-02 -7.9203000E-01  9.9920000E-01  6.0907000E-01  2.0291000E-03  6.0874000E-01
 7.0000000E+01  3.7356000E-02 -8.0090000E-01  9.9918000E-01  5.9731000E-01  2.0759000E-03  5.9698000E-01
 7.0500000E+01  3.6401000E-02 -8.0967000E-01  9.9915000E-01  5.8534000E-01  2.1228000E-03  5.8500000E-01
 7.1000000E+01  3.5479000E-02 -8.1832000E-01  9.9913000E-01  5.7314000E-01  2.1698000E-03  5.7280000E-01
 7.1500000E+01  3.4589000E-02 -8.2686000E-01  9.9911000E-01  5.6072000E-01  2.2167000E-03  5.6037000E-01
 7.2000000E+01  3.3729000E-02 -8.3526000E-01  9.9909000E-01  5.4807000E-01  2.2635000E-03  5.4773000E-01
 7.2500000E+01  3.2899000E-02 -8.4354000E-01  9.9906000E-01  5.3521000E-01  2.3103000E-03  5.3486000E-01
 7.3000000E+01  3.2097000E-02 -8.5167000E-01  9.9904000E-01  5.2213000E-01  2.3569000E-03  5.2178000E-01
 7.3500000E+01  3.1323000E-02 -8.5965000E-01  9.9902000E-01  5.0883000E-01  2.4033000E-03  5.0848000E-01
 7.4000000E+01  3.0575000E-02 -8.6747000E-01  9.9899000E-01  4.9532000E-01  2.4495000E-03  4.9497000E-01
 7.4500000E+01  2.9854000E-02 -8.7514000E-01  9.9897000E-01  4.8161000E-01  2.4953000E-03  4.8125000E-01
 7.5000000E+01  2.9157000E-02 -8.8263000E-01  9.9894000E-01  4.6768000E-01  2.5409000E-03  4.6732000E-01
 7.5500000E+01  2.8484000E-02 -8.8994000E-01  9.9892000E-01  4.5355000E-01  2.5860000E-03  4.5319000E-01
 7.6000000E+01  2.7835000E-02 -8.9707000E-01  9.9889000E-01  4.3923000E-01  2.6307000E-03  4.3886000E-01
 7.6500000E+01  2.7208000E-02 -9.0401000E-01  9.9886000E-01  4.2470000E-01  2.6749000E-03  4.2434000E-01
 7.7000000E+01  2.6603000E-02 -9.1075000E-01  9.9884000E-01  4.0999000E-01  2.7186000E-03  4.0962000E-01
 7.7500000E+01  2.6019000E-02 -9.1728000E-01  9.9881000E-01  3.9509000E-01  2.7617000E-03  3.9472000E-01
 7.8000000E+01  2.5455000E-02 -9.2360000E-01  9.9878000E-01  3.8001000E-01  2.8041000E-03  3.7964000E-01
 7.8500000E+01  2.4911000E-02 -9.2971000E-01  9.9876000E-01  3.6475000E-01  2.8459000E-03  3.6438000E-01
 7.9000000E+01  2.4386000E-02 -9.3559000E-01  9.9873000E-01  3.4932000E-01  2.8870000E-03  3.4895000E-01
 7.9500000E+01  2.3878000E-02 -9.4123000E-01  9.9870000E-01  3.3372000E-01  2.9273000E-03  3.3336000E-01
 8.0000000E+01  2.3389000E-02 -9.4664000E-01  9.9867000E-01  3.1797000E-01  2.9668000E-03  3.1760000E-01
 8.0500000E+01  2.2917000E-02 -9.5181000E-01  9.9864000E-01  3.0206000E-01  3.0055000E-03  3.0170000E-01
 8.1000000E+01  2.2461000E-02 -9.5673000E-01  9.9861000E-01  2.8601000E-01  3.0432000E-03  2.8565000E-01
 8.1500000E+01  2.2021000E-02 -9.6139000E-01  9.9859000E-01  2.6982000E-01  3.0800000E-03  2.6945000E-01
 8.2000000E+01  2.1596000E-02 -9.6580000E-01  9.9856000E-01  2.5349000E-01  3.1159000E-03  2.5313000E-01
 8.2500000E+01  2.1186000E-02 -9.6994000E-01  9.9853000E-01  2.3704000E-01  3.1507000E-03  2.3669000E-01
 8.3000000E+01  2.0790000E-02 -9.7381000E-01  9.9850000E-01  2.2047000E-01  3.1845000E-03  2.2012000E-01
 8.3500000E+01  2.0408000E-02 -9.7741000E-01  9.9847000E-01  2.0380000E-01  3.2172000E-03  2.0345000E-01
 8.4000000E+01  2.0040000E-02 -9.8073000E-01  9.9844000E-01  1.8702000E-01  3.2488000E-03  1.8667000E-01
 8.4500000E+01  1.9684000E-02 -9.8377000E-01  9.9841000E-01  1.7014000E-01  3.2792000E-03  1.6981000E-01
 8.5000000E+01  1.9341000E-02 -9.8653000E-01  9.9838000E-01  1.5319000E-01  3.3084000E-03  1.5285000E-01
 8.5500000E+01  1.9009000E-02 -9.8900000E-01  9.9835000E-01  1.3615000E-01  3.3365000E-03  1.3582000E-01
 8.6000000E+01  1.8689000E-02 -9.9117000E-01  9.9832000E-01  1.1905000E-01  3.3633000E-03  1.1873000E-01
 8.6500000E+01  1.8380000E-02 -9.9306000E-01  9.9829000E-01  1.0188000E-01  3.3889000E-03  1.0157000E-01
 8.7000000E+01  1.8082000E-02 -9.9465000E-01  9.9827000E-01  8.4669000E-02  3.4131000E-03  8.4364000E-02
 8.7500000E+01  1.7795000E-02 -9.9594000E-01  9.9824000E-01  6.7413000E-02  3.4361000E-03  6.7117000E-02
 8.8000000E+01  1.7517000E-02 -9.9693000E-01  9.9821000E-01  5.0124000E-02  3.4578000E-03  4.9837000E-02
 8.8500000E+01  1.7249000E-02 -9.9763000E-01  9.9818000E-01  3.2811000E-02  3.4781000E-03  3.2534000E-02
 8.9000000E+01  1.6990000E-02 -9.9802000E-01  9.9815000E-01  1.5483000E-02  3.4970000E-03  1.5216000E-02
 8.9500000E+01  1.6741000E-02 -9.9811000E-01  9.9812000E-01 -1.8506000E-03  3.5147000E-03 -2.1059000E-03
 9.0000000E+01  1.6500000E-02 -9.9791000E-01  9.9810000E-01 -1.9181000E-02  3.5309000E-03 -1.9424000E-02
 9.0500000E+01  1.6267000E-02 -9.9740000E-01  9.9807000E-01 -3.6498000E-02  3.5458000E-03 -3.6729000E-02
 9.1000000E+01  1.6042000E-02 -9.9659000E-01  9.9804000E-01 -5.3794000E-02  3.5592000E-03 -5.4012000E-02
 9.1500000E+01  1.5826000E-02 -9.9548000E-01  9.9802000E-01 -7.1059000E-02  3.5713000E-03 -7.1264000E-02
 9.2000000E+01  1.5616000E-02 -9.9408000E-01  9.9799000E-01 -8.8284000E-02  3.5820000E-03 -8.8475000E-02
 9.2500000E+01  1.5414000E-02 -9.9238000E-01  9.9796000E-01 -1.0546000E-01  3.5914000E-03 -1.0564000E-01
 9.3000000E+01  1.5219000E-02 -9.9039000E-01  9.9794000E-01 -1.2258000E-01  3.5993000E-03 -1.2274000E-01
 9.3500000E+01  1.5031000E-02 -9.8810000E-01  9.9791000E-01 -1.3963000E-01  3.6058000E-03 -1.3978000E-01
 9.4000000E+01  1.4850000E-02 -9.8553000E-01  9.9789000E-01 -1.5661000E-01  3.6110000E-03 -1.5674000E-01
 9.4500000E+01  1.4674000E-02 -9.8268000E-01  9.9786000E-01 -1.7351000E-01  3.6148000E-03 -1.7362000E-01
 9.5000000E+01  1.4505000E-02 -9.7954000E-01  9.9784000E-01 -1.9032000E-01  3.6172000E-03 -1.9041000E-01
 9.5500000E+01  1.4342000E-02 -9.7612000E-01  9.9781000E-01 -2.0702000E-01  3.6183000E-03 -2.0710000E-01
 9.6000000E+01  1.4184000E-02 -9.7243000E-01  9.9779000E-01 -2.2362000E-01  3.6181000E-03 -2.2368000E-01
 9.6500000E+01  1.4032000E-02 -9.6847000E-01  9.9777000E-01 -2.4011000E-01  3.6165000E-03 -2.4015000E-01
 9.7000000E+01  1.3885000E-02 -9.6424000E-01  9.9774000E-01 -2.5647000E-01  3.6136000E-03 -2.5649000E-01
 9.7500000E+01  1.3743000E-02 -9.5976000E-01  9.9772000E-01 -2.7270000E-01  3.6094000E-03 -2.7270000E-01
 9.8000000E+01  1.3606000E-02 -9.5501000E-01  9.9770000E-01 -2.8880000E-01  3.6039000E-03 -2.8878000E-01
 9.8500000E+01  1.3474000E-02 -9.5002000E-01  9.9768000E-01 -3.0475000E-01  3.5972000E-03 -3.0471000E-01
 9.9000000E+01  1.3346000E-02 -9.4479000E-01  9.9766000E-01 -3.2056000E-01  3.5893000E-03 -3.2050000E-01
 9.9500000E+01  1.3223000E-02 -9.3931000E-01  9.9764000E-01 -3.3621000E-01  3.5801000E-03 -3.3612000E-01
 1.0000000E+02  1.3105000E-02 -9.3360000E-01  9.9762000E-01 -3.5170000E-01  3.5697000E-03 -3.5159000E-01
 1.0050000E+02  1.2990000E-02 -9.2767000E-01  9.9760000E-01 -3.6702000E-01  3.5582000E-03 -3.6689000E-01
 1.0100000E+02  1.2879000E-02 -9.2151000E-01  9.9758000E-01 -3.8216000E-01  3.5455000E-03 -3.8201000E-01
 1.0150000E+02  1.2773000E-02 -9.1514000E-01  9.9756000E-01 -3.9713000E-01  3.5317000E-03 -3.9695000E-01
 1.0200000E+02  1.2670000E-02 -9.0856000E-01  9.9755000E-01 -4.1192000E-01  3.5168000E-03 -4.1172000E-01
 1.0250000E+02  1.2570000E-02 -9.0178000E-01  9.9753000E-01 -4.2651000E-01  3.5008000E-03 -4.2629000E-01
 1.0300000E+02  1.2475000E-02 -8.9481000E-01  9.9751000E-01 -4.4092000E-01  3.4838000E-03 -4.4067000E-01
 1.0350000E+02  1.2382000E-02 -8.8765000E-01  9.9750000E-01 -4.5513000E-01  3.4658000E-03 -4.5486000E-01
 1.0400000E+02  1.2293000E-02 -8.8030000E-01  9.9748000E-01 -4.6914000E-01  3.4467000E-03 -4.6884000E-01
 1.0450000E+02  1.2207000E-02 -8.7279000E-01  9.9747000E-01 -4.8295000E-01  3.4268000E-03 -4.8263000E-01
 1.0500000E+02  1.2124000E-02 -8.6510000E-01  9.9745000E-01 -4.9655000E-01  3.4059000E-03 -4.9620000E-01
 1.0550000E+02  1.2044000E-02 -8.5726000E-01  9.9744000E-01 -5.0994000E-01  3.3840000E-03 -5.0957000E-01
 1.0600000E+02  1.1967000E-02 -8.4927000E-01  9.9742000E-01 -5.2312000E-01  3.3613000E-03 -5.2272000E-01
 1.0650000E+02  1.1893000E-02 -8.4113000E-01  9.9741000E-01 -5.3609000E-01  3.3378000E-03 -5.3566000E-01
 1.0700000E+02  1.1821000E-02 -8.3285000E-01  9.9740000E-01 -5.4884000E-01  3.3135000E-03 -5.4839000E-01
 1.0750000E+02  1.1752000E-02 -8.2444000E-01  9.9738000E-01 -5.6137000E-01  3.2883000E-03 -5.6089000E-01
 1.0800000E+02  1.1686000E-02 -8.1590000E-01  9.9737000E-01 -5.7368000E-01  3.2624000E-03 -5.7318000E-01
 1.0850000E+02  1.1621000E-02 -8.0725000E-01  9.9736000E-01 -5.8577000E-01  3.2358000E-03 -5.8524000E-01
 1.0900000E+02  1.1560000E-02 -7.9849000E-01  9.9735000E-01 -5.9764000E-01  3.2085000E-03 -5.9708000E-01
 1.0950000E+02  1.1500000E-02 -7.8962000E-01  9.9734000E-01 -6.0929000E-01  3.1805000E-03 -6.0870000E-01
 1.1000000E+02  1.1443000E-02 -7.8066000E-01  9.9733000E-01 -6.2071000E-01  3.1518000E-03 -6.2010000E-01
 1.1050000E+02  1.1388000E-02 -7.7161000E-01  9.9732000E-01 -6.3191000E-01  3.1226000E-03 -6.3127000E-01
 1.1100000E+02  1.1335000E-02 -7.6248000E-01  9.9731000E-01 -6.4289000E-01  3.0927000E-03 -6.4222000E-01
 1.1150000E+02  1.1284000E-02 -7.5327000E-01  9.9730000E-01 -6.5364000E-01  3.0623000E-03 -6.5295000E-01
 1.1200000E+02  1.1235000E-02 -7.4399000E-01  9.9729000E-01 -6.6417000E-01  3.0314000E-03 -6.6345000E-01
 1.1250000E+02  1.1188000E-02 -7.3464000E-01  9.9728000E-01 -6.7448000E-01  2.9999000E-03 -6.7373000E-01
 1.1300000E+02  1.1142000E-02 -7.2524000E-01  9.9728000E-01 -6.8456000E-01  2.9680000E-03 -6.8379000E-01
 1.1350000E+02  1.1099000E-02 -7.1579000E-01  9.9727000E-01 -6.9443000E-01  2.9357000E-03 -6.9363000E-01
 1.1400000E+02  1.1057000E-02 -7.0630000E-01  9.9726000E-01 -7.0407000E-01  2.9029000E-03 -7.0324000E-01
 1.1450000E+02  1.1017000E-02 -6.9677000E-01  9.9726000E-01 -7.1350000E-01  2.8697000E-03 -7.1264000E-01
 1.1500000E+02  1.0978000E-02 -6.8720000E-01  9.9725000E-01 -7.2271000E-01  2.8362000E-03 -7.2182000E-01
 1.1550000E+02  1.0941000E-02 -6.7761000E-01  9.9724000E-01 -7.3170000E-01  2.8023000E-03 -7.3079000E-01
 1.1600000E+02  1.0906000E-02 -6.6799000E-01  9.9724000E-01 -7.4048000E-01  2.7681000E-03 -7.3954000E-01
 1.1650000E+02  1.0872000E-02 -6.5836000E-01  9.9723000E-01 -7.4905000E-01  2.7336000E-03 -7.4809000E-01
 1.1700000E+02  1.0839000E-02 -6.4872000E-01  9.9723000E-01 -7.5740000E-01  2.6988000E-03 -7.5642000E-01
 1.1750000E+02  1.0808000E-02 -6.3907000E-01  9.9722000E-01 -7.6556000E-01  2.6638000E-03 -7.6454000E-01
 1.1800000E+02  1.0778000E-02 -6.2943000E-01  9.9722000E-01 -7.7350000E-01  2.6285000E-03 -7.7246000E-01
 1.1850000E+02  1.0749000E-02 -6.1978000E-01  9.9722000E-01 -7.8124000E-01  2.5931000E-03 -7.8018000E-01
 1.1900000E+02  1.0722000E-02 -6.1015000E-01  9.9721000E-01 -7.8878000E-01  2.5574000E-03 -7.8769000E-01
 1.1950000E+02  1.0696000E-02 -6.0053000E-01  9.9721000E-01 -7.9613000E-01  2.5216000E-03 -7.9501000E-01
 1.2000000E+02  1.0671000E-02 -5.9093000E-01  9.9721000E-01 -8.0328000E-01  2.4857000E-03 -8.0213000E-01
 1.2050000E+02  1.0648000E-02 -5.8135000E-01  9.9720000E-01 -8.1023000E-01  2.4497000E-03 -8.0906000E-01
 1.2100000E+02  1.0625000E-02 -5.7180000E-01  9.9720000E-01 -8.1700000E-01  2.4135000E-03 -8.1580000E-01
 1.2150000E+02  1.0603000E-02 -5.6227000E-01  9.9720000E-01 -8.2358000E-01  2.3773000E-03 -8.2236000E-01
 1.2200000E+02  1.0583000E-02 -5.5279000E-01  9.9720000E-01 -8.2997000E-01  2.3410000E-03 -8.2873000E-01
 1.2250000E+02  1.0564000E-02 -5.4334000E-01  9.9720000E-01 -8.3619000E-01  2.3047000E-03 -8.3492000E-01
 1.2300000E+02  1.0545000E-02 -5.3393000E-01  9.9720000E-01 -8.4222000E-01  2.2683000E-03 -8.4093000E-01
 1.2350000E+02  1.0528000E-02 -5.2457000E-01  9.9719000E-01 -8.4808000E-01  2.2320000E-03 -8.4677000E-01
 1.2400000E+02  1.0511000E-02 -5.1525000E-01  9.9719000E-01 -8.5377000E-01  2.1956000E-03 -8.5243000E-01
 1.2450000E+02  1.0496000E-02 -5.0599000E-01  9.9719000E-01 -8.5929000E-01  2.1593000E-03 -8.5793000E-01
 1.2500000E+02  1.0481000E-02 -4.9678000E-01  9.9719000E-01 -8.6465000E-01  2.1231000E-03 -8.6326000E-01
 1.2550000E+02  1.0467000E-02 -4.8763000E-01  9.9719000E-01 -8.6984000E-01  2.0869000E-03 -8.6843000E-01
 1.2600000E+02  1.0454000E-02 -4.7853000E-01  9.9719000E-01 -8.7488000E-01  2.0508000E-03 -8.7344000E-01
 1.2650000E+02  1.0442000E-02 -4.6950000E-01  9.9719000E-01 -8.7975000E-01  2.0148000E-03 -8.7830000E-01
 1.2700000E+02  1.0431000E-02 -4.6054000E-01  9.9719000E-01 -8.8448000E-01  1.9788000E-03 -8.8300000E-01
 1.2750000E+02  1.0420000E-02 -4.5164000E-01  9.9719000E-01 -8.8906000E-01  1.9431000E-03 -8.8755000E-01
 1.2800000E+02  1.0410000E-02 -4.4282000E-01  9.9720000E-01 -8.9349000E-01  1.9074000E-03 -8.9196000E-01
 1.2850000E+02  1.0401000E-02 -4.3406000E-01  9.9720000E-01 -8.9777000E-01  1.8719000E-03 -8.9622000E-01
 1.2900000E+02  1.0393000E-02 -4.2538000E-01  9.9720000E-01 -9.0192000E-01  1.8366000E-03 -9.0035000E-01
 1.2950000E+02  1.0385000E-02 -4.1677000E-01  9.9720000E-01 -9.0593000E-01  1.8014000E-03 -9.0434000E-01
 1.3000000E+02  1.0378000E-02 -4.0824000E-01  9.9720000E-01 -9.0981000E-01  1.7664000E-03 -9.0819000E-01
 1.3050000E+02  1.0371000E-02 -3.9979000E-01  9.9720000E-01 -9.1355000E-01  1.7316000E-03 -9.1192000E-01
 1.3100000E+02  1.0366000E-02 -3.9142000E-01  9.9720000E-01 -9.1717000E-01  1.6971000E-03 -9.1551000E-01
 1.3150000E+02  1.0360000E-02 -3.8313000E-01  9.9721000E-01 -9.2066000E-01  1.6627000E-03 -9.1899000E-01
 1.3200000E+02  1.0356000E-02 -3.7493000E-01  9.9721000E-01 -9.2404000E-01  1.6286000E-03 -9.2234000E-01
 1.3250000E+02  1.0352000E-02 -3.6681000E-01  9.9721000E-01 -9.2729000E-01  1.5947000E-03 -9.2558000E-01
 1.3300000E+02  1.0348000E-02 -3.5877000E-01  9.9721000E-01 -9.3043000E-01  1.5611000E-03 -9.2870000E-01
 1.3350000E+02  1.0345000E-02 -3.5083000E-01  9.9721000E-01 -9.3346000E-01  1.5277000E-03 -9.3171000E-01
 1.3400000E+02  1.0343000E-02 -3.4297000E-01  9.9722000E-01 -9.3638000E-01  1.4946000E-03 -9.3460000E-01
 1.3450000E+02  1.0341000E-02 -3.3519000E-01  9.9722000E-01 -9.3919000E-01  1.4618000E-03 -9.3740000E-01
 1.3500000E+02  1.0339000E-02 -3.2751000E-01  9.9722000E-01 -9.4190000E-01  1.4293000E-03 -9.4009000E-01
 1.3550000E+02  1.0338000E-02 -3.1992000E-01  9.9722000E-01 -9.4451000E-01  1.3971000E-03 -9.4268000E-01
 1.3600000E+02  1.0337000E-02 -3.1242000E-01  9.9723000E-01 -9.4702000E-01  1.3651000E-03 -9.4517000E-01
 1.3650000E+02  1.0337000E-02 -3.0501000E-01  9.9723000E-01 -9.4943000E-01  1.3335000E-03 -9.4757000E-01
 1.3700000E+02  1.0338000E-02 -2.9769000E-01  9.9723000E-01 -9.5176000E-01  1.3022000E-03 -9.4987000E-01
 1.3750000E+02  1.0338000E-02 -2.9047000E-01  9.9723000E-01 -9.5399000E-01  1.2712000E-03 -9.5209000E-01
 1.3800000E+02  1.0339000E-02 -2.8333000E-01  9.9724000E-01 -9.5613000E-01  1.2406000E-03 -9.5421000E-01
 1.3850000E+02  1.0341000E-02 -2.7630000E-01  9.9724000E-01 -9.5819000E-01  1.2103000E-03 -9.5626000E-01
 1.3900000E+02  1.0342000E-02 -2.6935000E-01  9.9724000E-01 -9.6017000E-01  1.1803000E-03 -9.5822000E-01
 1.3950000E+02  1.0345000E-02 -2.6250000E-01  9.9725000E-01 -9.6207000E-01  1.1507000E-03 -9.6010000E-01
 1.4000000E+02  1.0347000E-02 -2.5574000E-01  9.9725000E-01 -9.6389000E-01  1.1214000E-03 -9.6190000E-01
 1.4050000E+02  1.0350000E-02 -2.4908000E-01  9.9725000E-01 -9.6564000E-01  1.0925000E-03 -9.6363000E-01
 1.4100000E+02  1.0353000E-02 -2.4251000E-01  9.9725000E-01 -9.6731000E-01  1.0639000E-03 -9.6529000E-01
 1.4150000E+02  1.0356000E-02 -2.3604000E-01  9.9726000E-01 -9.6892000E-01  1.0357000E-03 -9.6688000E-01
 1.4200000E+02  1.0360000E-02 -2.2966000E-01  9.9726000E-01 -9.7045000E-01  1.0079000E-03 -9.6840000E-01
 1.4250000E+02  1.0364000E-02 -2.2337000E-01  9.9726000E-01 -9.7192000E-01  9.8047000E-04 -9.6985000E-01
 1.4300000E+02  1.0368000E-02 -2.1718000E-01  9.9727000E-01 -9.7333000E-01  9.5340000E-04 -9.7124000E-01
 1.4350000E+02  1.0373000E-02 -2.1109000E-01  9.9727000E-01 -9.7467000E-01  9.2670000E-04 -9.7257000E-01
 1.4400000E+02  1.0377000E-02 -2.0508000E-01  9.9727000E-01 -9.7595000E-01  9.0039000E-04 -9.7384000E-01
 1.4450000E+02  1.0382000E-02 -1.9917000E-01  9.9728000E-01 -9.7718000E-01  8.7446000E-04 -9.7505000E-01
 1.4500000E+02  1.0387000E-02 -1.9336000E-01  9.9728000E-01 -9.7835000E-01  8.4892000E-04 -9.7621000E-01
 1.4550000E+02  1.0393000E-02 -1.8764000E-01  9.9728000E-01 -9.7947000E-01  8.2377000E-04 -9.7731000E-01
 1.4600000E+02  1.0398000E-02 -1.8201000E-01  9.9728000E-01 -9.8053000E-01  7.9900000E-04 -9.7836000E-01
 1.4650000E+02  1.0404000E-02 -1.7648000E-01  9.9729000E-01 -9.8154000E-01  7.7463000E-04 -9.7936000E-01
 1.4700000E+02  1.0410000E-02 -1.7104000E-01  9.9729000E-01 -9.8251000E-01  7.5065000E-04 -9.8032000E-01
 1.4750000E+02  1.0416000E-02 -1.6569000E-01  9.9729000E-01 -9.8343000E-01  7.2707000E-04 -9.8122000E-01
 1.4800000E+02  1.0422000E-02 -1.6044000E-01  9.9730000E-01 -9.8430000E-01  7.0388000E-04 -9.8209000E-01
 1.4850000E+02  1.0428000E-02 -1.5527000E-01  9.9730000E-01 -9.8513000E-01  6.8109000E-04 -9.8290000E-01
 1.4900000E+02  1.0434000E-02 -1.5020000E-01  9.9730000E-01 -9.8592000E-01  6.5870000E-04 -9.8368000E-01
 1.4950000E+02  1.0441000E-02 -1.4522000E-01  9.9731000E-01 -9.8667000E-01  6.3670000E-04 -9.8442000E-01
 1.5000000E+02  1.0448000E-02 -1.4033000E-01  9.9731000E-01 -9.8738000E-01  6.1510000E-04 -9.8512000E-01
 1.5050000E+02  1.0454000E-02 -1.3553000E-01  9.9731000E-01 -9.8805000E-01  5.9389000E-04 -9.8578000E-01
 1.5100000E+02  1.0461000E-02 -1.3083000E-01  9.9731000E-01 -9.8869000E-01  5.7309000E-04 -9.8640000E-01
 1.5150000E+02  1.0468000E-02 -1.2621000E-01  9.9732000E-01 -9.8929000E-01  5.5268000E-04 -9.8700000E-01
 1.5200000E+02  1.0475000E-02 -1.2168000E-01  9.9732000E-01 -9.8987000E-01  5.3266000E-04 -9.8756000E-01
 1.5250000E+02  1.0482000E-02 -1.1724000E-01  9.9732000E-01 -9.9040000E-01  5.1305000E-04 -9.8808000E-01
 1.5300000E+02  1.0489000E-02 -1.1289000E-01  9.9733000E-01 -9.9091000E-01  4.9382000E-04 -9.8858000E-01
 1.5350000E+02  1.0496000E-02 -1.0863000E-01  9.9733000E-01 -9.9139000E-01  4.7500000E-04 -9.8905000E-01
 1.5400000E+02  1.0503000E-02 -1.0446000E-01  9.9733000E-01 -9.9184000E-01  4.5656000E-04 -9.8949000E-01
 1.5450000E+02  1.0510000E-02 -1.0037000E-01  9.9733000E-01 -9.9227000E-01  4.3852000E-04 -9.8991000E-01
 1.5500000E+02  1.0517000E-02 -9.6371000E-02  9.9734000E-01 -9.9267000E-01  4.2087000E-04 -9.9030000E-01
 1.5550000E+02  1.0524000E-02 -9.2459000E-02  9.9734000E-01 -9.9304000E-01  4.0360000E-04 -9.9066000E-01
 1.5600000E+02  1.0532000E-02 -8.8633000E-02  9.9734000E-01 -9.9339000E-01  3.8673000E-04 -9.9100000E-01
 1.5650000E+02  1.0539000E-02 -8.4894000E-02  9.9734000E-01 -9.9372000E-01  3.7025000E-04 -9.9133000E-01
 1.5700000E+02  1.0546000E-02 -8.1240000E-02  9.9735000E-01 -9.9403000E-01  3.5414000E-04 -9.9162000E-01
 1.5750000E+02  1.0553000E-02 -7.7671000E-02  9.9735000E-01 -9.9432000E-01  3.3843000E-04 -9.9190000E-01
 1.5800000E+02  1.0560000E-02 -7.4187000E-02  9.9735000E-01 -9.9459000E-01  3.2309000E-04 -9.9216000E-01
 1.5850000E+02  1.0567000E-02 -7.0787000E-02  9.9735000E-01 -9.9484000E-01  3.0814000E-04 -9.9241000E-01
 1.5900000E+02  1.0574000E-02 -6.7472000E-02  9.9736000E-01 -9.9507000E-01  2.9356000E-04 -9.9263000E-01
 1.5950000E+02  1.0581000E-02 -6.4240000E-02  9.9736000E-01 -9.9528000E-01  2.7936000E-04 -9.9284000E-01
 1.6000000E+02  1.0587000E-02 -6.1091000E-02  9.9736000E-01 -9.9548000E-01  2.6554000E-04 -9.9303000E-01
 1.6050000E+02  1.0594000E-02 -5.8025000E-02  9.9736000E-01 -9.9567000E-01  2.5209000E-04 -9.9321000E-01
 1.6100000E+02  1.0601000E-02 -5.5042000E-02  9.9736000E-01 -9.9584000E-01  2.3901000E-04 -9.9338000E-01
 1.6150000E+02  1.0607000E-02 -5.2141000E-02  9.9737000E-01 -9.9600000E-01  2.2630000E-04 -9.9353000E-01
 1.6200000E+02  1.0614000E-02 -4.9321000E-02  9.9737000E-01 -9.9615000E-01  2.1396000E-04 -9.9367000E-01
 1.6250000E+02  1.0620000E-02 -4.6583000E-02  9.9737000E-01 -9.9628000E-01  2.0199000E-04 -9.9379000E-01
 1.6300000E+02  1.0626000E-02 -4.3926000E-02  9.9737000E-01 -9.9640000E-01  1.9037000E-04 -9.9391000E-01
 1.6350000E+02  1.0633000E-02 -4.1350000E-02  9.9737000E-01 -9.9651000E-01  1.7912000E-04 -9.9402000E-01
 1.6400000E+02  1.0639000E-02 -3.8854000E-02  9.9738000E-01 -9.9662000E-01  1.6823000E-04 -9.9411000E-01
 1.6450000E+02  1.0644000E-02 -3.6439000E-02  9.9738000E-01 -9.9671000E-01  1.5770000E-04 -9.9420000E-01
 1.6500000E+02  1.0650000E-02 -3.4103000E-02  9.9738000E-01 -9.9679000E-01  1.4752000E-04 -9.9428000E-01
 1.6550000E+02  1.0656000E-02 -3.1847000E-02  9.9738000E-01 -9.9687000E-01  1.3770000E-04 -9.9435000E-01
 1.6600000E+02  1.0661000E-02 -2.9670000E-02  9.9738000E-01 -9.9694000E-01  1.2823000E-04 -9.9441000E-01
 1.6650000E+02  1.0667000E-02 -2.7572000E-02  9.9738000E-01 -9.9700000E-01  1.1911000E-04 -9.9447000E-01
 1.6700000E+02  1.0672000E-02 -2.5552000E-02  9.9739000E-01 -9.9706000E-01  1.1034000E-04 -9.9452000E-01
 1.6750000E+02  1.0677000E-02 -2.3611000E-02  9.9739000E-01 -9.9711000E-01  1.0192000E-04 -9.9457000E-01
 1.6800000E+02  1.0682000E-02 -2.1748000E-02  9.9739000E-01 -9.9715000E-01  9.3837000E-05 -9.9461000E-01
 1.6850000E+02  1.0687000E-02 -1.9964000E-02  9.9739000E-01 -9.9719000E-01  8.6101000E-05 -9.9464000E-01
 1.6900000E+02  1.0691000E-02 -1.8256000E-02  9.9739000E-01 -9.9722000E-01  7.8708000E-05 -9.9467000E-01
 1.6950000E+02  1.0696000E-02 -1.6626000E-02  9.9739000E-01 -9.9725000E-01  7.1655000E-05 -9.9470000E-01
 1.7000000E+02  1.0700000E-02 -1.5074000E-02  9.9739000E-01 -9.9728000E-01  6.4941000E-05 -9.9472000E-01
 1.7050000E+02  1.0704000E-02 -1.3598000E-02  9.9739000E-01 -9.9730000E-01  5.8564000E-05 -9.9474000E-01
 1.7100000E+02  1.0708000E-02 -1.2200000E-02  9.9740000E-01 -9.9732000E-01  5.2523000E-05 -9.9475000E-01
 1.7150000E+02  1.0711000E-02 -1.0878000E-02  9.9740000E-01 -9.9734000E-01  4.6816000E-05 -9.9477000E-01
 1.7200000E+02  1.0715000E-02 -9.6320000E-03  9.9740000E-01 -9.9735000E-01  4.1443000E-05 -9.9478000E-01
 1.7250000E+02  1.0718000E-02 -8.4627000E-03  9.9740000E-01 -9.9736000E-01  3.6402000E-05 -9.9479000E-01
 1.7300000E+02  1.0721000E-02 -7.3696000E-03  9.9740000E-01 -9.9737000E-01  3.1691000E-05 -9.9479000E-01
 1.7350000E+02  1.0724000E-02 -6.3525000E-03  9.9740000E-01 -9.9738000E-01  2.7311000E-05 -9.9480000E-01
 1.7400000E+02  1.0727000E-02 -5.4113000E-03  9.9740000E-01 -9.9739000E-01  2.3259000E-05 -9.9480000E-01
 1.7450000E+02  1.0729000E-02 -4.5458000E-03  9.9740000E-01 -9.9739000E-01  1.9535000E-05 -9.9481000E-01
 1.7500000E+02  1.0731000E-02 -3.7560000E-03  9.9740000E-01 -9.9739000E-01  1.6138000E-05 -9.9481000E-01
 1.7550000E+02  1.0733000E-02 -3.0417000E-03  9.9740000E-01 -9.9740000E-01  1.3066000E-05 -9.9481000E-01
 1.7600000E+02  1.0735000E-02 -2.4029000E-03  9.9740000E-01 -9.9740000E-01  1.0320000E-05 -9.9481000E-01
 1.7650000E+02  1.0737000E-02 -1.8394000E-03  9.9740000E-01 -9.9740000E-01  7.8991000E-06 -9.9481000E-01
 1.7700000E+02  1.0738000E-02 -1.3512000E-03  9.9740000E-01 -9.9740000E-01  5.8019000E-06 -9.9481000E-01
 1.7750000E+02  1.0739000E-02 -9.3823000E-04  9.9740000E-01 -9.9740000E-01  4.0282000E-06 -9.9481000E-01
 1.7800000E+02  1.0740000E-02 -6.0040000E-04  9.9740000E-01 -9.9740000E-01  2.5775000E-06 -9.9481000E-01
 1.7850000E+02  1.0741000E-02 -3.3770000E-04  9.9740000E-01 -9.9740000E-01  1.4497000E-06 -9.9481000E-01
 1.7900000E+02  1.0742000E-02 -1.5008000E-04  9.9740000E-01 -9.9740000E-01  6.4422000E-07 -9.9481000E-01
 1.7950000E+02  1.0742000E-02 -3.7518000E-05  9.9740000E-01 -9.9740000E-01  1.6104000E-07 -9.9481000E-01
 1.8000000E+02  1.0742000E-02 -3.7194000E-15  9.9740000E-01 -9.9740000E-01  1.5965000E-17 -9.9481000E-01
