length scale factor
1.0746000E-04
volume cluster radius, area mean sphere radius, circumscribing radius, cross section radius
2.1641054E-03 1.0735254E-04 1.2730453E-02 2.1641054E-03
total extinction, absorption, scattering efficiencies (unpolarized incidence)
5.5176000E-05 5.5169000E-05 7.3739000E-09
theta     11          12          22          33          34          44
 0.0000000E+00  1.0937000E-03  0.0000000E+00  9.9994000E-01  9.9994000E-01  0.0000000E+00  9.9988000E-01
 5.0000000E-01  1.0937000E-03 -3.8075000E-05  9.9994000E-01  9.9994000E-01  1.6289000E-14  9.9988000E-01
 1.0000000E+00  1.0935000E-03 -1.5231000E-04  9.9994000E-01  9.9994000E-01  6.5158000E-14  9.9988000E-01
 1.5000000E+00  1.0933000E-03 -3.4271000E-04  9.9994000E-01  9.9994000E-01  1.4661000E-13  9.9988000E-01
 2.0000000E+00  1.0930000E-03 -6.0932000E-04  9.9994000E-01  9.9994000E-01  2.6067000E-13  9.9988000E-01
 2.5000000E+00  1.0927000E-03 -9.5217000E-04  9.9994000E-01  9.9994000E-01  4.0734000E-13  9.9988000E-01
 3.0000000E+00  1.0922000E-03 -1.3713000E-03  9.9994000E-01  9.9994000E-01  5.8666000E-13  9.9988000E-01
 3.5000000E+00  1.0917000E-03 -1.8668000E-03  9.9994000E-01  9.9994000E-01  7.9864000E-13  9.9988000E-01
 4.0000000E+00  1.0910000E-03 -2.4387000E-03  9.9994000E-01  9.9994000E-01  1.0433000E-12  9.9988000E-01
 4.5000000E+00  1.0903000E-03 -3.0872000E-03  9.9994000E-01  9.9993000E-01  1.3207000E-12  9.9987000E-01
 5.0000000E+00  1.0896000E-03 -3.8123000E-03  9.9994000E-01  9.9993000E-01  1.6309000E-12  9.9987000E-01
 5.5000000E+00  1.0887000E-03 -4.6141000E-03  9.9994000E-01  9.9993000E-01  1.9739000E-12  9.9987000E-01
 6.0000000E+00  1.0877000E-03 -5.4927000E-03  9.9994000E-01  9.9992000E-01  2.3498000E-12  9.9986000E-01
 6.5000000E+00  1.0867000E-03 -6.4484000E-03  9.9994000E-01  9.9992000E-01  2.7587000E-12  9.9986000E-01
 7.0000000E+00  1.0856000E-03 -7.4811000E-03  9.9994000E-01  9.9991000E-01  3.2005000E-12  9.9985000E-01
 7.5000000E+00  1.0844000E-03 -8.5911000E-03  9.9994000E-01  9.9990000E-01  3.6754000E-12  9.9984000E-01
 8.0000000E+00  1.0831000E-03 -9.7786000E-03  9.9994000E-01  9.9989000E-01  4.1834000E-12  9.9983000E-01
 8.5000000E+00  1.0818000E-03 -1.1044000E-02  9.9994000E-01  9.9988000E-01  4.7246000E-12  9.9982000E-01
 9.0000000E+00  1.0803000E-03 -1.2387000E-02  9.9994000E-01  9.9986000E-01  5.2991000E-12  9.9980000E-01
 9.5000000E+00  1.0788000E-03 -1.3807000E-02  9.9994000E-01  9.9984000E-01  5.9069000E-12  9.9978000E-01
 1.0000000E+01  1.0772000E-03 -1.5307000E-02  9.9994000E-01  9.9982000E-01  6.5483000E-12  9.9976000E-01
 1.0500000E+01  1.0755000E-03 -1.6884000E-02  9.9994000E-01  9.9980000E-01  7.2231000E-12  9.9973000E-01
 1.1000000E+01  1.0738000E-03 -1.8540000E-02  9.9994000E-01  9.9977000E-01  7.9317000E-12  9.9971000E-01
 1.1500000E+01  1.0720000E-03 -2.0275000E-02  9.9994000E-01  9.9973000E-01  8.6739000E-12  9.9967000E-01
 1.2000000E+01  1.0701000E-03 -2.2090000E-02  9.9994000E-01  9.9969000E-01  9.4501000E-12  9.9963000E-01
 1.2500000E+01  1.0681000E-03 -2.3983000E-02  9.9994000E-01  9.9965000E-01  1.0260000E-11  9.9959000E-01
 1.3000000E+01  1.0660000E-03 -2.5956000E-02  9.9994000E-01  9.9960000E-01  1.1104000E-11  9.9954000E-01
 1.3500000E+01  1.0639000E-03 -2.8010000E-02  9.9994000E-01  9.9955000E-01  1.1983000E-11  9.9948000E-01
 1.4000000E+01  1.0617000E-03 -3.0143000E-02  9.9994000E-01  9.9948000E-01  1.2895000E-11  9.9942000E-01
 1.4500000E+01  1.0594000E-03 -3.2357000E-02  9.9994000E-01  9.9941000E-01  1.3843000E-11  9.9935000E-01
 1.5000000E+01  1.0571000E-03 -3.4652000E-02  9.9994000E-01  9.9934000E-01  1.4824000E-11  9.9928000E-01
 1.5500000E+01  1.0547000E-03 -3.7028000E-02  9.9994000E-01  9.9925000E-01  1.5841000E-11  9.9919000E-01
 1.6000000E+01  1.0522000E-03 -3.9485000E-02  9.9994000E-01  9.9916000E-01  1.6892000E-11  9.9910000E-01
 1.6500000E+01  1.0496000E-03 -4.2024000E-02  9.9994000E-01  9.9905000E-01  1.7978000E-11  9.9899000E-01
 1.7000000E+01  1.0470000E-03 -4.4646000E-02  9.9994000E-01  9.9894000E-01  1.9100000E-11  9.9888000E-01
 1.7500000E+01  1.0443000E-03 -4.7350000E-02  9.9994000E-01  9.9881000E-01  2.0256000E-11  9.9875000E-01
 1.8000000E+01  1.0415000E-03 -5.0136000E-02  9.9994000E-01  9.9868000E-01  2.1449000E-11  9.9862000E-01
 1.8500000E+01  1.0387000E-03 -5.3006000E-02  9.9994000E-01  9.9853000E-01  2.2676000E-11  9.9847000E-01
 1.9000000E+01  1.0357000E-03 -5.5959000E-02  9.9994000E-01  9.9837000E-01  2.3940000E-11  9.9831000E-01
 1.9500000E+01  1.0328000E-03 -5.8996000E-02  9.9994000E-01  9.9819000E-01  2.5239000E-11  9.9813000E-01
 2.0000000E+01  1.0297000E-03 -6.2118000E-02  9.9994000E-01  9.9800000E-01  2.6574000E-11  9.9794000E-01
 2.0500000E+01  1.0266000E-03 -6.5324000E-02  9.9994000E-01  9.9780000E-01  2.7946000E-11  9.9774000E-01
 2.1000000E+01  1.0235000E-03 -6.8615000E-02  9.9993000E-01  9.9758000E-01  2.9354000E-11  9.9752000E-01
 2.1500000E+01  1.0203000E-03 -7.1992000E-02  9.9993000E-01  9.9734000E-01  3.0799000E-11  9.9728000E-01
 2.2000000E+01  1.0170000E-03 -7.5454000E-02  9.9993000E-01  9.9708000E-01  3.2280000E-11  9.9702000E-01
 2.2500000E+01  1.0136000E-03 -7.9003000E-02  9.9993000E-01  9.9681000E-01  3.3798000E-11  9.9675000E-01
 2.3000000E+01  1.0102000E-03 -8.2638000E-02  9.9993000E-01  9.9651000E-01  3.5353000E-11  9.9645000E-01
 2.3500000E+01  1.0068000E-03 -8.6360000E-02  9.9993000E-01  9.9620000E-01  3.6946000E-11  9.9614000E-01
 2.4000000E+01  1.0032000E-03 -9.0170000E-02  9.9993000E-01  9.9586000E-01  3.8575000E-11  9.9580000E-01
 2.4500000E+01  9.9967000E-04 -9.4067000E-02  9.9993000E-01  9.9550000E-01  4.0243000E-11  9.9544000E-01
 2.5000000E+01  9.9604000E-04 -9.8053000E-02  9.9993000E-01  9.9511000E-01  4.1948000E-11  9.9505000E-01
 2.5500000E+01  9.9236000E-04 -1.0213000E-01  9.9993000E-01  9.9470000E-01  4.3691000E-11  9.9464000E-01
 2.6000000E+01  9.8862000E-04 -1.0629000E-01  9.9993000E-01  9.9427000E-01  4.5472000E-11  9.9421000E-01
 2.6500000E+01  9.8484000E-04 -1.1054000E-01  9.9993000E-01  9.9380000E-01  4.7291000E-11  9.9374000E-01
 2.7000000E+01  9.8100000E-04 -1.1489000E-01  9.9993000E-01  9.9331000E-01  4.9149000E-11  9.9325000E-01
 2.7500000E+01  9.7712000E-04 -1.1932000E-01  9.9993000E-01  9.9279000E-01  5.1045000E-11  9.9273000E-01
 2.8000000E+01  9.7319000E-04 -1.2384000E-01  9.9993000E-01  9.9223000E-01  5.2980000E-11  9.9217000E-01
 2.8500000E+01  9.6921000E-04 -1.2845000E-01  9.9993000E-01  9.9165000E-01  5.4954000E-11  9.9159000E-01
 2.9000000E+01  9.6518000E-04 -1.3316000E-01  9.9993000E-01  9.9102000E-01  5.6967000E-11  9.9096000E-01
 2.9500000E+01  9.6111000E-04 -1.3796000E-01  9.9993000E-01  9.9037000E-01  5.9019000E-11  9.9031000E-01
 3.0000000E+01  9.5700000E-04 -1.4285000E-01  9.9993000E-01  9.8967000E-01  6.1111000E-11  9.8961000E-01
 3.0500000E+01  9.5285000E-04 -1.4783000E-01  9.9993000E-01  9.8894000E-01  6.3242000E-11  9.8888000E-01
 3.1000000E+01  9.4865000E-04 -1.5290000E-01  9.9993000E-01  9.8817000E-01  6.5412000E-11  9.8811000E-01
 3.1500000E+01  9.4442000E-04 -1.5807000E-01  9.9993000E-01  9.8736000E-01  6.7623000E-11  9.8730000E-01
 3.2000000E+01  9.4015000E-04 -1.6333000E-01  9.9993000E-01  9.8650000E-01  6.9873000E-11  9.8644000E-01
 3.2500000E+01  9.3584000E-04 -1.6868000E-01  9.9993000E-01  9.8560000E-01  7.2164000E-11  9.8554000E-01
 3.3000000E+01  9.3150000E-04 -1.7413000E-01  9.9993000E-01  9.8465000E-01  7.4494000E-11  9.8459000E-01
 3.3500000E+01  9.2713000E-04 -1.7967000E-01  9.9993000E-01  9.8365000E-01  7.6865000E-11  9.8359000E-01
 3.4000000E+01  9.2272000E-04 -1.8531000E-01  9.9993000E-01  9.8261000E-01  7.9276000E-11  9.8255000E-01
 3.4500000E+01  9.1828000E-04 -1.9104000E-01  9.9993000E-01  9.8151000E-01  8.1728000E-11  9.8145000E-01
 3.5000000E+01  9.1381000E-04 -1.9686000E-01  9.9993000E-01  9.8036000E-01  8.4220000E-11  9.8030000E-01
 3.5500000E+01  9.0931000E-04 -2.0279000E-01  9.9993000E-01  9.7915000E-01  8.6753000E-11  9.7909000E-01
 3.6000000E+01  9.0478000E-04 -2.0880000E-01  9.9993000E-01  9.7788000E-01  8.9327000E-11  9.7782000E-01
 3.6500000E+01  9.0023000E-04 -2.1491000E-01  9.9993000E-01  9.7656000E-01  9.1941000E-11  9.7650000E-01
 3.7000000E+01  8.9566000E-04 -2.2112000E-01  9.9993000E-01  9.7517000E-01  9.4596000E-11  9.7511000E-01
 3.7500000E+01  8.9106000E-04 -2.2742000E-01  9.9993000E-01  9.7372000E-01  9.7292000E-11  9.7366000E-01
 3.8000000E+01  8.8644000E-04 -2.3382000E-01  9.9992000E-01  9.7220000E-01  1.0003000E-10  9.7214000E-01
 3.8500000E+01  8.8180000E-04 -2.4031000E-01  9.9992000E-01  9.7062000E-01  1.0281000E-10  9.7056000E-01
 3.9000000E+01  8.7714000E-04 -2.4690000E-01  9.9992000E-01  9.6896000E-01  1.0562000E-10  9.6890000E-01
 3.9500000E+01  8.7246000E-04 -2.5358000E-01  9.9992000E-01  9.6724000E-01  1.0848000E-10  9.6718000E-01
 4.0000000E+01  8.6777000E-04 -2.6036000E-01  9.9992000E-01  9.6543000E-01  1.1138000E-10  9.6537000E-01
 4.0500000E+01  8.6307000E-04 -2.6723000E-01  9.9992000E-01  9.6355000E-01  1.1432000E-10  9.6349000E-01
 4.1000000E+01  8.5835000E-04 -2.7420000E-01  9.9992000E-01  9.6159000E-01  1.1730000E-10  9.6153000E-01
 4.1500000E+01  8.5361000E-04 -2.8126000E-01  9.9992000E-01  9.5955000E-01  1.2032000E-10  9.5949000E-01
 4.2000000E+01  8.4887000E-04 -2.8842000E-01  9.9992000E-01  9.5742000E-01  1.2339000E-10  9.5737000E-01
 4.2500000E+01  8.4412000E-04 -2.9567000E-01  9.9992000E-01  9.5521000E-01  1.2649000E-10  9.5515000E-01
 4.3000000E+01  8.3937000E-04 -3.0301000E-01  9.9992000E-01  9.5290000E-01  1.2963000E-10  9.5285000E-01
 4.3500000E+01  8.3460000E-04 -3.1044000E-01  9.9992000E-01  9.5051000E-01  1.3281000E-10  9.5045000E-01
 4.4000000E+01  8.2984000E-04 -3.1797000E-01  9.9992000E-01  9.4802000E-01  1.3603000E-10  9.4796000E-01
 4.4500000E+01  8.2507000E-04 -3.2559000E-01  9.9992000E-01  9.4542000E-01  1.3929000E-10  9.4537000E-01
 4.5000000E+01  8.2029000E-04 -3.3330000E-01  9.9992000E-01  9.4273000E-01  1.4259000E-10  9.4268000E-01
 4.5500000E+01  8.1552000E-04 -3.4110000E-01  9.9992000E-01  9.3994000E-01  1.4593000E-10  9.3988000E-01
 4.6000000E+01  8.1075000E-04 -3.4900000E-01  9.9992000E-01  9.3704000E-01  1.4930000E-10  9.3698000E-01
 4.6500000E+01  8.0598000E-04 -3.5697000E-01  9.9992000E-01  9.3403000E-01  1.5272000E-10  9.3397000E-01
 4.7000000E+01  8.0122000E-04 -3.6504000E-01  9.9992000E-01  9.3090000E-01  1.5617000E-10  9.3085000E-01
 4.7500000E+01  7.9646000E-04 -3.7319000E-01  9.9992000E-01  9.2766000E-01  1.5966000E-10  9.2761000E-01
 4.8000000E+01  7.9171000E-04 -3.8143000E-01  9.9992000E-01  9.2431000E-01  1.6318000E-10  9.2425000E-01
 4.8500000E+01  7.8697000E-04 -3.8976000E-01  9.9992000E-01  9.2083000E-01  1.6674000E-10  9.2077000E-01
 4.9000000E+01  7.8224000E-04 -3.9816000E-01  9.9991000E-01  9.1722000E-01  1.7034000E-10  9.1717000E-01
 4.9500000E+01  7.7752000E-04 -4.0665000E-01  9.9991000E-01  9.1349000E-01  1.7397000E-10  9.1344000E-01
 5.0000000E+01  7.7282000E-04 -4.1521000E-01  9.9991000E-01  9.0963000E-01  1.7763000E-10  9.0957000E-01
 5.0500000E+01  7.6812000E-04 -4.2386000E-01  9.9991000E-01  9.0563000E-01  1.8133000E-10  9.0558000E-01
 5.1000000E+01  7.6345000E-04 -4.3258000E-01  9.9991000E-01  9.0150000E-01  1.8506000E-10  9.0144000E-01
 5.1500000E+01  7.5879000E-04 -4.4137000E-01  9.9991000E-01  8.9723000E-01  1.8882000E-10  8.9717000E-01
 5.2000000E+01  7.5415000E-04 -4.5024000E-01  9.9991000E-01  8.9281000E-01  1.9262000E-10  8.9275000E-01
 5.2500000E+01  7.4953000E-04 -4.5918000E-01  9.9991000E-01  8.8824000E-01  1.9644000E-10  8.8819000E-01
 5.3000000E+01  7.4493000E-04 -4.6819000E-01  9.9991000E-01  8.8353000E-01  2.0029000E-10  8.8347000E-01
 5.3500000E+01  7.4036000E-04 -4.7726000E-01  9.9991000E-01  8.7866000E-01  2.0418000E-10  8.7861000E-01
 5.4000000E+01  7.3580000E-04 -4.8640000E-01  9.9991000E-01  8.7363000E-01  2.0808000E-10  8.7358000E-01
 5.4500000E+01  7.3128000E-04 -4.9560000E-01  9.9991000E-01  8.6845000E-01  2.1202000E-10  8.6840000E-01
 5.5000000E+01  7.2678000E-04 -5.0485000E-01  9.9991000E-01  8.6310000E-01  2.1598000E-10  8.6305000E-01
 5.5500000E+01  7.2231000E-04 -5.1416000E-01  9.9991000E-01  8.5758000E-01  2.1996000E-10  8.5753000E-01
 5.6000000E+01  7.1787000E-04 -5.2353000E-01  9.9991000E-01  8.5190000E-01  2.2397000E-10  8.5185000E-01
 5.6500000E+01  7.1346000E-04 -5.3294000E-01  9.9991000E-01  8.4604000E-01  2.2800000E-10  8.4599000E-01
 5.7000000E+01  7.0909000E-04 -5.4240000E-01  9.9991000E-01  8.4001000E-01  2.3204000E-10  8.3996000E-01
 5.7500000E+01  7.0474000E-04 -5.5191000E-01  9.9991000E-01  8.3379000E-01  2.3611000E-10  8.3374000E-01
 5.8000000E+01  7.0044000E-04 -5.6145000E-01  9.9990000E-01  8.2740000E-01  2.4019000E-10  8.2735000E-01
 5.8500000E+01  6.9617000E-04 -5.7103000E-01  9.9990000E-01  8.2081000E-01  2.4429000E-10  8.2076000E-01
 5.9000000E+01  6.9193000E-04 -5.8064000E-01  9.9990000E-01  8.1404000E-01  2.4840000E-10  8.1399000E-01
 5.9500000E+01  6.8774000E-04 -5.9028000E-01  9.9990000E-01  8.0708000E-01  2.5252000E-10  8.0703000E-01
 6.0000000E+01  6.8359000E-04 -5.9994000E-01  9.9990000E-01  7.9993000E-01  2.5666000E-10  7.9988000E-01
 6.0500000E+01  6.7947000E-04 -6.0962000E-01  9.9990000E-01  7.9257000E-01  2.6080000E-10  7.9252000E-01
 6.1000000E+01  6.7541000E-04 -6.1932000E-01  9.9990000E-01  7.8502000E-01  2.6495000E-10  7.8497000E-01
 6.1500000E+01  6.7138000E-04 -6.2902000E-01  9.9990000E-01  7.7726000E-01  2.6910000E-10  7.7721000E-01
 6.2000000E+01  6.6740000E-04 -6.3873000E-01  9.9990000E-01  7.6930000E-01  2.7326000E-10  7.6925000E-01
 6.2500000E+01  6.6347000E-04 -6.4845000E-01  9.9990000E-01  7.6113000E-01  2.7741000E-10  7.6108000E-01
 6.3000000E+01  6.5958000E-04 -6.5816000E-01  9.9990000E-01  7.5275000E-01  2.8156000E-10  7.5270000E-01
 6.3500000E+01  6.5575000E-04 -6.6786000E-01  9.9990000E-01  7.4415000E-01  2.8571000E-10  7.4411000E-01
 6.4000000E+01  6.5196000E-04 -6.7754000E-01  9.9990000E-01  7.3535000E-01  2.8986000E-10  7.3530000E-01
 6.4500000E+01  6.4823000E-04 -6.8721000E-01  9.9990000E-01  7.2632000E-01  2.9399000E-10  7.2628000E-01
 6.5000000E+01  6.4455000E-04 -6.9684000E-01  9.9990000E-01  7.1708000E-01  2.9811000E-10  7.1704000E-01
 6.5500000E+01  6.4092000E-04 -7.0645000E-01  9.9990000E-01  7.0762000E-01  3.0222000E-10  7.0757000E-01
 6.6000000E+01  6.3734000E-04 -7.1602000E-01  9.9990000E-01  6.9793000E-01  3.0632000E-10  6.9789000E-01
 6.6500000E+01  6.3383000E-04 -7.2554000E-01  9.9989000E-01  6.8802000E-01  3.1039000E-10  6.8798000E-01
 6.7000000E+01  6.3036000E-04 -7.3502000E-01  9.9989000E-01  6.7789000E-01  3.1445000E-10  6.7785000E-01
 6.7500000E+01  6.2696000E-04 -7.4444000E-01  9.9989000E-01  6.6753000E-01  3.1848000E-10  6.6749000E-01
 6.8000000E+01  6.2362000E-04 -7.5379000E-01  9.9989000E-01  6.5695000E-01  3.2248000E-10  6.5691000E-01
 6.8500000E+01  6.2033000E-04 -7.6308000E-01  9.9989000E-01  6.4614000E-01  3.2645000E-10  6.4610000E-01
 6.9000000E+01  6.1711000E-04 -7.7229000E-01  9.9989000E-01  6.3510000E-01  3.3039000E-10  6.3506000E-01
 6.9500000E+01  6.1394000E-04 -7.8142000E-01  9.9989000E-01  6.2383000E-01  3.3430000E-10  6.2380000E-01
 7.0000000E+01  6.1085000E-04 -7.9046000E-01  9.9989000E-01  6.1234000E-01  3.3816000E-10  6.1230000E-01
 7.0500000E+01  6.0781000E-04 -7.9940000E-01  9.9989000E-01  6.0062000E-01  3.4199000E-10  6.0058000E-01
 7.1000000E+01  6.0484000E-04 -8.0823000E-01  9.9989000E-01  5.8867000E-01  3.4577000E-10  5.8864000E-01
 7.1500000E+01  6.0193000E-04 -8.1696000E-01  9.9989000E-01  5.7650000E-01  3.4950000E-10  5.7647000E-01
 7.2000000E+01  5.9910000E-04 -8.2557000E-01  9.9989000E-01  5.6410000E-01  3.5318000E-10  5.6407000E-01
 7.2500000E+01  5.9632000E-04 -8.3405000E-01  9.9989000E-01  5.5148000E-01  3.5681000E-10  5.5145000E-01
 7.3000000E+01  5.9362000E-04 -8.4240000E-01  9.9989000E-01  5.3864000E-01  3.6039000E-10  5.3861000E-01
 7.3500000E+01  5.9099000E-04 -8.5061000E-01  9.9989000E-01  5.2558000E-01  3.6390000E-10  5.2555000E-01
 7.4000000E+01  5.8842000E-04 -8.5868000E-01  9.9989000E-01  5.1230000E-01  3.6735000E-10  5.1227000E-01
 7.4500000E+01  5.8593000E-04 -8.6659000E-01  9.9989000E-01  4.9880000E-01  3.7073000E-10  4.9877000E-01
 7.5000000E+01  5.8351000E-04 -8.7433000E-01  9.9989000E-01  4.8509000E-01  3.7405000E-10  4.8506000E-01
 7.5500000E+01  5.8116000E-04 -8.8191000E-01  9.9989000E-01  4.7117000E-01  3.7729000E-10  4.7114000E-01
 7.6000000E+01  5.7888000E-04 -8.8931000E-01  9.9988000E-01  4.5705000E-01  3.8045000E-10  4.5702000E-01
 7.6500000E+01  5.7668000E-04 -8.9653000E-01  9.9988000E-01  4.4272000E-01  3.8354000E-10  4.4269000E-01
 7.7000000E+01  5.7455000E-04 -9.0356000E-01  9.9988000E-01  4.2819000E-01  3.8655000E-10  4.2816000E-01
 7.7500000E+01  5.7249000E-04 -9.1039000E-01  9.9988000E-01  4.1347000E-01  3.8947000E-10  4.1344000E-01
 7.8000000E+01  5.7052000E-04 -9.1702000E-01  9.9988000E-01  3.9855000E-01  3.9231000E-10  3.9853000E-01
 7.8500000E+01  5.6861000E-04 -9.2343000E-01  9.9988000E-01  3.8345000E-01  3.9505000E-10  3.8343000E-01
 7.9000000E+01  5.6679000E-04 -9.2963000E-01  9.9988000E-01  3.6818000E-01  3.9770000E-10  3.6815000E-01
 7.9500000E+01  5.6504000E-04 -9.3560000E-01  9.9988000E-01  3.5272000E-01  4.0026000E-10  3.5270000E-01
 8.0000000E+01  5.6337000E-04 -9.4134000E-01  9.9988000E-01  3.3710000E-01  4.0271000E-10  3.3708000E-01
 8.0500000E+01  5.6177000E-04 -9.4685000E-01  9.9988000E-01  3.2131000E-01  4.0507000E-10  3.2129000E-01
 8.1000000E+01  5.6026000E-04 -9.5211000E-01  9.9988000E-01  3.0537000E-01  4.0732000E-10  3.0535000E-01
 8.1500000E+01  5.5882000E-04 -9.5712000E-01  9.9988000E-01  2.8927000E-01  4.0946000E-10  2.8925000E-01
 8.2000000E+01  5.5747000E-04 -9.6188000E-01  9.9988000E-01  2.7303000E-01  4.1150000E-10  2.7302000E-01
 8.2500000E+01  5.5619000E-04 -9.6638000E-01  9.9988000E-01  2.5666000E-01  4.1342000E-10  2.5664000E-01
 8.3000000E+01  5.5500000E-04 -9.7061000E-01  9.9988000E-01  2.4015000E-01  4.1523000E-10  2.4014000E-01
 8.3500000E+01  5.5388000E-04 -9.7458000E-01  9.9988000E-01  2.2352000E-01  4.1693000E-10  2.2351000E-01
 8.4000000E+01  5.5285000E-04 -9.7826000E-01  9.9988000E-01  2.0678000E-01  4.1851000E-10  2.0677000E-01
 8.4500000E+01  5.5190000E-04 -9.8167000E-01  9.9988000E-01  1.8993000E-01  4.1997000E-10  1.8992000E-01
 8.5000000E+01  5.5103000E-04 -9.8480000E-01  9.9988000E-01  1.7298000E-01  4.2130000E-10  1.7297000E-01
 8.5500000E+01  5.5024000E-04 -9.8764000E-01  9.9988000E-01  1.5595000E-01  4.2252000E-10  1.5594000E-01
 8.6000000E+01  5.4954000E-04 -9.9019000E-01  9.9988000E-01  1.3883000E-01  4.2361000E-10  1.3882000E-01
 8.6500000E+01  5.4891000E-04 -9.9245000E-01  9.9988000E-01  1.2164000E-01  4.2458000E-10  1.2163000E-01
 8.7000000E+01  5.4837000E-04 -9.9442000E-01  9.9988000E-01  1.0438000E-01  4.2542000E-10  1.0437000E-01
 8.7500000E+01  5.4792000E-04 -9.9608000E-01  9.9988000E-01  8.7071000E-02  4.2613000E-10  8.7065000E-02
 8.8000000E+01  5.4754000E-04 -9.9745000E-01  9.9988000E-01  6.9714000E-02  4.2671000E-10  6.9709000E-02
 8.8500000E+01  5.4725000E-04 -9.9851000E-01  9.9988000E-01  5.2320000E-02  4.2717000E-10  5.2317000E-02
 8.9000000E+01  5.4704000E-04 -9.9927000E-01  9.9988000E-01  3.4898000E-02  4.2749000E-10  3.4896000E-02
 8.9500000E+01  5.4692000E-04 -9.9973000E-01  9.9988000E-01  1.7458000E-02  4.2769000E-10  1.7457000E-02
 9.0000000E+01  5.4687000E-04 -9.9988000E-01  9.9988000E-01  8.1240000E-06  4.2775000E-10  8.1062000E-06
 9.0500000E+01  5.4692000E-04 -9.9973000E-01  9.9988000E-01 -1.7441000E-02  4.2769000E-10 -1.7440000E-02
 9.1000000E+01  5.4704000E-04 -9.9927000E-01  9.9988000E-01 -3.4882000E-02  4.2749000E-10 -3.4880000E-02
 9.1500000E+01  5.4725000E-04 -9.9851000E-01  9.9988000E-01 -5.2304000E-02  4.2717000E-10 -5.2300000E-02
 9.2000000E+01  5.4754000E-04 -9.9745000E-01  9.9988000E-01 -6.9698000E-02  4.2671000E-10 -6.9693000E-02
 9.2500000E+01  5.4791000E-04 -9.9608000E-01  9.9988000E-01 -8.7054000E-02  4.2613000E-10 -8.7049000E-02
 9.3000000E+01  5.4837000E-04 -9.9442000E-01  9.9988000E-01 -1.0437000E-01  4.2542000E-10 -1.0436000E-01
 9.3500000E+01  5.4891000E-04 -9.9245000E-01  9.9988000E-01 -1.2162000E-01  4.2458000E-10 -1.2161000E-01
 9.4000000E+01  5.4953000E-04 -9.9020000E-01  9.9988000E-01 -1.3881000E-01  4.2361000E-10 -1.3880000E-01
 9.4500000E+01  5.5024000E-04 -9.8765000E-01  9.9988000E-01 -1.5593000E-01  4.2252000E-10 -1.5592000E-01
 9.5000000E+01  5.5103000E-04 -9.8480000E-01  9.9988000E-01 -1.7297000E-01  4.2131000E-10 -1.7296000E-01
 9.5500000E+01  5.5190000E-04 -9.8168000E-01  9.9988000E-01 -1.8992000E-01  4.1997000E-10 -1.8990000E-01
 9.6000000E+01  5.5285000E-04 -9.7827000E-01  9.9988000E-01 -2.0676000E-01  4.1851000E-10 -2.0675000E-01
 9.6500000E+01  5.5388000E-04 -9.7458000E-01  9.9988000E-01 -2.2351000E-01  4.1693000E-10 -2.2349000E-01
 9.7000000E+01  5.5499000E-04 -9.7062000E-01  9.9988000E-01 -2.4014000E-01  4.1524000E-10 -2.4012000E-01
 9.7500000E+01  5.5619000E-04 -9.6638000E-01  9.9988000E-01 -2.5664000E-01  4.1342000E-10 -2.5663000E-01
 9.8000000E+01  5.5746000E-04 -9.6188000E-01  9.9988000E-01 -2.7302000E-01  4.1150000E-10 -2.7300000E-01
 9.8500000E+01  5.5882000E-04 -9.5713000E-01  9.9988000E-01 -2.8926000E-01  4.0947000E-10 -2.8924000E-01
 9.9000000E+01  5.6025000E-04 -9.5211000E-01  9.9988000E-01 -3.0535000E-01  4.0732000E-10 -3.0533000E-01
 9.9500000E+01  5.6177000E-04 -9.4685000E-01  9.9988000E-01 -3.2130000E-01  4.0507000E-10 -3.2128000E-01
 1.0000000E+02  5.6336000E-04 -9.4135000E-01  9.9988000E-01 -3.3708000E-01  4.0272000E-10 -3.3706000E-01
 1.0050000E+02  5.6503000E-04 -9.3561000E-01  9.9988000E-01 -3.5271000E-01  4.0026000E-10 -3.5269000E-01
 1.0100000E+02  5.6678000E-04 -9.2964000E-01  9.9988000E-01 -3.6816000E-01  3.9770000E-10 -3.6814000E-01
 1.0150000E+02  5.6861000E-04 -9.2344000E-01  9.9988000E-01 -3.8344000E-01  3.9505000E-10 -3.8342000E-01
 1.0200000E+02  5.7051000E-04 -9.1702000E-01  9.9988000E-01 -3.9854000E-01  3.9231000E-10 -3.9852000E-01
 1.0250000E+02  5.7249000E-04 -9.1040000E-01  9.9988000E-01 -4.1345000E-01  3.8947000E-10 -4.1343000E-01
 1.0300000E+02  5.7454000E-04 -9.0357000E-01  9.9988000E-01 -4.2818000E-01  3.8655000E-10 -4.2815000E-01
 1.0350000E+02  5.7667000E-04 -8.9654000E-01  9.9988000E-01 -4.4270000E-01  3.8355000E-10 -4.4268000E-01
 1.0400000E+02  5.7887000E-04 -8.8932000E-01  9.9988000E-01 -4.5703000E-01  3.8046000E-10 -4.5701000E-01
 1.0450000E+02  5.8115000E-04 -8.8192000E-01  9.9989000E-01 -4.7116000E-01  3.7729000E-10 -4.7113000E-01
 1.0500000E+02  5.8350000E-04 -8.7434000E-01  9.9989000E-01 -4.8508000E-01  3.7405000E-10 -4.8505000E-01
 1.0550000E+02  5.8592000E-04 -8.6659000E-01  9.9989000E-01 -4.9879000E-01  3.7073000E-10 -4.9876000E-01
 1.0600000E+02  5.8841000E-04 -8.5868000E-01  9.9989000E-01 -5.1228000E-01  3.6735000E-10 -5.1225000E-01
 1.0650000E+02  5.9098000E-04 -8.5062000E-01  9.9989000E-01 -5.2557000E-01  3.6390000E-10 -5.2553000E-01
 1.0700000E+02  5.9361000E-04 -8.4241000E-01  9.9989000E-01 -5.3863000E-01  3.6039000E-10 -5.3860000E-01
 1.0750000E+02  5.9631000E-04 -8.3406000E-01  9.9989000E-01 -5.5147000E-01  3.5682000E-10 -5.5144000E-01
 1.0800000E+02  5.9908000E-04 -8.2558000E-01  9.9989000E-01 -5.6409000E-01  3.5319000E-10 -5.6406000E-01
 1.0850000E+02  6.0192000E-04 -8.1697000E-01  9.9989000E-01 -5.7649000E-01  3.4950000E-10 -5.7646000E-01
 1.0900000E+02  6.0483000E-04 -8.0824000E-01  9.9989000E-01 -5.8866000E-01  3.4577000E-10 -5.8863000E-01
 1.0950000E+02  6.0780000E-04 -7.9940000E-01  9.9989000E-01 -6.0061000E-01  3.4199000E-10 -6.0057000E-01
 1.1000000E+02  6.1083000E-04 -7.9046000E-01  9.9989000E-01 -6.1233000E-01  3.3817000E-10 -6.1229000E-01
 1.1050000E+02  6.1393000E-04 -7.8143000E-01  9.9989000E-01 -6.2382000E-01  3.3430000E-10 -6.2379000E-01
 1.1100000E+02  6.1709000E-04 -7.7230000E-01  9.9989000E-01 -6.3509000E-01  3.3039000E-10 -6.3505000E-01
 1.1150000E+02  6.2032000E-04 -7.6309000E-01  9.9989000E-01 -6.4613000E-01  3.2645000E-10 -6.4609000E-01
 1.1200000E+02  6.2360000E-04 -7.5380000E-01  9.9989000E-01 -6.5694000E-01  3.2248000E-10 -6.5690000E-01
 1.1250000E+02  6.2695000E-04 -7.4445000E-01  9.9989000E-01 -6.6752000E-01  3.1848000E-10 -6.6748000E-01
 1.1300000E+02  6.3035000E-04 -7.3503000E-01  9.9989000E-01 -6.7788000E-01  3.1445000E-10 -6.7784000E-01
 1.1350000E+02  6.3381000E-04 -7.2555000E-01  9.9989000E-01 -6.8801000E-01  3.1040000E-10 -6.8797000E-01
 1.1400000E+02  6.3733000E-04 -7.1603000E-01  9.9990000E-01 -6.9792000E-01  3.0632000E-10 -6.9788000E-01
 1.1450000E+02  6.4090000E-04 -7.0646000E-01  9.9990000E-01 -7.0761000E-01  3.0223000E-10 -7.0756000E-01
 1.1500000E+02  6.4453000E-04 -6.9685000E-01  9.9990000E-01 -7.1707000E-01  2.9812000E-10 -7.1703000E-01
 1.1550000E+02  6.4821000E-04 -6.8721000E-01  9.9990000E-01 -7.2631000E-01  2.9399000E-10 -7.2627000E-01
 1.1600000E+02  6.5195000E-04 -6.7755000E-01  9.9990000E-01 -7.3534000E-01  2.8986000E-10 -7.3529000E-01
 1.1650000E+02  6.5573000E-04 -6.6786000E-01  9.9990000E-01 -7.4415000E-01  2.8572000E-10 -7.4410000E-01
 1.1700000E+02  6.5957000E-04 -6.5816000E-01  9.9990000E-01 -7.5274000E-01  2.8157000E-10 -7.5269000E-01
 1.1750000E+02  6.6345000E-04 -6.4846000E-01  9.9990000E-01 -7.6112000E-01  2.7741000E-10 -7.6107000E-01
 1.1800000E+02  6.6738000E-04 -6.3874000E-01  9.9990000E-01 -7.6929000E-01  2.7326000E-10 -7.6924000E-01
 1.1850000E+02  6.7136000E-04 -6.2903000E-01  9.9990000E-01 -7.7725000E-01  2.6910000E-10 -7.7721000E-01
 1.1900000E+02  6.7539000E-04 -6.1932000E-01  9.9990000E-01 -7.8501000E-01  2.6495000E-10 -7.8496000E-01
 1.1950000E+02  6.7946000E-04 -6.0963000E-01  9.9990000E-01 -7.9256000E-01  2.6080000E-10 -7.9252000E-01
 1.2000000E+02  6.8357000E-04 -5.9995000E-01  9.9990000E-01 -7.9992000E-01  2.5666000E-10 -7.9987000E-01
 1.2050000E+02  6.8772000E-04 -5.9028000E-01  9.9990000E-01 -8.0708000E-01  2.5253000E-10 -8.0703000E-01
 1.2100000E+02  6.9191000E-04 -5.8065000E-01  9.9990000E-01 -8.1404000E-01  2.4840000E-10 -8.1399000E-01
 1.2150000E+02  6.9615000E-04 -5.7104000E-01  9.9990000E-01 -8.2081000E-01  2.4429000E-10 -8.2076000E-01
 1.2200000E+02  7.0042000E-04 -5.6146000E-01  9.9990000E-01 -8.2739000E-01  2.4019000E-10 -8.2734000E-01
 1.2250000E+02  7.0472000E-04 -5.5191000E-01  9.9991000E-01 -8.3379000E-01  2.3611000E-10 -8.3374000E-01
 1.2300000E+02  7.0906000E-04 -5.4241000E-01  9.9991000E-01 -8.4000000E-01  2.3205000E-10 -8.3995000E-01
 1.2350000E+02  7.1344000E-04 -5.3295000E-01  9.9991000E-01 -8.4604000E-01  2.2800000E-10 -8.4598000E-01
 1.2400000E+02  7.1785000E-04 -5.2354000E-01  9.9991000E-01 -8.5189000E-01  2.2397000E-10 -8.5184000E-01
 1.2450000E+02  7.2229000E-04 -5.1417000E-01  9.9991000E-01 -8.5758000E-01  2.1997000E-10 -8.5753000E-01
 1.2500000E+02  7.2676000E-04 -5.0486000E-01  9.9991000E-01 -8.6310000E-01  2.1598000E-10 -8.6304000E-01
 1.2550000E+02  7.3126000E-04 -4.9560000E-01  9.9991000E-01 -8.6844000E-01  2.1202000E-10 -8.6839000E-01
 1.2600000E+02  7.3578000E-04 -4.8641000E-01  9.9991000E-01 -8.7363000E-01  2.0809000E-10 -8.7358000E-01
 1.2650000E+02  7.4033000E-04 -4.7727000E-01  9.9991000E-01 -8.7866000E-01  2.0418000E-10 -8.7860000E-01
 1.2700000E+02  7.4491000E-04 -4.6819000E-01  9.9991000E-01 -8.8352000E-01  2.0030000E-10 -8.8347000E-01
 1.2750000E+02  7.4950000E-04 -4.5919000E-01  9.9991000E-01 -8.8824000E-01  1.9644000E-10 -8.8819000E-01
 1.2800000E+02  7.5412000E-04 -4.5025000E-01  9.9991000E-01 -8.9280000E-01  1.9262000E-10 -8.9275000E-01
 1.2850000E+02  7.5876000E-04 -4.4138000E-01  9.9991000E-01 -8.9722000E-01  1.8883000E-10 -8.9717000E-01
 1.2900000E+02  7.6342000E-04 -4.3258000E-01  9.9991000E-01 -9.0150000E-01  1.8506000E-10 -9.0144000E-01
 1.2950000E+02  7.6810000E-04 -4.2386000E-01  9.9991000E-01 -9.0563000E-01  1.8133000E-10 -9.0558000E-01
 1.3000000E+02  7.7279000E-04 -4.1522000E-01  9.9991000E-01 -9.0963000E-01  1.7763000E-10 -9.0957000E-01
 1.3050000E+02  7.7750000E-04 -4.0665000E-01  9.9991000E-01 -9.1349000E-01  1.7397000E-10 -9.1343000E-01
 1.3100000E+02  7.8221000E-04 -3.9817000E-01  9.9991000E-01 -9.1722000E-01  1.7034000E-10 -9.1716000E-01
 1.3150000E+02  7.8694000E-04 -3.8976000E-01  9.9992000E-01 -9.2082000E-01  1.6674000E-10 -9.2077000E-01
 1.3200000E+02  7.9169000E-04 -3.8144000E-01  9.9992000E-01 -9.2430000E-01  1.6318000E-10 -9.2425000E-01
 1.3250000E+02  7.9644000E-04 -3.7320000E-01  9.9992000E-01 -9.2766000E-01  1.5966000E-10 -9.2760000E-01
 1.3300000E+02  8.0119000E-04 -3.6505000E-01  9.9992000E-01 -9.3090000E-01  1.5617000E-10 -9.3084000E-01
 1.3350000E+02  8.0595000E-04 -3.5698000E-01  9.9992000E-01 -9.3402000E-01  1.5272000E-10 -9.3397000E-01
 1.3400000E+02  8.1072000E-04 -3.4900000E-01  9.9992000E-01 -9.3703000E-01  1.4930000E-10 -9.3698000E-01
 1.3450000E+02  8.1549000E-04 -3.4111000E-01  9.9992000E-01 -9.3994000E-01  1.4593000E-10 -9.3988000E-01
 1.3500000E+02  8.2026000E-04 -3.3331000E-01  9.9992000E-01 -9.4273000E-01  1.4259000E-10 -9.4267000E-01
 1.3550000E+02  8.2503000E-04 -3.2560000E-01  9.9992000E-01 -9.4542000E-01  1.3929000E-10 -9.4537000E-01
 1.3600000E+02  8.2980000E-04 -3.1798000E-01  9.9992000E-01 -9.4801000E-01  1.3603000E-10 -9.4796000E-01
 1.3650000E+02  8.3457000E-04 -3.1045000E-01  9.9992000E-01 -9.5051000E-01  1.3281000E-10 -9.5045000E-01
 1.3700000E+02  8.3933000E-04 -3.0301000E-01  9.9992000E-01 -9.5290000E-01  1.2963000E-10 -9.5285000E-01
 1.3750000E+02  8.4409000E-04 -2.9567000E-01  9.9992000E-01 -9.5521000E-01  1.2649000E-10 -9.5515000E-01
 1.3800000E+02  8.4884000E-04 -2.8842000E-01  9.9992000E-01 -9.5742000E-01  1.2339000E-10 -9.5736000E-01
 1.3850000E+02  8.5358000E-04 -2.8126000E-01  9.9992000E-01 -9.5955000E-01  1.2033000E-10 -9.5949000E-01
 1.3900000E+02  8.5831000E-04 -2.7420000E-01  9.9992000E-01 -9.6159000E-01  1.1731000E-10 -9.6153000E-01
 1.3950000E+02  8.6303000E-04 -2.6723000E-01  9.9992000E-01 -9.6355000E-01  1.1432000E-10 -9.6349000E-01
 1.4000000E+02  8.6774000E-04 -2.6036000E-01  9.9992000E-01 -9.6543000E-01  1.1138000E-10 -9.6537000E-01
 1.4050000E+02  8.7243000E-04 -2.5358000E-01  9.9992000E-01 -9.6723000E-01  1.0848000E-10 -9.6718000E-01
 1.4100000E+02  8.7710000E-04 -2.4690000E-01  9.9992000E-01 -9.6896000E-01  1.0563000E-10 -9.6890000E-01
 1.4150000E+02  8.8176000E-04 -2.4031000E-01  9.9992000E-01 -9.7062000E-01  1.0281000E-10 -9.7056000E-01
 1.4200000E+02  8.8640000E-04 -2.3382000E-01  9.9992000E-01 -9.7220000E-01  1.0003000E-10 -9.7214000E-01
 1.4250000E+02  8.9102000E-04 -2.2742000E-01  9.9993000E-01 -9.7372000E-01  9.7293000E-11 -9.7366000E-01
 1.4300000E+02  8.9562000E-04 -2.2112000E-01  9.9993000E-01 -9.7517000E-01  9.4597000E-11 -9.7511000E-01
 1.4350000E+02  9.0020000E-04 -2.1492000E-01  9.9993000E-01 -9.7656000E-01  9.1942000E-11 -9.7650000E-01
 1.4400000E+02  9.0475000E-04 -2.0880000E-01  9.9993000E-01 -9.7788000E-01  8.9328000E-11 -9.7782000E-01
 1.4450000E+02  9.0927000E-04 -2.0279000E-01  9.9993000E-01 -9.7915000E-01  8.6754000E-11 -9.7909000E-01
 1.4500000E+02  9.1377000E-04 -1.9687000E-01  9.9993000E-01 -9.8036000E-01  8.4221000E-11 -9.8030000E-01
 1.4550000E+02  9.1824000E-04 -1.9104000E-01  9.9993000E-01 -9.8151000E-01  8.1729000E-11 -9.8145000E-01
 1.4600000E+02  9.2268000E-04 -1.8531000E-01  9.9993000E-01 -9.8261000E-01  7.9277000E-11 -9.8255000E-01
 1.4650000E+02  9.2709000E-04 -1.7968000E-01  9.9993000E-01 -9.8365000E-01  7.6866000E-11 -9.8359000E-01
 1.4700000E+02  9.3146000E-04 -1.7413000E-01  9.9993000E-01 -9.8465000E-01  7.4495000E-11 -9.8459000E-01
 1.4750000E+02  9.3580000E-04 -1.6869000E-01  9.9993000E-01 -9.8560000E-01  7.2165000E-11 -9.8554000E-01
 1.4800000E+02  9.4011000E-04 -1.6333000E-01  9.9993000E-01 -9.8650000E-01  6.9874000E-11 -9.8644000E-01
 1.4850000E+02  9.4438000E-04 -1.5807000E-01  9.9993000E-01 -9.8736000E-01  6.7624000E-11 -9.8730000E-01
 1.4900000E+02  9.4861000E-04 -1.5290000E-01  9.9993000E-01 -9.8817000E-01  6.5413000E-11 -9.8811000E-01
 1.4950000E+02  9.5281000E-04 -1.4783000E-01  9.9993000E-01 -9.8894000E-01  6.3242000E-11 -9.8888000E-01
 1.5000000E+02  9.5696000E-04 -1.4285000E-01  9.9993000E-01 -9.8967000E-01  6.1111000E-11 -9.8961000E-01
 1.5050000E+02  9.6107000E-04 -1.3796000E-01  9.9993000E-01 -9.9037000E-01  5.9020000E-11 -9.9031000E-01
 1.5100000E+02  9.6514000E-04 -1.3316000E-01  9.9993000E-01 -9.9102000E-01  5.6968000E-11 -9.9096000E-01
 1.5150000E+02  9.6916000E-04 -1.2846000E-01  9.9993000E-01 -9.9165000E-01  5.4955000E-11 -9.9159000E-01
 1.5200000E+02  9.7314000E-04 -1.2384000E-01  9.9993000E-01 -9.9223000E-01  5.2981000E-11 -9.9217000E-01
 1.5250000E+02  9.7708000E-04 -1.1932000E-01  9.9993000E-01 -9.9279000E-01  5.1046000E-11 -9.9273000E-01
 1.5300000E+02  9.8096000E-04 -1.1489000E-01  9.9993000E-01 -9.9331000E-01  4.9149000E-11 -9.9325000E-01
 1.5350000E+02  9.8480000E-04 -1.1054000E-01  9.9993000E-01 -9.9380000E-01  4.7292000E-11 -9.9374000E-01
 1.5400000E+02  9.8858000E-04 -1.0629000E-01  9.9993000E-01 -9.9427000E-01  4.5472000E-11 -9.9421000E-01
 1.5450000E+02  9.9232000E-04 -1.0213000E-01  9.9993000E-01 -9.9470000E-01  4.3691000E-11 -9.9464000E-01
 1.5500000E+02  9.9600000E-04 -9.8054000E-02  9.9993000E-01 -9.9511000E-01  4.1948000E-11 -9.9505000E-01
 1.5550000E+02  9.9963000E-04 -9.4069000E-02  9.9993000E-01 -9.9550000E-01  4.0243000E-11 -9.9544000E-01
 1.5600000E+02  1.0032000E-03 -9.0171000E-02  9.9993000E-01 -9.9586000E-01  3.8576000E-11 -9.9580000E-01
 1.5650000E+02  1.0067000E-03 -8.6362000E-02  9.9993000E-01 -9.9620000E-01  3.6946000E-11 -9.9614000E-01
 1.5700000E+02  1.0102000E-03 -8.2639000E-02  9.9993000E-01 -9.9651000E-01  3.5354000E-11 -9.9645000E-01
 1.5750000E+02  1.0136000E-03 -7.9004000E-02  9.9993000E-01 -9.9681000E-01  3.3798000E-11 -9.9675000E-01
 1.5800000E+02  1.0169000E-03 -7.5455000E-02  9.9993000E-01 -9.9708000E-01  3.2280000E-11 -9.9702000E-01
 1.5850000E+02  1.0202000E-03 -7.1993000E-02  9.9993000E-01 -9.9734000E-01  3.0799000E-11 -9.9728000E-01
 1.5900000E+02  1.0234000E-03 -6.8616000E-02  9.9993000E-01 -9.9758000E-01  2.9354000E-11 -9.9752000E-01
 1.5950000E+02  1.0266000E-03 -6.5325000E-02  9.9994000E-01 -9.9780000E-01  2.7946000E-11 -9.9774000E-01
 1.6000000E+02  1.0297000E-03 -6.2119000E-02  9.9994000E-01 -9.9800000E-01  2.6575000E-11 -9.9794000E-01
 1.6050000E+02  1.0327000E-03 -5.8997000E-02  9.9994000E-01 -9.9819000E-01  2.5239000E-11 -9.9813000E-01
 1.6100000E+02  1.0357000E-03 -5.5960000E-02  9.9994000E-01 -9.9837000E-01  2.3940000E-11 -9.9831000E-01
 1.6150000E+02  1.0386000E-03 -5.3007000E-02  9.9994000E-01 -9.9853000E-01  2.2677000E-11 -9.9847000E-01
 1.6200000E+02  1.0414000E-03 -5.0137000E-02  9.9994000E-01 -9.9868000E-01  2.1449000E-11 -9.9862000E-01
 1.6250000E+02  1.0442000E-03 -4.7350000E-02  9.9994000E-01 -9.9881000E-01  2.0257000E-11 -9.9875000E-01
 1.6300000E+02  1.0469000E-03 -4.4646000E-02  9.9994000E-01 -9.9894000E-01  1.9100000E-11 -9.9888000E-01
 1.6350000E+02  1.0496000E-03 -4.2025000E-02  9.9994000E-01 -9.9905000E-01  1.7979000E-11 -9.9899000E-01
 1.6400000E+02  1.0521000E-03 -3.9486000E-02  9.9994000E-01 -9.9916000E-01  1.6892000E-11 -9.9910000E-01
 1.6450000E+02  1.0546000E-03 -3.7028000E-02  9.9994000E-01 -9.9925000E-01  1.5841000E-11 -9.9919000E-01
 1.6500000E+02  1.0570000E-03 -3.4652000E-02  9.9994000E-01 -9.9934000E-01  1.4825000E-11 -9.9928000E-01
 1.6550000E+02  1.0594000E-03 -3.2358000E-02  9.9994000E-01 -9.9941000E-01  1.3843000E-11 -9.9935000E-01
 1.6600000E+02  1.0617000E-03 -3.0144000E-02  9.9994000E-01 -9.9948000E-01  1.2896000E-11 -9.9942000E-01
 1.6650000E+02  1.0639000E-03 -2.8010000E-02  9.9994000E-01 -9.9955000E-01  1.1983000E-11 -9.9948000E-01
 1.6700000E+02  1.0660000E-03 -2.5957000E-02  9.9994000E-01 -9.9960000E-01  1.1104000E-11 -9.9954000E-01
 1.6750000E+02  1.0680000E-03 -2.3984000E-02  9.9994000E-01 -9.9965000E-01  1.0260000E-11 -9.9959000E-01
 1.6800000E+02  1.0700000E-03 -2.2090000E-02  9.9994000E-01 -9.9969000E-01  9.4502000E-12 -9.9963000E-01
 1.6850000E+02  1.0719000E-03 -2.0276000E-02  9.9994000E-01 -9.9973000E-01  8.6740000E-12 -9.9967000E-01
 1.6900000E+02  1.0737000E-03 -1.8541000E-02  9.9994000E-01 -9.9977000E-01  7.9318000E-12 -9.9971000E-01
 1.6950000E+02  1.0755000E-03 -1.6884000E-02  9.9994000E-01 -9.9980000E-01  7.2232000E-12 -9.9973000E-01
 1.7000000E+02  1.0772000E-03 -1.5307000E-02  9.9994000E-01 -9.9982000E-01  6.5483000E-12 -9.9976000E-01
 1.7050000E+02  1.0788000E-03 -1.3808000E-02  9.9994000E-01 -9.9984000E-01  5.9070000E-12 -9.9978000E-01
 1.7100000E+02  1.0803000E-03 -1.2387000E-02  9.9994000E-01 -9.9986000E-01  5.2991000E-12 -9.9980000E-01
 1.7150000E+02  1.0817000E-03 -1.1044000E-02  9.9994000E-01 -9.9988000E-01  4.7246000E-12 -9.9982000E-01
 1.7200000E+02  1.0831000E-03 -9.7788000E-03  9.9994000E-01 -9.9989000E-01  4.1834000E-12 -9.9983000E-01
 1.7250000E+02  1.0843000E-03 -8.5913000E-03  9.9994000E-01 -9.9990000E-01  3.6754000E-12 -9.9984000E-01
 1.7300000E+02  1.0855000E-03 -7.4812000E-03  9.9994000E-01 -9.9991000E-01  3.2005000E-12 -9.9985000E-01
 1.7350000E+02  1.0866000E-03 -6.4485000E-03  9.9994000E-01 -9.9992000E-01  2.7587000E-12 -9.9986000E-01
 1.7400000E+02  1.0877000E-03 -5.4928000E-03  9.9994000E-01 -9.9992000E-01  2.3499000E-12 -9.9986000E-01
 1.7450000E+02  1.0886000E-03 -4.6141000E-03  9.9994000E-01 -9.9993000E-01  1.9740000E-12 -9.9987000E-01
 1.7500000E+02  1.0895000E-03 -3.8123000E-03  9.9994000E-01 -9.9993000E-01  1.6309000E-12 -9.9987000E-01
 1.7550000E+02  1.0903000E-03 -3.0872000E-03  9.9994000E-01 -9.9993000E-01  1.3207000E-12 -9.9987000E-01
 1.7600000E+02  1.0910000E-03 -2.4388000E-03  9.9994000E-01 -9.9994000E-01  1.0433000E-12 -9.9988000E-01
 1.7650000E+02  1.0916000E-03 -1.8668000E-03  9.9994000E-01 -9.9994000E-01  7.9864000E-13 -9.9988000E-01
 1.7700000E+02  1.0922000E-03 -1.3713000E-03  9.9994000E-01 -9.9994000E-01  5.8666000E-13 -9.9988000E-01
 1.7750000E+02  1.0926000E-03 -9.5218000E-04  9.9994000E-01 -9.9994000E-01  4.0735000E-13 -9.9988000E-01
 1.7800000E+02  1.0930000E-03 -6.0932000E-04  9.9994000E-01 -9.9994000E-01  2.6067000E-13 -9.9988000E-01
 1.7850000E+02  1.0933000E-03 -3.4271000E-04  9.9994000E-01 -9.9994000E-01  1.4661000E-13 -9.9988000E-01
 1.7900000E+02  1.0935000E-03 -1.5231000E-04  9.9994000E-01 -9.9994000E-01  6.5158000E-14 -9.9988000E-01
 1.7950000E+02  1.0936000E-03 -3.8075000E-05  9.9994000E-01 -9.9994000E-01  1.6289000E-14 -9.9988000E-01
 1.8000000E+02  1.0937000E-03 -3.7746000E-15  9.9994000E-01 -9.9994000E-01  1.6148000E-24 -9.9988000E-01
