length scale factor
2.2263100E-03
volume cluster radius, area mean sphere radius, circumscribing radius, cross section radius
4.4834863E-02 2.2240837E-03 1.5141226E-01 4.4834863E-02
total extinction, absorption, scattering efficiencies (unpolarized incidence)
2.9063000E-04 2.8535000E-04 5.2803000E-06
theta     11          12          22          33          34          44
 0.0000000E+00  1.1892000E-01  0.0000000E+00  9.9996000E-01  9.9996000E-01  0.0000000E+00  9.9992000E-01
 5.0000000E-01  1.1891000E-01 -3.8072000E-05  9.9996000E-01  9.9996000E-01  8.7363000E-12  9.9992000E-01
 1.0000000E+00  1.1890000E-01 -1.5229000E-04  9.9996000E-01  9.9996000E-01  3.4947000E-11  9.9992000E-01
 1.5000000E+00  1.1888000E-01 -3.4268000E-04  9.9996000E-01  9.9996000E-01  7.8635000E-11  9.9992000E-01
 2.0000000E+00  1.1884000E-01 -6.0927000E-04  9.9996000E-01  9.9996000E-01  1.3981000E-10  9.9992000E-01
 2.5000000E+00  1.1880000E-01 -9.5210000E-04  9.9996000E-01  9.9996000E-01  2.1847000E-10  9.9992000E-01
 3.0000000E+00  1.1875000E-01 -1.3712000E-03  9.9996000E-01  9.9996000E-01  3.1465000E-10  9.9992000E-01
 3.5000000E+00  1.1869000E-01 -1.8667000E-03  9.9996000E-01  9.9996000E-01  4.2834000E-10  9.9992000E-01
 4.0000000E+00  1.1863000E-01 -2.4386000E-03  9.9996000E-01  9.9996000E-01  5.5957000E-10  9.9992000E-01
 4.5000000E+00  1.1855000E-01 -3.0870000E-03  9.9996000E-01  9.9996000E-01  7.0836000E-10  9.9992000E-01
 5.0000000E+00  1.1846000E-01 -3.8120000E-03  9.9996000E-01  9.9995000E-01  8.7473000E-10  9.9992000E-01
 5.5000000E+00  1.1837000E-01 -4.6137000E-03  9.9996000E-01  9.9995000E-01  1.0587000E-09  9.9991000E-01
 6.0000000E+00  1.1826000E-01 -5.4923000E-03  9.9996000E-01  9.9995000E-01  1.2603000E-09  9.9991000E-01
 6.5000000E+00  1.1815000E-01 -6.4479000E-03  9.9996000E-01  9.9994000E-01  1.4796000E-09  9.9990000E-01
 7.0000000E+00  1.1803000E-01 -7.4806000E-03  9.9996000E-01  9.9993000E-01  1.7166000E-09  9.9990000E-01
 7.5000000E+00  1.1790000E-01 -8.5905000E-03  9.9996000E-01  9.9992000E-01  1.9713000E-09  9.9989000E-01
 8.0000000E+00  1.1776000E-01 -9.7779000E-03  9.9996000E-01  9.9991000E-01  2.2437000E-09  9.9988000E-01
 8.5000000E+00  1.1761000E-01 -1.1043000E-02  9.9996000E-01  9.9990000E-01  2.5340000E-09  9.9986000E-01
 9.0000000E+00  1.1745000E-01 -1.2386000E-02  9.9996000E-01  9.9988000E-01  2.8422000E-09  9.9985000E-01
 9.5000000E+00  1.1729000E-01 -1.3806000E-02  9.9996000E-01  9.9987000E-01  3.1682000E-09  9.9983000E-01
 1.0000000E+01  1.1711000E-01 -1.5305000E-02  9.9996000E-01  9.9984000E-01  3.5122000E-09  9.9981000E-01
 1.0500000E+01  1.1693000E-01 -1.6883000E-02  9.9996000E-01  9.9982000E-01  3.8742000E-09  9.9978000E-01
 1.1000000E+01  1.1674000E-01 -1.8539000E-02  9.9996000E-01  9.9979000E-01  4.2542000E-09  9.9975000E-01
 1.1500000E+01  1.1654000E-01 -2.0274000E-02  9.9996000E-01  9.9976000E-01  4.6523000E-09  9.9972000E-01
 1.2000000E+01  1.1633000E-01 -2.2088000E-02  9.9996000E-01  9.9972000E-01  5.0687000E-09  9.9968000E-01
 1.2500000E+01  1.1612000E-01 -2.3981000E-02  9.9996000E-01  9.9967000E-01  5.5032000E-09  9.9964000E-01
 1.3000000E+01  1.1589000E-01 -2.5955000E-02  9.9996000E-01  9.9962000E-01  5.9560000E-09  9.9959000E-01
 1.3500000E+01  1.1566000E-01 -2.8008000E-02  9.9996000E-01  9.9957000E-01  6.4271000E-09  9.9953000E-01
 1.4000000E+01  1.1542000E-01 -3.0141000E-02  9.9996000E-01  9.9951000E-01  6.9167000E-09  9.9947000E-01
 1.4500000E+01  1.1517000E-01 -3.2355000E-02  9.9996000E-01  9.9944000E-01  7.4248000E-09  9.9940000E-01
 1.5000000E+01  1.1491000E-01 -3.4649000E-02  9.9996000E-01  9.9936000E-01  7.9514000E-09  9.9932000E-01
 1.5500000E+01  1.1465000E-01 -3.7025000E-02  9.9996000E-01  9.9927000E-01  8.4966000E-09  9.9924000E-01
 1.6000000E+01  1.1438000E-01 -3.9482000E-02  9.9996000E-01  9.9918000E-01  9.0605000E-09  9.9914000E-01
 1.6500000E+01  1.1410000E-01 -4.2021000E-02  9.9996000E-01  9.9908000E-01  9.6433000E-09  9.9904000E-01
 1.7000000E+01  1.1381000E-01 -4.4642000E-02  9.9996000E-01  9.9896000E-01  1.0245000E-08  9.9893000E-01
 1.7500000E+01  1.1351000E-01 -4.7346000E-02  9.9996000E-01  9.9884000E-01  1.0865000E-08  9.9880000E-01
 1.8000000E+01  1.1321000E-01 -5.0132000E-02  9.9996000E-01  9.9870000E-01  1.1505000E-08  9.9866000E-01
 1.8500000E+01  1.1290000E-01 -5.3002000E-02  9.9996000E-01  9.9855000E-01  1.2163000E-08  9.9852000E-01
 1.9000000E+01  1.1258000E-01 -5.5955000E-02  9.9996000E-01  9.9839000E-01  1.2841000E-08  9.9835000E-01
 1.9500000E+01  1.1226000E-01 -5.8992000E-02  9.9996000E-01  9.9822000E-01  1.3538000E-08  9.9818000E-01
 2.0000000E+01  1.1193000E-01 -6.2113000E-02  9.9996000E-01  9.9803000E-01  1.4255000E-08  9.9799000E-01
 2.0500000E+01  1.1159000E-01 -6.5319000E-02  9.9996000E-01  9.9782000E-01  1.4990000E-08  9.9779000E-01
 2.1000000E+01  1.1124000E-01 -6.8610000E-02  9.9996000E-01  9.9760000E-01  1.5746000E-08  9.9756000E-01
 2.1500000E+01  1.1089000E-01 -7.1987000E-02  9.9996000E-01  9.9736000E-01  1.6521000E-08  9.9733000E-01
 2.2000000E+01  1.1053000E-01 -7.5449000E-02  9.9996000E-01  9.9711000E-01  1.7315000E-08  9.9707000E-01
 2.2500000E+01  1.1017000E-01 -7.8997000E-02  9.9996000E-01  9.9683000E-01  1.8130000E-08  9.9680000E-01
 2.3000000E+01  1.0979000E-01 -8.2632000E-02  9.9996000E-01  9.9654000E-01  1.8964000E-08  9.9650000E-01
 2.3500000E+01  1.0942000E-01 -8.6354000E-02  9.9996000E-01  9.9622000E-01  1.9818000E-08  9.9618000E-01
 2.4000000E+01  1.0903000E-01 -9.0163000E-02  9.9996000E-01  9.9588000E-01  2.0693000E-08  9.9585000E-01
 2.4500000E+01  1.0864000E-01 -9.4061000E-02  9.9996000E-01  9.9552000E-01  2.1587000E-08  9.9549000E-01
 2.5000000E+01  1.0825000E-01 -9.8046000E-02  9.9996000E-01  9.9514000E-01  2.2502000E-08  9.9510000E-01
 2.5500000E+01  1.0784000E-01 -1.0212000E-01  9.9996000E-01  9.9473000E-01  2.3437000E-08  9.9469000E-01
 2.6000000E+01  1.0744000E-01 -1.0628000E-01  9.9996000E-01  9.9429000E-01  2.4393000E-08  9.9426000E-01
 2.6500000E+01  1.0702000E-01 -1.1054000E-01  9.9996000E-01  9.9383000E-01  2.5369000E-08  9.9379000E-01
 2.7000000E+01  1.0660000E-01 -1.1488000E-01  9.9996000E-01  9.9334000E-01  2.6366000E-08  9.9330000E-01
 2.7500000E+01  1.0618000E-01 -1.1931000E-01  9.9996000E-01  9.9281000E-01  2.7383000E-08  9.9278000E-01
 2.8000000E+01  1.0575000E-01 -1.2383000E-01  9.9996000E-01  9.9226000E-01  2.8422000E-08  9.9222000E-01
 2.8500000E+01  1.0531000E-01 -1.2845000E-01  9.9996000E-01  9.9167000E-01  2.9481000E-08  9.9163000E-01
 2.9000000E+01  1.0487000E-01 -1.3315000E-01  9.9996000E-01  9.9105000E-01  3.0561000E-08  9.9101000E-01
 2.9500000E+01  1.0443000E-01 -1.3795000E-01  9.9996000E-01  9.9039000E-01  3.1662000E-08  9.9036000E-01
 3.0000000E+01  1.0398000E-01 -1.4284000E-01  9.9996000E-01  9.8970000E-01  3.2784000E-08  9.8966000E-01
 3.0500000E+01  1.0353000E-01 -1.4782000E-01  9.9996000E-01  9.8897000E-01  3.3928000E-08  9.8893000E-01
 3.1000000E+01  1.0307000E-01 -1.5289000E-01  9.9996000E-01  9.8820000E-01  3.5093000E-08  9.8816000E-01
 3.1500000E+01  1.0261000E-01 -1.5806000E-01  9.9995000E-01  9.8738000E-01  3.6279000E-08  9.8735000E-01
 3.2000000E+01  1.0214000E-01 -1.6332000E-01  9.9995000E-01  9.8653000E-01  3.7487000E-08  9.8649000E-01
 3.2500000E+01  1.0167000E-01 -1.6867000E-01  9.9995000E-01  9.8563000E-01  3.8716000E-08  9.8559000E-01
 3.3000000E+01  1.0120000E-01 -1.7412000E-01  9.9995000E-01  9.8468000E-01  3.9967000E-08  9.8464000E-01
 3.3500000E+01  1.0072000E-01 -1.7966000E-01  9.9995000E-01  9.8368000E-01  4.1239000E-08  9.8364000E-01
 3.4000000E+01  1.0024000E-01 -1.8530000E-01  9.9995000E-01  9.8264000E-01  4.2533000E-08  9.8260000E-01
 3.4500000E+01  9.9752000E-02 -1.9103000E-01  9.9995000E-01  9.8154000E-01  4.3849000E-08  9.8150000E-01
 3.5000000E+01  9.9264000E-02 -1.9685000E-01  9.9995000E-01  9.8039000E-01  4.5186000E-08  9.8035000E-01
 3.5500000E+01  9.8773000E-02 -2.0277000E-01  9.9995000E-01  9.7918000E-01  4.6546000E-08  9.7914000E-01
 3.6000000E+01  9.8279000E-02 -2.0879000E-01  9.9995000E-01  9.7791000E-01  4.7927000E-08  9.7788000E-01
 3.6500000E+01  9.7782000E-02 -2.1490000E-01  9.9995000E-01  9.7659000E-01  4.9330000E-08  9.7655000E-01
 3.7000000E+01  9.7282000E-02 -2.2110000E-01  9.9995000E-01  9.7520000E-01  5.0755000E-08  9.7516000E-01
 3.7500000E+01  9.6780000E-02 -2.2740000E-01  9.9995000E-01  9.7375000E-01  5.2202000E-08  9.7371000E-01
 3.8000000E+01  9.6276000E-02 -2.3380000E-01  9.9995000E-01  9.7223000E-01  5.3671000E-08  9.7220000E-01
 3.8500000E+01  9.5769000E-02 -2.4029000E-01  9.9995000E-01  9.7065000E-01  5.5162000E-08  9.7061000E-01
 3.9000000E+01  9.5260000E-02 -2.4688000E-01  9.9995000E-01  9.6900000E-01  5.6675000E-08  9.6896000E-01
 3.9500000E+01  9.4750000E-02 -2.5356000E-01  9.9995000E-01  9.6727000E-01  5.8209000E-08  9.6723000E-01
 4.0000000E+01  9.4238000E-02 -2.6034000E-01  9.9995000E-01  9.6547000E-01  5.9766000E-08  9.6543000E-01
 4.0500000E+01  9.3724000E-02 -2.6721000E-01  9.9995000E-01  9.6359000E-01  6.1344000E-08  9.6355000E-01
 4.1000000E+01  9.3208000E-02 -2.7418000E-01  9.9995000E-01  9.6163000E-01  6.2944000E-08  9.6159000E-01
 4.1500000E+01  9.2692000E-02 -2.8124000E-01  9.9995000E-01  9.5958000E-01  6.4566000E-08  9.5955000E-01
 4.2000000E+01  9.2174000E-02 -2.8840000E-01  9.9995000E-01  9.5746000E-01  6.6210000E-08  9.5742000E-01
 4.2500000E+01  9.1656000E-02 -2.9565000E-01  9.9995000E-01  9.5524000E-01  6.7875000E-08  9.5521000E-01
 4.3000000E+01  9.1137000E-02 -3.0299000E-01  9.9995000E-01  9.5294000E-01  6.9561000E-08  9.5290000E-01
 4.3500000E+01  9.0617000E-02 -3.1042000E-01  9.9995000E-01  9.5054000E-01  7.1269000E-08  9.5051000E-01
 4.4000000E+01  9.0096000E-02 -3.1795000E-01  9.9995000E-01  9.4805000E-01  7.2998000E-08  9.4801000E-01
 4.4500000E+01  8.9575000E-02 -3.2557000E-01  9.9995000E-01  9.4546000E-01  7.4749000E-08  9.4543000E-01
 4.5000000E+01  8.9055000E-02 -3.3328000E-01  9.9995000E-01  9.4277000E-01  7.6520000E-08  9.4273000E-01
 4.5500000E+01  8.8534000E-02 -3.4108000E-01  9.9995000E-01  9.3998000E-01  7.8312000E-08  9.3994000E-01
 4.6000000E+01  8.8013000E-02 -3.4897000E-01  9.9995000E-01  9.3707000E-01  8.0124000E-08  9.3704000E-01
 4.6500000E+01  8.7493000E-02 -3.5695000E-01  9.9995000E-01  9.3406000E-01  8.1957000E-08  9.3403000E-01
 4.7000000E+01  8.6973000E-02 -3.6502000E-01  9.9995000E-01  9.3094000E-01  8.3810000E-08  9.3091000E-01
 4.7500000E+01  8.6453000E-02 -3.7317000E-01  9.9995000E-01  9.2770000E-01  8.5683000E-08  9.2767000E-01
 4.8000000E+01  8.5935000E-02 -3.8141000E-01  9.9994000E-01  9.2435000E-01  8.7576000E-08  9.2431000E-01
 4.8500000E+01  8.5417000E-02 -3.8973000E-01  9.9994000E-01  9.2087000E-01  8.9488000E-08  9.2083000E-01
 4.9000000E+01  8.4901000E-02 -3.9814000E-01  9.9994000E-01  9.1726000E-01  9.1419000E-08  9.1723000E-01
 4.9500000E+01  8.4386000E-02 -4.0662000E-01  9.9994000E-01  9.1353000E-01  9.3369000E-08  9.1350000E-01
 5.0000000E+01  8.3872000E-02 -4.1519000E-01  9.9994000E-01  9.0967000E-01  9.5337000E-08  9.0964000E-01
 5.0500000E+01  8.3360000E-02 -4.2383000E-01  9.9994000E-01  9.0568000E-01  9.7323000E-08  9.0564000E-01
 5.1000000E+01  8.2850000E-02 -4.3255000E-01  9.9994000E-01  9.0154000E-01  9.9327000E-08  9.0151000E-01
 5.1500000E+01  8.2341000E-02 -4.4135000E-01  9.9994000E-01  8.9727000E-01  1.0135000E-07  8.9724000E-01
 5.2000000E+01  8.1835000E-02 -4.5022000E-01  9.9994000E-01  8.9285000E-01  1.0339000E-07  8.9282000E-01
 5.2500000E+01  8.1331000E-02 -4.5916000E-01  9.9994000E-01  8.8829000E-01  1.0544000E-07  8.8826000E-01
 5.3000000E+01  8.0829000E-02 -4.6816000E-01  9.9994000E-01  8.8357000E-01  1.0751000E-07  8.8354000E-01
 5.3500000E+01  8.0329000E-02 -4.7724000E-01  9.9994000E-01  8.7871000E-01  1.0959000E-07  8.7867000E-01
 5.4000000E+01  7.9833000E-02 -4.8637000E-01  9.9994000E-01  8.7368000E-01  1.1169000E-07  8.7365000E-01
 5.4500000E+01  7.9339000E-02 -4.9557000E-01  9.9994000E-01  8.6850000E-01  1.1381000E-07  8.6846000E-01
 5.5000000E+01  7.8848000E-02 -5.0483000E-01  9.9994000E-01  8.6315000E-01  1.1593000E-07  8.6312000E-01
 5.5500000E+01  7.8360000E-02 -5.1414000E-01  9.9994000E-01  8.5763000E-01  1.1807000E-07  8.5760000E-01
 5.6000000E+01  7.7875000E-02 -5.2350000E-01  9.9994000E-01  8.5195000E-01  1.2023000E-07  8.5192000E-01
 5.6500000E+01  7.7394000E-02 -5.3292000E-01  9.9994000E-01  8.4609000E-01  1.2239000E-07  8.4606000E-01
 5.7000000E+01  7.6917000E-02 -5.4238000E-01  9.9994000E-01  8.4006000E-01  1.2457000E-07  8.4003000E-01
 5.7500000E+01  7.6443000E-02 -5.5188000E-01  9.9994000E-01  8.3385000E-01  1.2675000E-07  8.3382000E-01
 5.8000000E+01  7.5972000E-02 -5.6142000E-01  9.9994000E-01  8.2745000E-01  1.2894000E-07  8.2742000E-01
 5.8500000E+01  7.5506000E-02 -5.7100000E-01  9.9994000E-01  8.2087000E-01  1.3114000E-07  8.2084000E-01
 5.9000000E+01  7.5044000E-02 -5.8061000E-01  9.9994000E-01  8.1410000E-01  1.3335000E-07  8.1407000E-01
 5.9500000E+01  7.4587000E-02 -5.9025000E-01  9.9994000E-01  8.0714000E-01  1.3557000E-07  8.0711000E-01
 6.0000000E+01  7.4133000E-02 -5.9991000E-01  9.9994000E-01  7.9998000E-01  1.3779000E-07  7.9995000E-01
 6.0500000E+01  7.3684000E-02 -6.0959000E-01  9.9993000E-01  7.9263000E-01  1.4002000E-07  7.9260000E-01
 6.1000000E+01  7.3240000E-02 -6.1929000E-01  9.9993000E-01  7.8508000E-01  1.4225000E-07  7.8505000E-01
 6.1500000E+01  7.2801000E-02 -6.2900000E-01  9.9993000E-01  7.7732000E-01  1.4448000E-07  7.7729000E-01
 6.2000000E+01  7.2367000E-02 -6.3871000E-01  9.9993000E-01  7.6936000E-01  1.4671000E-07  7.6933000E-01
 6.2500000E+01  7.1937000E-02 -6.4842000E-01  9.9993000E-01  7.6119000E-01  1.4894000E-07  7.6116000E-01
 6.3000000E+01  7.1513000E-02 -6.5813000E-01  9.9993000E-01  7.5281000E-01  1.5118000E-07  7.5278000E-01
 6.3500000E+01  7.1094000E-02 -6.6783000E-01  9.9993000E-01  7.4422000E-01  1.5341000E-07  7.4419000E-01
 6.4000000E+01  7.0681000E-02 -6.7752000E-01  9.9993000E-01  7.3541000E-01  1.5563000E-07  7.3538000E-01
 6.4500000E+01  7.0273000E-02 -6.8718000E-01  9.9993000E-01  7.2639000E-01  1.5786000E-07  7.2636000E-01
 6.5000000E+01  6.9871000E-02 -6.9682000E-01  9.9993000E-01  7.1715000E-01  1.6007000E-07  7.1712000E-01
 6.5500000E+01  6.9475000E-02 -7.0643000E-01  9.9993000E-01  7.0769000E-01  1.6228000E-07  7.0766000E-01
 6.6000000E+01  6.9085000E-02 -7.1600000E-01  9.9993000E-01  6.9800000E-01  1.6448000E-07  6.9797000E-01
 6.6500000E+01  6.8700000E-02 -7.2552000E-01  9.9993000E-01  6.8809000E-01  1.6667000E-07  6.8807000E-01
 6.7000000E+01  6.8322000E-02 -7.3500000E-01  9.9993000E-01  6.7796000E-01  1.6885000E-07  6.7794000E-01
 6.7500000E+01  6.7951000E-02 -7.4442000E-01  9.9993000E-01  6.6761000E-01  1.7102000E-07  6.6758000E-01
 6.8000000E+01  6.7585000E-02 -7.5377000E-01  9.9993000E-01  6.5702000E-01  1.7317000E-07  6.5700000E-01
 6.8500000E+01  6.7226000E-02 -7.6306000E-01  9.9993000E-01  6.4621000E-01  1.7531000E-07  6.4619000E-01
 6.9000000E+01  6.6874000E-02 -7.7227000E-01  9.9993000E-01  6.3518000E-01  1.7743000E-07  6.3515000E-01
 6.9500000E+01  6.6529000E-02 -7.8140000E-01  9.9993000E-01  6.2391000E-01  1.7953000E-07  6.2389000E-01
 7.0000000E+01  6.6190000E-02 -7.9044000E-01  9.9993000E-01  6.1242000E-01  1.8161000E-07  6.1240000E-01
 7.0500000E+01  6.5858000E-02 -7.9938000E-01  9.9993000E-01  6.0070000E-01  1.8366000E-07  6.0068000E-01
 7.1000000E+01  6.5533000E-02 -8.0822000E-01  9.9993000E-01  5.8875000E-01  1.8570000E-07  5.8873000E-01
 7.1500000E+01  6.5216000E-02 -8.1694000E-01  9.9993000E-01  5.7658000E-01  1.8771000E-07  5.7656000E-01
 7.2000000E+01  6.4905000E-02 -8.2555000E-01  9.9992000E-01  5.6419000E-01  1.8969000E-07  5.6416000E-01
 7.2500000E+01  6.4602000E-02 -8.3404000E-01  9.9992000E-01  5.5157000E-01  1.9164000E-07  5.5155000E-01
 7.3000000E+01  6.4307000E-02 -8.4239000E-01  9.9992000E-01  5.3872000E-01  1.9356000E-07  5.3870000E-01
 7.3500000E+01  6.4019000E-02 -8.5060000E-01  9.9992000E-01  5.2566000E-01  1.9545000E-07  5.2564000E-01
 7.4000000E+01  6.3738000E-02 -8.5867000E-01  9.9992000E-01  5.1238000E-01  1.9731000E-07  5.1236000E-01
 7.4500000E+01  6.3465000E-02 -8.6658000E-01  9.9992000E-01  4.9889000E-01  1.9913000E-07  4.9887000E-01
 7.5000000E+01  6.3200000E-02 -8.7432000E-01  9.9992000E-01  4.8518000E-01  2.0091000E-07  4.8516000E-01
 7.5500000E+01  6.2943000E-02 -8.8190000E-01  9.9992000E-01  4.7126000E-01  2.0266000E-07  4.7124000E-01
 7.6000000E+01  6.2693000E-02 -8.8931000E-01  9.9992000E-01  4.5713000E-01  2.0436000E-07  4.5712000E-01
 7.6500000E+01  6.2452000E-02 -8.9653000E-01  9.9992000E-01  4.4281000E-01  2.0602000E-07  4.4279000E-01
 7.7000000E+01  6.2219000E-02 -9.0356000E-01  9.9992000E-01  4.2828000E-01  2.0764000E-07  4.2826000E-01
 7.7500000E+01  6.1993000E-02 -9.1039000E-01  9.9992000E-01  4.1356000E-01  2.0922000E-07  4.1354000E-01
 7.8000000E+01  6.1776000E-02 -9.1702000E-01  9.9992000E-01  3.9864000E-01  2.1074000E-07  3.9863000E-01
 7.8500000E+01  6.1567000E-02 -9.2343000E-01  9.9992000E-01  3.8355000E-01  2.1222000E-07  3.8353000E-01
 7.9000000E+01  6.1367000E-02 -9.2963000E-01  9.9992000E-01  3.6827000E-01  2.1365000E-07  3.6825000E-01
 7.9500000E+01  6.1175000E-02 -9.3560000E-01  9.9992000E-01  3.5281000E-01  2.1502000E-07  3.5280000E-01
 8.0000000E+01  6.0991000E-02 -9.4135000E-01  9.9992000E-01  3.3719000E-01  2.1635000E-07  3.3718000E-01
 8.0500000E+01  6.0816000E-02 -9.4685000E-01  9.9992000E-01  3.2140000E-01  2.1762000E-07  3.2139000E-01
 8.1000000E+01  6.0649000E-02 -9.5212000E-01  9.9992000E-01  3.0546000E-01  2.1883000E-07  3.0545000E-01
 8.1500000E+01  6.0491000E-02 -9.5713000E-01  9.9992000E-01  2.8936000E-01  2.1999000E-07  2.8935000E-01
 8.2000000E+01  6.0342000E-02 -9.6189000E-01  9.9992000E-01  2.7313000E-01  2.2108000E-07  2.7312000E-01
 8.2500000E+01  6.0201000E-02 -9.6639000E-01  9.9992000E-01  2.5675000E-01  2.2212000E-07  2.5674000E-01
 8.3000000E+01  6.0069000E-02 -9.7062000E-01  9.9992000E-01  2.4024000E-01  2.2310000E-07  2.4024000E-01
 8.3500000E+01  5.9945000E-02 -9.7459000E-01  9.9992000E-01  2.2362000E-01  2.2401000E-07  2.2361000E-01
 8.4000000E+01  5.9831000E-02 -9.7828000E-01  9.9992000E-01  2.0687000E-01  2.2487000E-07  2.0687000E-01
 8.4500000E+01  5.9725000E-02 -9.8169000E-01  9.9992000E-01  1.9003000E-01  2.2565000E-07  1.9002000E-01
 8.5000000E+01  5.9628000E-02 -9.8482000E-01  9.9992000E-01  1.7308000E-01  2.2638000E-07  1.7307000E-01
 8.5500000E+01  5.9540000E-02 -9.8766000E-01  9.9992000E-01  1.5604000E-01  2.2703000E-07  1.5603000E-01
 8.6000000E+01  5.9461000E-02 -9.9022000E-01  9.9992000E-01  1.3892000E-01  2.2762000E-07  1.3892000E-01
 8.6500000E+01  5.9391000E-02 -9.9248000E-01  9.9992000E-01  1.2173000E-01  2.2815000E-07  1.2173000E-01
 8.7000000E+01  5.9330000E-02 -9.9444000E-01  9.9992000E-01  1.0447000E-01  2.2860000E-07  1.0447000E-01
 8.7500000E+01  5.9278000E-02 -9.9611000E-01  9.9992000E-01  8.7163000E-02  2.2899000E-07  8.7159000E-02
 8.8000000E+01  5.9234000E-02 -9.9747000E-01  9.9992000E-01  6.9806000E-02  2.2931000E-07  6.9803000E-02
 8.8500000E+01  5.9200000E-02 -9.9854000E-01  9.9992000E-01  5.2411000E-02  2.2956000E-07  5.2409000E-02
 8.9000000E+01  5.9175000E-02 -9.9930000E-01  9.9992000E-01  3.4989000E-02  2.2974000E-07  3.4987000E-02
 8.9500000E+01  5.9159000E-02 -9.9976000E-01  9.9992000E-01  1.7548000E-02  2.2984000E-07  1.7547000E-02
 9.0000000E+01  5.9151000E-02 -9.9991000E-01  9.9992000E-01  9.7583000E-05  2.2988000E-07  9.7409000E-05
 9.0500000E+01  5.9153000E-02 -9.9976000E-01  9.9992000E-01 -1.7353000E-02  2.2985000E-07 -1.7352000E-02
 9.1000000E+01  5.9164000E-02 -9.9931000E-01  9.9992000E-01 -3.4794000E-02  2.2975000E-07 -3.4793000E-02
 9.1500000E+01  5.9184000E-02 -9.9855000E-01  9.9992000E-01 -5.2216000E-02  2.2958000E-07 -5.2215000E-02
 9.2000000E+01  5.9212000E-02 -9.9749000E-01  9.9992000E-01 -6.9611000E-02  2.2934000E-07 -6.9609000E-02
 9.2500000E+01  5.9250000E-02 -9.9612000E-01  9.9992000E-01 -8.6969000E-02  2.2903000E-07 -8.6966000E-02
 9.3000000E+01  5.9297000E-02 -9.9446000E-01  9.9992000E-01 -1.0428000E-01  2.2865000E-07 -1.0428000E-01
 9.3500000E+01  5.9352000E-02 -9.9250000E-01  9.9992000E-01 -1.2154000E-01  2.2821000E-07 -1.2153000E-01
 9.4000000E+01  5.9417000E-02 -9.9024000E-01  9.9992000E-01 -1.3873000E-01  2.2769000E-07 -1.3873000E-01
 9.4500000E+01  5.9491000E-02 -9.8769000E-01  9.9992000E-01 -1.5585000E-01  2.2711000E-07 -1.5584000E-01
 9.5000000E+01  5.9573000E-02 -9.8485000E-01  9.9992000E-01 -1.7289000E-01  2.2646000E-07 -1.7288000E-01
 9.5500000E+01  5.9664000E-02 -9.8173000E-01  9.9992000E-01 -1.8984000E-01  2.2574000E-07 -1.8983000E-01
 9.6000000E+01  5.9764000E-02 -9.7832000E-01  9.9992000E-01 -2.0669000E-01  2.2496000E-07 -2.0668000E-01
 9.6500000E+01  5.9873000E-02 -9.7463000E-01  9.9992000E-01 -2.2343000E-01  2.2412000E-07 -2.2342000E-01
 9.7000000E+01  5.9991000E-02 -9.7067000E-01  9.9992000E-01 -2.4006000E-01  2.2321000E-07 -2.4005000E-01
 9.7500000E+01  6.0117000E-02 -9.6644000E-01  9.9992000E-01 -2.5657000E-01  2.2224000E-07 -2.5656000E-01
 9.8000000E+01  6.0252000E-02 -9.6194000E-01  9.9992000E-01 -2.7295000E-01  2.2121000E-07 -2.7293000E-01
 9.8500000E+01  6.0396000E-02 -9.5718000E-01  9.9992000E-01 -2.8919000E-01  2.2012000E-07 -2.8918000E-01
 9.9000000E+01  6.0548000E-02 -9.5217000E-01  9.9992000E-01 -3.0528000E-01  2.1897000E-07 -3.0527000E-01
 9.9500000E+01  6.0709000E-02 -9.4691000E-01  9.9992000E-01 -3.2123000E-01  2.1777000E-07 -3.2122000E-01
 1.0000000E+02  6.0879000E-02 -9.4141000E-01  9.9992000E-01 -3.3702000E-01  2.1651000E-07 -3.3700000E-01
 1.0050000E+02  6.1056000E-02 -9.3567000E-01  9.9992000E-01 -3.5264000E-01  2.1519000E-07 -3.5263000E-01
 1.0100000E+02  6.1243000E-02 -9.2970000E-01  9.9992000E-01 -3.6810000E-01  2.1382000E-07 -3.6808000E-01
 1.0150000E+02  6.1437000E-02 -9.2350000E-01  9.9992000E-01 -3.8338000E-01  2.1240000E-07 -3.8337000E-01
 1.0200000E+02  6.1640000E-02 -9.1709000E-01  9.9992000E-01 -3.9848000E-01  2.1093000E-07 -3.9847000E-01
 1.0250000E+02  6.1851000E-02 -9.1046000E-01  9.9992000E-01 -4.1339000E-01  2.0941000E-07 -4.1338000E-01
 1.0300000E+02  6.2070000E-02 -9.0363000E-01  9.9992000E-01 -4.2812000E-01  2.0784000E-07 -4.2810000E-01
 1.0350000E+02  6.2297000E-02 -8.9660000E-01  9.9992000E-01 -4.4265000E-01  2.0622000E-07 -4.4263000E-01
 1.0400000E+02  6.2532000E-02 -8.8939000E-01  9.9992000E-01 -4.5698000E-01  2.0457000E-07 -4.5696000E-01
 1.0450000E+02  6.2776000E-02 -8.8198000E-01  9.9992000E-01 -4.7111000E-01  2.0287000E-07 -4.7109000E-01
 1.0500000E+02  6.3027000E-02 -8.7441000E-01  9.9992000E-01 -4.8503000E-01  2.0113000E-07 -4.8501000E-01
 1.0550000E+02  6.3285000E-02 -8.6666000E-01  9.9992000E-01 -4.9874000E-01  1.9935000E-07 -4.9872000E-01
 1.0600000E+02  6.3552000E-02 -8.5875000E-01  9.9992000E-01 -5.1224000E-01  1.9753000E-07 -5.1222000E-01
 1.0650000E+02  6.3826000E-02 -8.5069000E-01  9.9992000E-01 -5.2552000E-01  1.9568000E-07 -5.2550000E-01
 1.0700000E+02  6.4108000E-02 -8.4248000E-01  9.9992000E-01 -5.3859000E-01  1.9380000E-07 -5.3857000E-01
 1.0750000E+02  6.4397000E-02 -8.3413000E-01  9.9992000E-01 -5.5143000E-01  1.9188000E-07 -5.5141000E-01
 1.0800000E+02  6.4693000E-02 -8.2564000E-01  9.9992000E-01 -5.6405000E-01  1.8993000E-07 -5.6403000E-01
 1.0850000E+02  6.4997000E-02 -8.1704000E-01  9.9993000E-01 -5.7645000E-01  1.8795000E-07 -5.7643000E-01
 1.0900000E+02  6.5308000E-02 -8.0831000E-01  9.9993000E-01 -5.8863000E-01  1.8595000E-07 -5.8860000E-01
 1.0950000E+02  6.5625000E-02 -7.9947000E-01  9.9993000E-01 -6.0058000E-01  1.8392000E-07 -6.0055000E-01
 1.1000000E+02  6.5950000E-02 -7.9053000E-01  9.9993000E-01 -6.1230000E-01  1.8187000E-07 -6.1227000E-01
 1.1050000E+02  6.6282000E-02 -7.8149000E-01  9.9993000E-01 -6.2379000E-01  1.7979000E-07 -6.2377000E-01
 1.1100000E+02  6.6621000E-02 -7.7237000E-01  9.9993000E-01 -6.3506000E-01  1.7769000E-07 -6.3504000E-01
 1.1150000E+02  6.6966000E-02 -7.6316000E-01  9.9993000E-01 -6.4610000E-01  1.7558000E-07 -6.4608000E-01
 1.1200000E+02  6.7318000E-02 -7.5387000E-01  9.9993000E-01 -6.5691000E-01  1.7344000E-07 -6.5689000E-01
 1.1250000E+02  6.7676000E-02 -7.4451000E-01  9.9993000E-01 -6.6750000E-01  1.7129000E-07 -6.6747000E-01
 1.1300000E+02  6.8040000E-02 -7.3509000E-01  9.9993000E-01 -6.7786000E-01  1.6913000E-07 -6.7783000E-01
 1.1350000E+02  6.8411000E-02 -7.2562000E-01  9.9993000E-01 -6.8799000E-01  1.6695000E-07 -6.8797000E-01
 1.1400000E+02  6.8788000E-02 -7.1609000E-01  9.9993000E-01 -6.9790000E-01  1.6476000E-07 -6.9787000E-01
 1.1450000E+02  6.9171000E-02 -7.0652000E-01  9.9993000E-01 -7.0759000E-01  1.6256000E-07 -7.0756000E-01
 1.1500000E+02  6.9559000E-02 -6.9692000E-01  9.9993000E-01 -7.1705000E-01  1.6035000E-07 -7.1703000E-01
 1.1550000E+02  6.9954000E-02 -6.8728000E-01  9.9993000E-01 -7.2630000E-01  1.5814000E-07 -7.2627000E-01
 1.1600000E+02  7.0354000E-02 -6.7761000E-01  9.9993000E-01 -7.3532000E-01  1.5592000E-07 -7.3530000E-01
 1.1650000E+02  7.0760000E-02 -6.6793000E-01  9.9993000E-01 -7.4413000E-01  1.5369000E-07 -7.4410000E-01
 1.1700000E+02  7.1171000E-02 -6.5823000E-01  9.9993000E-01 -7.5273000E-01  1.5146000E-07 -7.5270000E-01
 1.1750000E+02  7.1587000E-02 -6.4852000E-01  9.9993000E-01 -7.6111000E-01  1.4923000E-07 -7.6108000E-01
 1.1800000E+02  7.2008000E-02 -6.3880000E-01  9.9993000E-01 -7.6928000E-01  1.4700000E-07 -7.6925000E-01
 1.1850000E+02  7.2435000E-02 -6.2909000E-01  9.9993000E-01 -7.7724000E-01  1.4476000E-07 -7.7721000E-01
 1.1900000E+02  7.2866000E-02 -6.1938000E-01  9.9993000E-01 -7.8500000E-01  1.4253000E-07 -7.8497000E-01
 1.1950000E+02  7.3302000E-02 -6.0969000E-01  9.9993000E-01 -7.9256000E-01  1.4030000E-07 -7.9253000E-01
 1.2000000E+02  7.3743000E-02 -6.0000000E-01  9.9993000E-01 -7.9991000E-01  1.3808000E-07 -7.9988000E-01
 1.2050000E+02  7.4188000E-02 -5.9034000E-01  9.9994000E-01 -8.0707000E-01  1.3585000E-07 -8.0704000E-01
 1.2100000E+02  7.4637000E-02 -5.8070000E-01  9.9994000E-01 -8.1403000E-01  1.3364000E-07 -8.1400000E-01
 1.2150000E+02  7.5091000E-02 -5.7109000E-01  9.9994000E-01 -8.2081000E-01  1.3143000E-07 -8.2078000E-01
 1.2200000E+02  7.5549000E-02 -5.6151000E-01  9.9994000E-01 -8.2739000E-01  1.2922000E-07 -8.2736000E-01
 1.2250000E+02  7.6010000E-02 -5.5197000E-01  9.9994000E-01 -8.3379000E-01  1.2703000E-07 -8.3376000E-01
 1.2300000E+02  7.6476000E-02 -5.4247000E-01  9.9994000E-01 -8.4000000E-01  1.2484000E-07 -8.3997000E-01
 1.2350000E+02  7.6945000E-02 -5.3300000E-01  9.9994000E-01 -8.4604000E-01  1.2267000E-07 -8.4601000E-01
 1.2400000E+02  7.7417000E-02 -5.2359000E-01  9.9994000E-01 -8.5190000E-01  1.2050000E-07 -8.5186000E-01
 1.2450000E+02  7.7893000E-02 -5.1422000E-01  9.9994000E-01 -8.5758000E-01  1.1835000E-07 -8.5755000E-01
 1.2500000E+02  7.8372000E-02 -5.0491000E-01  9.9994000E-01 -8.6310000E-01  1.1621000E-07 -8.6307000E-01
 1.2550000E+02  7.8854000E-02 -4.9565000E-01  9.9994000E-01 -8.6845000E-01  1.1408000E-07 -8.6842000E-01
 1.2600000E+02  7.9339000E-02 -4.8646000E-01  9.9994000E-01 -8.7364000E-01  1.1196000E-07 -8.7360000E-01
 1.2650000E+02  7.9827000E-02 -4.7732000E-01  9.9994000E-01 -8.7866000E-01  1.0986000E-07 -8.7863000E-01
 1.2700000E+02  8.0318000E-02 -4.6824000E-01  9.9994000E-01 -8.8353000E-01  1.0777000E-07 -8.8350000E-01
 1.2750000E+02  8.0811000E-02 -4.5924000E-01  9.9994000E-01 -8.8825000E-01  1.0570000E-07 -8.8821000E-01
 1.2800000E+02  8.1306000E-02 -4.5030000E-01  9.9994000E-01 -8.9281000E-01  1.0365000E-07 -8.9278000E-01
 1.2850000E+02  8.1803000E-02 -4.4143000E-01  9.9994000E-01 -8.9723000E-01  1.0161000E-07 -8.9720000E-01
 1.2900000E+02  8.2302000E-02 -4.3263000E-01  9.9994000E-01 -9.0151000E-01  9.9583000E-08 -9.0147000E-01
 1.2950000E+02  8.2804000E-02 -4.2391000E-01  9.9994000E-01 -9.0564000E-01  9.7577000E-08 -9.0561000E-01
 1.3000000E+02  8.3307000E-02 -4.1526000E-01  9.9994000E-01 -9.0964000E-01  9.5588000E-08 -9.0960000E-01
 1.3050000E+02  8.3811000E-02 -4.0670000E-01  9.9994000E-01 -9.1350000E-01  9.3617000E-08 -9.1347000E-01
 1.3100000E+02  8.4317000E-02 -3.9821000E-01  9.9994000E-01 -9.1723000E-01  9.1665000E-08 -9.1720000E-01
 1.3150000E+02  8.4824000E-02 -3.8980000E-01  9.9994000E-01 -9.2084000E-01  8.9731000E-08 -9.2080000E-01
 1.3200000E+02  8.5332000E-02 -3.8148000E-01  9.9994000E-01 -9.2432000E-01  8.7816000E-08 -9.2428000E-01
 1.3250000E+02  8.5841000E-02 -3.7324000E-01  9.9994000E-01 -9.2768000E-01  8.5920000E-08 -9.2764000E-01
 1.3300000E+02  8.6351000E-02 -3.6509000E-01  9.9995000E-01 -9.3091000E-01  8.4044000E-08 -9.3088000E-01
 1.3350000E+02  8.6861000E-02 -3.5702000E-01  9.9995000E-01 -9.3404000E-01  8.2188000E-08 -9.3400000E-01
 1.3400000E+02  8.7372000E-02 -3.4904000E-01  9.9995000E-01 -9.3705000E-01  8.0352000E-08 -9.3701000E-01
 1.3450000E+02  8.7884000E-02 -3.4115000E-01  9.9995000E-01 -9.3995000E-01  7.8536000E-08 -9.3992000E-01
 1.3500000E+02  8.8395000E-02 -3.3334000E-01  9.9995000E-01 -9.4275000E-01  7.6741000E-08 -9.4271000E-01
 1.3550000E+02  8.8906000E-02 -3.2563000E-01  9.9995000E-01 -9.4544000E-01  7.4966000E-08 -9.4540000E-01
 1.3600000E+02  8.9418000E-02 -3.1801000E-01  9.9995000E-01 -9.4803000E-01  7.3213000E-08 -9.4799000E-01
 1.3650000E+02  8.9929000E-02 -3.1048000E-01  9.9995000E-01 -9.5052000E-01  7.1480000E-08 -9.5049000E-01
 1.3700000E+02  9.0439000E-02 -3.0305000E-01  9.9995000E-01 -9.5292000E-01  6.9769000E-08 -9.5288000E-01
 1.3750000E+02  9.0949000E-02 -2.9570000E-01  9.9995000E-01 -9.5523000E-01  6.8079000E-08 -9.5519000E-01
 1.3800000E+02  9.1458000E-02 -2.8845000E-01  9.9995000E-01 -9.5744000E-01  6.6410000E-08 -9.5740000E-01
 1.3850000E+02  9.1966000E-02 -2.8129000E-01  9.9995000E-01 -9.5957000E-01  6.4763000E-08 -9.5953000E-01
 1.3900000E+02  9.2473000E-02 -2.7423000E-01  9.9995000E-01 -9.6161000E-01  6.3138000E-08 -9.6157000E-01
 1.3950000E+02  9.2978000E-02 -2.6726000E-01  9.9995000E-01 -9.6357000E-01  6.1534000E-08 -9.6353000E-01
 1.4000000E+02  9.3483000E-02 -2.6039000E-01  9.9995000E-01 -9.6545000E-01  5.9952000E-08 -9.6541000E-01
 1.4050000E+02  9.3986000E-02 -2.5361000E-01  9.9995000E-01 -9.6725000E-01  5.8392000E-08 -9.6722000E-01
 1.4100000E+02  9.4487000E-02 -2.4693000E-01  9.9995000E-01 -9.6898000E-01  5.6854000E-08 -9.6895000E-01
 1.4150000E+02  9.4986000E-02 -2.4034000E-01  9.9995000E-01 -9.7064000E-01  5.5338000E-08 -9.7060000E-01
 1.4200000E+02  9.5483000E-02 -2.3385000E-01  9.9995000E-01 -9.7222000E-01  5.3843000E-08 -9.7219000E-01
 1.4250000E+02  9.5978000E-02 -2.2745000E-01  9.9995000E-01 -9.7374000E-01  5.2371000E-08 -9.7370000E-01
 1.4300000E+02  9.6471000E-02 -2.2115000E-01  9.9995000E-01 -9.7519000E-01  5.0920000E-08 -9.7515000E-01
 1.4350000E+02  9.6961000E-02 -2.1494000E-01  9.9995000E-01 -9.7658000E-01  4.9491000E-08 -9.7654000E-01
 1.4400000E+02  9.7448000E-02 -2.0883000E-01  9.9995000E-01 -9.7790000E-01  4.8084000E-08 -9.7787000E-01
 1.4450000E+02  9.7933000E-02 -2.0281000E-01  9.9995000E-01 -9.7917000E-01  4.6700000E-08 -9.7913000E-01
 1.4500000E+02  9.8415000E-02 -1.9689000E-01  9.9995000E-01 -9.8038000E-01  4.5337000E-08 -9.8034000E-01
 1.4550000E+02  9.8894000E-02 -1.9106000E-01  9.9995000E-01 -9.8153000E-01  4.3995000E-08 -9.8149000E-01
 1.4600000E+02  9.9370000E-02 -1.8533000E-01  9.9995000E-01 -9.8263000E-01  4.2676000E-08 -9.8259000E-01
 1.4650000E+02  9.9842000E-02 -1.7969000E-01  9.9995000E-01 -9.8368000E-01  4.1378000E-08 -9.8364000E-01
 1.4700000E+02  1.0031000E-01 -1.7415000E-01  9.9995000E-01 -9.8467000E-01  4.0102000E-08 -9.8463000E-01
 1.4750000E+02  1.0078000E-01 -1.6870000E-01  9.9995000E-01 -9.8562000E-01  3.8848000E-08 -9.8558000E-01
 1.4800000E+02  1.0124000E-01 -1.6335000E-01  9.9995000E-01 -9.8652000E-01  3.7616000E-08 -9.8648000E-01
 1.4850000E+02  1.0169000E-01 -1.5809000E-01  9.9995000E-01 -9.8738000E-01  3.6404000E-08 -9.8734000E-01
 1.4900000E+02  1.0215000E-01 -1.5292000E-01  9.9995000E-01 -9.8819000E-01  3.5215000E-08 -9.8815000E-01
 1.4950000E+02  1.0260000E-01 -1.4785000E-01  9.9996000E-01 -9.8896000E-01  3.4046000E-08 -9.8893000E-01
 1.5000000E+02  1.0304000E-01 -1.4286000E-01  9.9996000E-01 -9.8970000E-01  3.2899000E-08 -9.8966000E-01
 1.5050000E+02  1.0348000E-01 -1.3797000E-01  9.9996000E-01 -9.9039000E-01  3.1774000E-08 -9.9035000E-01
 1.5100000E+02  1.0392000E-01 -1.3318000E-01  9.9996000E-01 -9.9105000E-01  3.0669000E-08 -9.9101000E-01
 1.5150000E+02  1.0435000E-01 -1.2847000E-01  9.9996000E-01 -9.9167000E-01  2.9586000E-08 -9.9163000E-01
 1.5200000E+02  1.0478000E-01 -1.2386000E-01  9.9996000E-01 -9.9226000E-01  2.8523000E-08 -9.9222000E-01
 1.5250000E+02  1.0520000E-01 -1.1933000E-01  9.9996000E-01 -9.9281000E-01  2.7482000E-08 -9.9277000E-01
 1.5300000E+02  1.0561000E-01 -1.1490000E-01  9.9996000E-01 -9.9333000E-01  2.6461000E-08 -9.9330000E-01
 1.5350000E+02  1.0602000E-01 -1.1056000E-01  9.9996000E-01 -9.9383000E-01  2.5461000E-08 -9.9379000E-01
 1.5400000E+02  1.0643000E-01 -1.0630000E-01  9.9996000E-01 -9.9429000E-01  2.4482000E-08 -9.9425000E-01
 1.5450000E+02  1.0683000E-01 -1.0214000E-01  9.9996000E-01 -9.9473000E-01  2.3523000E-08 -9.9469000E-01
 1.5500000E+02  1.0722000E-01 -9.8065000E-02  9.9996000E-01 -9.9514000E-01  2.2585000E-08 -9.9510000E-01
 1.5550000E+02  1.0761000E-01 -9.4079000E-02  9.9996000E-01 -9.9552000E-01  2.1667000E-08 -9.9548000E-01
 1.5600000E+02  1.0799000E-01 -9.0181000E-02  9.9996000E-01 -9.9588000E-01  2.0769000E-08 -9.9584000E-01
 1.5650000E+02  1.0837000E-01 -8.6371000E-02  9.9996000E-01 -9.9622000E-01  1.9892000E-08 -9.9618000E-01
 1.5700000E+02  1.0874000E-01 -8.2648000E-02  9.9996000E-01 -9.9654000E-01  1.9035000E-08 -9.9650000E-01
 1.5750000E+02  1.0911000E-01 -7.9012000E-02  9.9996000E-01 -9.9683000E-01  1.8197000E-08 -9.9679000E-01
 1.5800000E+02  1.0946000E-01 -7.5463000E-02  9.9996000E-01 -9.9711000E-01  1.7380000E-08 -9.9707000E-01
 1.5850000E+02  1.0982000E-01 -7.2001000E-02  9.9996000E-01 -9.9736000E-01  1.6583000E-08 -9.9732000E-01
 1.5900000E+02  1.1016000E-01 -6.8624000E-02  9.9996000E-01 -9.9760000E-01  1.5805000E-08 -9.9756000E-01
 1.5950000E+02  1.1050000E-01 -6.5332000E-02  9.9996000E-01 -9.9782000E-01  1.5047000E-08 -9.9778000E-01
 1.6000000E+02  1.1083000E-01 -6.2125000E-02  9.9996000E-01 -9.9803000E-01  1.4309000E-08 -9.9799000E-01
 1.6050000E+02  1.1116000E-01 -5.9004000E-02  9.9996000E-01 -9.9822000E-01  1.3590000E-08 -9.9818000E-01
 1.6100000E+02  1.1148000E-01 -5.5966000E-02  9.9996000E-01 -9.9839000E-01  1.2890000E-08 -9.9835000E-01
 1.6150000E+02  1.1179000E-01 -5.3012000E-02  9.9996000E-01 -9.9855000E-01  1.2210000E-08 -9.9851000E-01
 1.6200000E+02  1.1209000E-01 -5.0142000E-02  9.9996000E-01 -9.9870000E-01  1.1549000E-08 -9.9866000E-01
 1.6250000E+02  1.1239000E-01 -4.7355000E-02  9.9996000E-01 -9.9884000E-01  1.0907000E-08 -9.9880000E-01
 1.6300000E+02  1.1268000E-01 -4.4651000E-02  9.9996000E-01 -9.9896000E-01  1.0284000E-08 -9.9892000E-01
 1.6350000E+02  1.1296000E-01 -4.2030000E-02  9.9996000E-01 -9.9908000E-01  9.6805000E-09 -9.9904000E-01
 1.6400000E+02  1.1323000E-01 -3.9490000E-02  9.9996000E-01 -9.9918000E-01  9.0956000E-09 -9.9914000E-01
 1.6450000E+02  1.1350000E-01 -3.7032000E-02  9.9996000E-01 -9.9927000E-01  8.5296000E-09 -9.9924000E-01
 1.6500000E+02  1.1376000E-01 -3.4656000E-02  9.9996000E-01 -9.9936000E-01  7.9823000E-09 -9.9932000E-01
 1.6550000E+02  1.1401000E-01 -3.2361000E-02  9.9996000E-01 -9.9944000E-01  7.4537000E-09 -9.9940000E-01
 1.6600000E+02  1.1425000E-01 -3.0147000E-02  9.9996000E-01 -9.9951000E-01  6.9437000E-09 -9.9947000E-01
 1.6650000E+02  1.1449000E-01 -2.8013000E-02  9.9996000E-01 -9.9957000E-01  6.4523000E-09 -9.9953000E-01
 1.6700000E+02  1.1472000E-01 -2.5960000E-02  9.9996000E-01 -9.9962000E-01  5.9794000E-09 -9.9959000E-01
 1.6750000E+02  1.1494000E-01 -2.3986000E-02  9.9996000E-01 -9.9967000E-01  5.5248000E-09 -9.9963000E-01
 1.6800000E+02  1.1515000E-01 -2.2092000E-02  9.9996000E-01 -9.9972000E-01  5.0886000E-09 -9.9968000E-01
 1.6850000E+02  1.1535000E-01 -2.0278000E-02  9.9996000E-01 -9.9976000E-01  4.6707000E-09 -9.9972000E-01
 1.6900000E+02  1.1555000E-01 -1.8543000E-02  9.9996000E-01 -9.9979000E-01  4.2710000E-09 -9.9975000E-01
 1.6950000E+02  1.1574000E-01 -1.6886000E-02  9.9996000E-01 -9.9982000E-01  3.8895000E-09 -9.9978000E-01
 1.7000000E+02  1.1592000E-01 -1.5308000E-02  9.9996000E-01 -9.9984000E-01  3.5261000E-09 -9.9981000E-01
 1.7050000E+02  1.1609000E-01 -1.3809000E-02  9.9996000E-01 -9.9987000E-01  3.1808000E-09 -9.9983000E-01
 1.7100000E+02  1.1625000E-01 -1.2388000E-02  9.9996000E-01 -9.9988000E-01  2.8535000E-09 -9.9985000E-01
 1.7150000E+02  1.1640000E-01 -1.1045000E-02  9.9996000E-01 -9.9990000E-01  2.5441000E-09 -9.9986000E-01
 1.7200000E+02  1.1655000E-01 -9.7798000E-03  9.9996000E-01 -9.9991000E-01  2.2527000E-09 -9.9988000E-01
 1.7250000E+02  1.1668000E-01 -8.5922000E-03  9.9996000E-01 -9.9992000E-01  1.9791000E-09 -9.9989000E-01
 1.7300000E+02  1.1681000E-01 -7.4820000E-03  9.9996000E-01 -9.9993000E-01  1.7234000E-09 -9.9990000E-01
 1.7350000E+02  1.1693000E-01 -6.4491000E-03  9.9996000E-01 -9.9994000E-01  1.4855000E-09 -9.9990000E-01
 1.7400000E+02  1.1704000E-01 -5.4934000E-03  9.9996000E-01 -9.9995000E-01  1.2654000E-09 -9.9991000E-01
 1.7450000E+02  1.1714000E-01 -4.6146000E-03  9.9996000E-01 -9.9995000E-01  1.0629000E-09 -9.9991000E-01
 1.7500000E+02  1.1724000E-01 -3.8127000E-03  9.9996000E-01 -9.9995000E-01  8.7824000E-10 -9.9992000E-01
 1.7550000E+02  1.1732000E-01 -3.0876000E-03  9.9996000E-01 -9.9996000E-01  7.1120000E-10 -9.9992000E-01
 1.7600000E+02  1.1740000E-01 -2.4390000E-03  9.9996000E-01 -9.9996000E-01  5.6182000E-10 -9.9992000E-01
 1.7650000E+02  1.1746000E-01 -1.8670000E-03  9.9996000E-01 -9.9996000E-01  4.3006000E-10 -9.9992000E-01
 1.7700000E+02  1.1752000E-01 -1.3715000E-03  9.9996000E-01 -9.9996000E-01  3.1591000E-10 -9.9992000E-01
 1.7750000E+02  1.1757000E-01 -9.5228000E-04  9.9996000E-01 -9.9996000E-01  2.1935000E-10 -9.9992000E-01
 1.7800000E+02  1.1761000E-01 -6.0939000E-04  9.9996000E-01 -9.9996000E-01  1.4037000E-10 -9.9992000E-01
 1.7850000E+02  1.1764000E-01 -3.4275000E-04  9.9996000E-01 -9.9996000E-01  7.8950000E-11 -9.9992000E-01
 1.7900000E+02  1.1766000E-01 -1.5232000E-04  9.9996000E-01 -9.9996000E-01  3.5087000E-11 -9.9992000E-01
 1.7950000E+02  1.1768000E-01 -3.8079000E-05  9.9996000E-01 -9.9996000E-01  8.7713000E-12 -9.9992000E-01
 1.8000000E+02  1.1768000E-01 -3.7750000E-15  9.9996000E-01 -9.9996000E-01  8.6954000E-22 -9.9992000E-01
