length scale factor
3.1165000E-02
volume cluster radius, area mean sphere radius, circumscribing radius, cross section radius
6.2761909E-01 3.1133835E-02 2.1195445E+00 6.2761909E-01
total extinction, absorption, scattering efficiencies (unpolarized incidence)
1.0810000E-01 4.7491000E-03 1.0335000E-01
theta     11          12          22          33          34          44
0.000000 2.6635000E-01 -9.7612000E-08 9.9993000E-01 9.9993000E-01 1.6651000E-10 9.9986000E-01
0.500000 2.6633000E-01 -3.7168000E-05 9.9993000E-01 9.9993000E-01 6.3403000E-08 9.9986000E-01
1.000000 2.6627000E-01 -1.4868000E-04 9.9993000E-01 9.9993000E-01 2.5364000E-07 9.9986000E-01
1.500000 2.6617000E-01 -3.3455000E-04 9.9993000E-01 9.9993000E-01 5.7078000E-07 9.9986000E-01
2.000000 2.6603000E-01 -5.9480000E-04 9.9993000E-01 9.9993000E-01 1.0150000E-06 9.9986000E-01
2.500000 2.6584000E-01 -9.2948000E-04 9.9993000E-01 9.9993000E-01 1.5864000E-06 9.9986000E-01
3.000000 2.6562000E-01 -1.3386000E-03 9.9993000E-01 9.9993000E-01 2.2852000E-06 9.9986000E-01
3.500000 2.6536000E-01 -1.8223000E-03 9.9993000E-01 9.9993000E-01 3.1118000E-06 9.9986000E-01
4.000000 2.6506000E-01 -2.3806000E-03 9.9993000E-01 9.9993000E-01 4.0665000E-06 9.9986000E-01
4.500000 2.6472000E-01 -3.0136000E-03 9.9993000E-01 9.9993000E-01 5.1497000E-06 9.9986000E-01
5.000000 2.6433000E-01 -3.7214000E-03 9.9993000E-01 9.9992000E-01 6.3617000E-06 9.9985000E-01
5.500000 2.6391000E-01 -4.5041000E-03 9.9993000E-01 9.9992000E-01 7.7032000E-06 9.9985000E-01
6.000000 2.6345000E-01 -5.3617000E-03 9.9993000E-01 9.9992000E-01 9.1746000E-06 9.9985000E-01
6.500000 2.6295000E-01 -6.2945000E-03 9.9993000E-01 9.9991000E-01 1.0777000E-05 9.9984000E-01
7.000000 2.6241000E-01 -7.3026000E-03 9.9993000E-01 9.9990000E-01 1.2510000E-05 9.9983000E-01
7.500000 2.6184000E-01 -8.3861000E-03 9.9993000E-01 9.9989000E-01 1.4375000E-05 9.9983000E-01
8.000000 2.6122000E-01 -9.5451000E-03 9.9993000E-01 9.9988000E-01 1.6372000E-05 9.9981000E-01
8.500000 2.6057000E-01 -1.0780000E-02 9.9993000E-01 9.9987000E-01 1.8504000E-05 9.9980000E-01
9.000000 2.5988000E-01 -1.2091000E-02 9.9993000E-01 9.9986000E-01 2.0769000E-05 9.9979000E-01
9.500000 2.5915000E-01 -1.3478000E-02 9.9993000E-01 9.9984000E-01 2.3170000E-05 9.9977000E-01
10.000000 2.5838000E-01 -1.4941000E-02 9.9993000E-01 9.9982000E-01 2.5706000E-05 9.9975000E-01
10.500000 2.5758000E-01 -1.6480000E-02 9.9993000E-01 9.9979000E-01 2.8380000E-05 9.9972000E-01
11.000000 2.5674000E-01 -1.8097000E-02 9.9993000E-01 9.9976000E-01 3.1192000E-05 9.9969000E-01
11.500000 2.5587000E-01 -1.9790000E-02 9.9993000E-01 9.9973000E-01 3.4143000E-05 9.9966000E-01
12.000000 2.5496000E-01 -2.1561000E-02 9.9993000E-01 9.9970000E-01 3.7235000E-05 9.9962000E-01
12.500000 2.5402000E-01 -2.3409000E-02 9.9993000E-01 9.9965000E-01 4.0469000E-05 9.9958000E-01
13.000000 2.5305000E-01 -2.5334000E-02 9.9993000E-01 9.9961000E-01 4.3845000E-05 9.9954000E-01
13.500000 2.5203000E-01 -2.7338000E-02 9.9993000E-01 9.9955000E-01 4.7365000E-05 9.9948000E-01
14.000000 2.5099000E-01 -2.9420000E-02 9.9993000E-01 9.9949000E-01 5.1031000E-05 9.9942000E-01
14.500000 2.4991000E-01 -3.1581000E-02 9.9993000E-01 9.9943000E-01 5.4844000E-05 9.9936000E-01
15.000000 2.4881000E-01 -3.3820000E-02 9.9993000E-01 9.9935000E-01 5.8805000E-05 9.9928000E-01
15.500000 2.4767000E-01 -3.6138000E-02 9.9993000E-01 9.9927000E-01 6.2916000E-05 9.9920000E-01
16.000000 2.4649000E-01 -3.8536000E-02 9.9993000E-01 9.9918000E-01 6.7178000E-05 9.9911000E-01
16.500000 2.4529000E-01 -4.1014000E-02 9.9993000E-01 9.9908000E-01 7.1593000E-05 9.9901000E-01
17.000000 2.4406000E-01 -4.3572000E-02 9.9993000E-01 9.9898000E-01 7.6162000E-05 9.9890000E-01
17.500000 2.4280000E-01 -4.6210000E-02 9.9992000E-01 9.9886000E-01 8.0888000E-05 9.9878000E-01
18.000000 2.4151000E-01 -4.8929000E-02 9.9992000E-01 9.9873000E-01 8.5772000E-05 9.9865000E-01
18.500000 2.4019000E-01 -5.1729000E-02 9.9992000E-01 9.9859000E-01 9.0815000E-05 9.9851000E-01
19.000000 2.3885000E-01 -5.4610000E-02 9.9992000E-01 9.9843000E-01 9.6019000E-05 9.9836000E-01
19.500000 2.3748000E-01 -5.7573000E-02 9.9992000E-01 9.9826000E-01 1.0139000E-04 9.9819000E-01
20.000000 2.3608000E-01 -6.0618000E-02 9.9992000E-01 9.9808000E-01 1.0692000E-04 9.9801000E-01
20.500000 2.3466000E-01 -6.3746000E-02 9.9992000E-01 9.9789000E-01 1.1262000E-04 9.9781000E-01
21.000000 2.3321000E-01 -6.6957000E-02 9.9992000E-01 9.9768000E-01 1.1849000E-04 9.9760000E-01
21.500000 2.3174000E-01 -7.0251000E-02 9.9992000E-01 9.9745000E-01 1.2453000E-04 9.9737000E-01
22.000000 2.3024000E-01 -7.3629000E-02 9.9992000E-01 9.9721000E-01 1.3074000E-04 9.9713000E-01
22.500000 2.2872000E-01 -7.7090000E-02 9.9992000E-01 9.9694000E-01 1.3713000E-04 9.9687000E-01
23.000000 2.2718000E-01 -8.0636000E-02 9.9992000E-01 9.9666000E-01 1.4369000E-04 9.9659000E-01
23.500000 2.2562000E-01 -8.4267000E-02 9.9992000E-01 9.9636000E-01 1.5043000E-04 9.9628000E-01
24.000000 2.2404000E-01 -8.7983000E-02 9.9992000E-01 9.9604000E-01 1.5736000E-04 9.9596000E-01
24.500000 2.2243000E-01 -9.1785000E-02 9.9992000E-01 9.9570000E-01 1.6446000E-04 9.9562000E-01
25.000000 2.2081000E-01 -9.5672000E-02 9.9992000E-01 9.9533000E-01 1.7176000E-04 9.9525000E-01
25.500000 2.1917000E-01 -9.9646000E-02 9.9992000E-01 9.9494000E-01 1.7924000E-04 9.9486000E-01
26.000000 2.1752000E-01 -1.0371000E-01 9.9992000E-01 9.9452000E-01 1.8691000E-04 9.9444000E-01
26.500000 2.1584000E-01 -1.0785000E-01 9.9992000E-01 9.9408000E-01 1.9477000E-04 9.9400000E-01
27.000000 2.1415000E-01 -1.1209000E-01 9.9992000E-01 9.9361000E-01 2.0283000E-04 9.9353000E-01
27.500000 2.1244000E-01 -1.1641000E-01 9.9991000E-01 9.9311000E-01 2.1108000E-04 9.9303000E-01
28.000000 2.1072000E-01 -1.2082000E-01 9.9991000E-01 9.9259000E-01 2.1953000E-04 9.9250000E-01
28.500000 2.0899000E-01 -1.2532000E-01 9.9991000E-01 9.9203000E-01 2.2819000E-04 9.9195000E-01
29.000000 2.0724000E-01 -1.2991000E-01 9.9991000E-01 9.9144000E-01 2.3705000E-04 9.9135000E-01
29.500000 2.0548000E-01 -1.3459000E-01 9.9991000E-01 9.9081000E-01 2.4611000E-04 9.9073000E-01
30.000000 2.0371000E-01 -1.3936000E-01 9.9991000E-01 9.9015000E-01 2.5538000E-04 9.9007000E-01
30.500000 2.0192000E-01 -1.4422000E-01 9.9991000E-01 9.8946000E-01 2.6487000E-04 9.8937000E-01
31.000000 2.0013000E-01 -1.4917000E-01 9.9991000E-01 9.8872000E-01 2.7457000E-04 9.8863000E-01
31.500000 1.9832000E-01 -1.5421000E-01 9.9991000E-01 9.8795000E-01 2.8448000E-04 9.8786000E-01
32.000000 1.9651000E-01 -1.5934000E-01 9.9991000E-01 9.8713000E-01 2.9461000E-04 9.8704000E-01
32.500000 1.9469000E-01 -1.6456000E-01 9.9991000E-01 9.8627000E-01 3.0496000E-04 9.8619000E-01
33.000000 1.9286000E-01 -1.6987000E-01 9.9991000E-01 9.8537000E-01 3.1553000E-04 9.8528000E-01
33.500000 1.9103000E-01 -1.7528000E-01 9.9991000E-01 9.8442000E-01 3.2633000E-04 9.8433000E-01
34.000000 1.8918000E-01 -1.8077000E-01 9.9990000E-01 9.8343000E-01 3.3735000E-04 9.8334000E-01
34.500000 1.8734000E-01 -1.8636000E-01 9.9990000E-01 9.8238000E-01 3.4861000E-04 9.8229000E-01
35.000000 1.8549000E-01 -1.9205000E-01 9.9990000E-01 9.8129000E-01 3.6009000E-04 9.8120000E-01
35.500000 1.8363000E-01 -1.9782000E-01 9.9990000E-01 9.8014000E-01 3.7181000E-04 9.8005000E-01
36.000000 1.8177000E-01 -2.0369000E-01 9.9990000E-01 9.7893000E-01 3.8377000E-04 9.7884000E-01
36.500000 1.7991000E-01 -2.0965000E-01 9.9990000E-01 9.7767000E-01 3.9596000E-04 9.7758000E-01
37.000000 1.7805000E-01 -2.1570000E-01 9.9990000E-01 9.7635000E-01 4.0839000E-04 9.7626000E-01
37.500000 1.7618000E-01 -2.2185000E-01 9.9990000E-01 9.7498000E-01 4.2107000E-04 9.7488000E-01
38.000000 1.7432000E-01 -2.2809000E-01 9.9990000E-01 9.7353000E-01 4.3399000E-04 9.7344000E-01
38.500000 1.7245000E-01 -2.3443000E-01 9.9990000E-01 9.7203000E-01 4.4716000E-04 9.7193000E-01
39.000000 1.7059000E-01 -2.4086000E-01 9.9990000E-01 9.7045000E-01 4.6057000E-04 9.7036000E-01
39.500000 1.6872000E-01 -2.4738000E-01 9.9989000E-01 9.6881000E-01 4.7423000E-04 9.6871000E-01
40.000000 1.6686000E-01 -2.5399000E-01 9.9989000E-01 9.6710000E-01 4.8815000E-04 9.6700000E-01
40.500000 1.6500000E-01 -2.6070000E-01 9.9989000E-01 9.6531000E-01 5.0232000E-04 9.6521000E-01
41.000000 1.6315000E-01 -2.6750000E-01 9.9989000E-01 9.6344000E-01 5.1674000E-04 9.6334000E-01
41.500000 1.6130000E-01 -2.7439000E-01 9.9989000E-01 9.6150000E-01 5.3142000E-04 9.6140000E-01
42.000000 1.5945000E-01 -2.8138000E-01 9.9989000E-01 9.5948000E-01 5.4636000E-04 9.5938000E-01
42.500000 1.5761000E-01 -2.8845000E-01 9.9989000E-01 9.5737000E-01 5.6155000E-04 9.5727000E-01
43.000000 1.5577000E-01 -2.9562000E-01 9.9989000E-01 9.5518000E-01 5.7701000E-04 9.5508000E-01
43.500000 1.5394000E-01 -3.0288000E-01 9.9988000E-01 9.5290000E-01 5.9272000E-04 9.5280000E-01
44.000000 1.5211000E-01 -3.1024000E-01 9.9988000E-01 9.5053000E-01 6.0870000E-04 9.5043000E-01
44.500000 1.5029000E-01 -3.1768000E-01 9.9988000E-01 9.4807000E-01 6.2494000E-04 9.4797000E-01
45.000000 1.4848000E-01 -3.2521000E-01 9.9988000E-01 9.4551000E-01 6.4144000E-04 9.4541000E-01
45.500000 1.4668000E-01 -3.3283000E-01 9.9988000E-01 9.4286000E-01 6.5821000E-04 9.4275000E-01
46.000000 1.4489000E-01 -3.4054000E-01 9.9988000E-01 9.4010000E-01 6.7523000E-04 9.3999000E-01
46.500000 1.4310000E-01 -3.4834000E-01 9.9988000E-01 9.3723000E-01 6.9253000E-04 9.3712000E-01
47.000000 1.4133000E-01 -3.5623000E-01 9.9987000E-01 9.3426000E-01 7.1008000E-04 9.3415000E-01
47.500000 1.3956000E-01 -3.6420000E-01 9.9987000E-01 9.3118000E-01 7.2790000E-04 9.3107000E-01
48.000000 1.3781000E-01 -3.7225000E-01 9.9987000E-01 9.2799000E-01 7.4599000E-04 9.2788000E-01
48.500000 1.3606000E-01 -3.8039000E-01 9.9987000E-01 9.2468000E-01 7.6433000E-04 9.2457000E-01
49.000000 1.3433000E-01 -3.8861000E-01 9.9987000E-01 9.2125000E-01 7.8294000E-04 9.2114000E-01
49.500000 1.3261000E-01 -3.9692000E-01 9.9987000E-01 9.1771000E-01 8.0180000E-04 9.1759000E-01
50.000000 1.3090000E-01 -4.0530000E-01 9.9987000E-01 9.1403000E-01 8.2093000E-04 9.1392000E-01
50.500000 1.2920000E-01 -4.1376000E-01 9.9986000E-01 9.1023000E-01 8.4031000E-04 9.1011000E-01
51.000000 1.2752000E-01 -4.2230000E-01 9.9986000E-01 9.0630000E-01 8.5995000E-04 9.0618000E-01
51.500000 1.2584000E-01 -4.3092000E-01 9.9986000E-01 9.0223000E-01 8.7984000E-04 9.0211000E-01
52.000000 1.2419000E-01 -4.3961000E-01 9.9986000E-01 8.9803000E-01 8.9998000E-04 8.9791000E-01
52.500000 1.2254000E-01 -4.4837000E-01 9.9986000E-01 8.9368000E-01 9.2036000E-04 8.9356000E-01
53.000000 1.2091000E-01 -4.5720000E-01 9.9985000E-01 8.8920000E-01 9.4100000E-04 8.8907000E-01
53.500000 1.1930000E-01 -4.6610000E-01 9.9985000E-01 8.8456000E-01 9.6187000E-04 8.8444000E-01
54.000000 1.1770000E-01 -4.7506000E-01 9.9985000E-01 8.7978000E-01 9.8299000E-04 8.7965000E-01
54.500000 1.1611000E-01 -4.8409000E-01 9.9985000E-01 8.7484000E-01 1.0043000E-03 8.7472000E-01
55.000000 1.1454000E-01 -4.9317000E-01 9.9985000E-01 8.6975000E-01 1.0259000E-03 8.6962000E-01
55.500000 1.1298000E-01 -5.0232000E-01 9.9985000E-01 8.6450000E-01 1.0477000E-03 8.6437000E-01
56.000000 1.1144000E-01 -5.1152000E-01 9.9984000E-01 8.5908000E-01 1.0697000E-03 8.5895000E-01
56.500000 1.0992000E-01 -5.2078000E-01 9.9984000E-01 8.5350000E-01 1.0920000E-03 8.5337000E-01
57.000000 1.0841000E-01 -5.3008000E-01 9.9984000E-01 8.4775000E-01 1.1144000E-03 8.4762000E-01
57.500000 1.0692000E-01 -5.3943000E-01 9.9984000E-01 8.4183000E-01 1.1371000E-03 8.4170000E-01
58.000000 1.0544000E-01 -5.4883000E-01 9.9983000E-01 8.3573000E-01 1.1599000E-03 8.3560000E-01
58.500000 1.0398000E-01 -5.5826000E-01 9.9983000E-01 8.2946000E-01 1.1830000E-03 8.2932000E-01
59.000000 1.0254000E-01 -5.6773000E-01 9.9983000E-01 8.2300000E-01 1.2062000E-03 8.2286000E-01
59.500000 1.0112000E-01 -5.7723000E-01 9.9983000E-01 8.1636000E-01 1.2296000E-03 8.1622000E-01
60.000000 9.9709000E-02 -5.8677000E-01 9.9983000E-01 8.0953000E-01 1.2531000E-03 8.0939000E-01
60.500000 9.8318000E-02 -5.9633000E-01 9.9982000E-01 8.0251000E-01 1.2768000E-03 8.0237000E-01
61.000000 9.6944000E-02 -6.0590000E-01 9.9982000E-01 7.9530000E-01 1.3007000E-03 7.9516000E-01
61.500000 9.5588000E-02 -6.1550000E-01 9.9982000E-01 7.8789000E-01 1.3247000E-03 7.8775000E-01
62.000000 9.4250000E-02 -6.2511000E-01 9.9982000E-01 7.8029000E-01 1.3489000E-03 7.8015000E-01
62.500000 9.2929000E-02 -6.3473000E-01 9.9981000E-01 7.7248000E-01 1.3731000E-03 7.7234000E-01
63.000000 9.1626000E-02 -6.4435000E-01 9.9981000E-01 7.6447000E-01 1.3975000E-03 7.6433000E-01
63.500000 9.0340000E-02 -6.5396000E-01 9.9981000E-01 7.5626000E-01 1.4219000E-03 7.5611000E-01
64.000000 8.9072000E-02 -6.6358000E-01 9.9981000E-01 7.4784000E-01 1.4465000E-03 7.4769000E-01
64.500000 8.7822000E-02 -6.7318000E-01 9.9980000E-01 7.3920000E-01 1.4711000E-03 7.3905000E-01
65.000000 8.6590000E-02 -6.8276000E-01 9.9980000E-01 7.3036000E-01 1.4958000E-03 7.3021000E-01
65.500000 8.5376000E-02 -6.9232000E-01 9.9980000E-01 7.2130000E-01 1.5205000E-03 7.2115000E-01
66.000000 8.4179000E-02 -7.0185000E-01 9.9980000E-01 7.1202000E-01 1.5453000E-03 7.1187000E-01
66.500000 8.3001000E-02 -7.1135000E-01 9.9979000E-01 7.0252000E-01 1.5700000E-03 7.0237000E-01
67.000000 8.1840000E-02 -7.2081000E-01 9.9979000E-01 6.9281000E-01 1.5948000E-03 6.9266000E-01
67.500000 8.0697000E-02 -7.3022000E-01 9.9979000E-01 6.8288000E-01 1.6196000E-03 6.8273000E-01
68.000000 7.9572000E-02 -7.3958000E-01 9.9978000E-01 6.7272000E-01 1.6444000E-03 6.7257000E-01
68.500000 7.8464000E-02 -7.4889000E-01 9.9978000E-01 6.6235000E-01 1.6691000E-03 6.6219000E-01
69.000000 7.7375000E-02 -7.5813000E-01 9.9978000E-01 6.5174000E-01 1.6937000E-03 6.5159000E-01
69.500000 7.6303000E-02 -7.6729000E-01 9.9978000E-01 6.4092000E-01 1.7183000E-03 6.4076000E-01
70.000000 7.5249000E-02 -7.7639000E-01 9.9977000E-01 6.2987000E-01 1.7428000E-03 6.2971000E-01
70.500000 7.4212000E-02 -7.8539000E-01 9.9977000E-01 6.1860000E-01 1.7672000E-03 6.1844000E-01
71.000000 7.3193000E-02 -7.9431000E-01 9.9977000E-01 6.0710000E-01 1.7915000E-03 6.0694000E-01
71.500000 7.2191000E-02 -8.0313000E-01 9.9976000E-01 5.9538000E-01 1.8156000E-03 5.9522000E-01
72.000000 7.1206000E-02 -8.1184000E-01 9.9976000E-01 5.8343000E-01 1.8395000E-03 5.8327000E-01
72.500000 7.0239000E-02 -8.2044000E-01 9.9976000E-01 5.7127000E-01 1.8633000E-03 5.7110000E-01
73.000000 6.9288000E-02 -8.2893000E-01 9.9975000E-01 5.5888000E-01 1.8869000E-03 5.5871000E-01
73.500000 6.8355000E-02 -8.3729000E-01 9.9975000E-01 5.4627000E-01 1.9102000E-03 5.4610000E-01
74.000000 6.7439000E-02 -8.4551000E-01 9.9975000E-01 5.3344000E-01 1.9334000E-03 5.3328000E-01
74.500000 6.6539000E-02 -8.5360000E-01 9.9974000E-01 5.2039000E-01 1.9562000E-03 5.2023000E-01
75.000000 6.5656000E-02 -8.6154000E-01 9.9974000E-01 5.0713000E-01 1.9788000E-03 5.0697000E-01
75.500000 6.4790000E-02 -8.6932000E-01 9.9974000E-01 4.9366000E-01 2.0011000E-03 4.9350000E-01
76.000000 6.3940000E-02 -8.7695000E-01 9.9973000E-01 4.7998000E-01 2.0231000E-03 4.7982000E-01
76.500000 6.3106000E-02 -8.8440000E-01 9.9973000E-01 4.6609000E-01 2.0448000E-03 4.6593000E-01
77.000000 6.2288000E-02 -8.9168000E-01 9.9973000E-01 4.5200000E-01 2.0660000E-03 4.5184000E-01
77.500000 6.1486000E-02 -8.9878000E-01 9.9972000E-01 4.3771000E-01 2.0870000E-03 4.3755000E-01
78.000000 6.0701000E-02 -9.0569000E-01 9.9972000E-01 4.2322000E-01 2.1075000E-03 4.2306000E-01
78.500000 5.9930000E-02 -9.1240000E-01 9.9972000E-01 4.0855000E-01 2.1276000E-03 4.0838000E-01
79.000000 5.9175000E-02 -9.1891000E-01 9.9971000E-01 3.9368000E-01 2.1473000E-03 3.9351000E-01
79.500000 5.8436000E-02 -9.2520000E-01 9.9971000E-01 3.7863000E-01 2.1665000E-03 3.7846000E-01
80.000000 5.7711000E-02 -9.3129000E-01 9.9971000E-01 3.6340000E-01 2.1852000E-03 3.6324000E-01
80.500000 5.7002000E-02 -9.3714000E-01 9.9970000E-01 3.4800000E-01 2.2035000E-03 3.4784000E-01
81.000000 5.6307000E-02 -9.4277000E-01 9.9970000E-01 3.3244000E-01 2.2212000E-03 3.3227000E-01
81.500000 5.5627000E-02 -9.4817000E-01 9.9970000E-01 3.1671000E-01 2.2385000E-03 3.1655000E-01
82.000000 5.4962000E-02 -9.5332000E-01 9.9969000E-01 3.0083000E-01 2.2551000E-03 3.0066000E-01
82.500000 5.4310000E-02 -9.5823000E-01 9.9969000E-01 2.8480000E-01 2.2712000E-03 2.8463000E-01
83.000000 5.3673000E-02 -9.6288000E-01 9.9969000E-01 2.6863000E-01 2.2868000E-03 2.6846000E-01
83.500000 5.3050000E-02 -9.6728000E-01 9.9968000E-01 2.5232000E-01 2.3017000E-03 2.5216000E-01
84.000000 5.2440000E-02 -9.7141000E-01 9.9968000E-01 2.3589000E-01 2.3160000E-03 2.3572000E-01
84.500000 5.1844000E-02 -9.7528000E-01 9.9968000E-01 2.1933000E-01 2.3297000E-03 2.1917000E-01
85.000000 5.1261000E-02 -9.7888000E-01 9.9967000E-01 2.0266000E-01 2.3427000E-03 2.0250000E-01
85.500000 5.0692000E-02 -9.8220000E-01 9.9967000E-01 1.8589000E-01 2.3551000E-03 1.8573000E-01
86.000000 5.0135000E-02 -9.8523000E-01 9.9967000E-01 1.6902000E-01 2.3669000E-03 1.6886000E-01
86.500000 4.9591000E-02 -9.8799000E-01 9.9966000E-01 1.5206000E-01 2.3779000E-03 1.5190000E-01
87.000000 4.9060000E-02 -9.9046000E-01 9.9966000E-01 1.3502000E-01 2.3882000E-03 1.3487000E-01
87.500000 4.8541000E-02 -9.9264000E-01 9.9966000E-01 1.1791000E-01 2.3978000E-03 1.1776000E-01
88.000000 4.8034000E-02 -9.9452000E-01 9.9965000E-01 1.0074000E-01 2.4068000E-03 1.0058000E-01
88.500000 4.7539000E-02 -9.9611000E-01 9.9965000E-01 8.3511000E-02 2.4149000E-03 8.3355000E-02
89.000000 4.7056000E-02 -9.9741000E-01 9.9965000E-01 6.6236000E-02 2.4224000E-03 6.6082000E-02
89.500000 4.6584000E-02 -9.9840000E-01 9.9964000E-01 4.8925000E-02 2.4291000E-03 4.8772000E-02
90.000000 4.6124000E-02 -9.9910000E-01 9.9964000E-01 3.1586000E-02 2.4350000E-03 3.1434000E-02
90.500000 4.5675000E-02 -9.9949000E-01 9.9964000E-01 1.4228000E-02 2.4402000E-03 1.4078000E-02
91.000000 4.5237000E-02 -9.9958000E-01 9.9963000E-01 -3.1396000E-03 2.4447000E-03 -3.2877000E-03
91.500000 4.4810000E-02 -9.9937000E-01 9.9963000E-01 -2.0507000E-02 2.4483000E-03 -2.0654000E-02
92.000000 4.4393000E-02 -9.9886000E-01 9.9963000E-01 -3.7866000E-02 2.4512000E-03 -3.8011000E-02
92.500000 4.3987000E-02 -9.9805000E-01 9.9962000E-01 -5.5207000E-02 2.4534000E-03 -5.5350000E-02
93.000000 4.3591000E-02 -9.9694000E-01 9.9962000E-01 -7.2522000E-02 2.4547000E-03 -7.2662000E-02
93.500000 4.3205000E-02 -9.9553000E-01 9.9962000E-01 -8.9800000E-02 2.4553000E-03 -8.9938000E-02
94.000000 4.2829000E-02 -9.9382000E-01 9.9962000E-01 -1.0703000E-01 2.4551000E-03 -1.0717000E-01
94.500000 4.2463000E-02 -9.9182000E-01 9.9961000E-01 -1.2421000E-01 2.4542000E-03 -1.2435000E-01
95.000000 4.2106000E-02 -9.8952000E-01 9.9961000E-01 -1.4133000E-01 2.4525000E-03 -1.4146000E-01
95.500000 4.1758000E-02 -9.8693000E-01 9.9961000E-01 -1.5837000E-01 2.4500000E-03 -1.5850000E-01
96.000000 4.1420000E-02 -9.8405000E-01 9.9960000E-01 -1.7534000E-01 2.4467000E-03 -1.7547000E-01
96.500000 4.1090000E-02 -9.8089000E-01 9.9960000E-01 -1.9221000E-01 2.4427000E-03 -1.9234000E-01
97.000000 4.0769000E-02 -9.7745000E-01 9.9960000E-01 -2.0900000E-01 2.4380000E-03 -2.0912000E-01
97.500000 4.0456000E-02 -9.7374000E-01 9.9959000E-01 -2.2567000E-01 2.4325000E-03 -2.2579000E-01
98.000000 4.0152000E-02 -9.6975000E-01 9.9959000E-01 -2.4223000E-01 2.4263000E-03 -2.4235000E-01
98.500000 3.9856000E-02 -9.6549000E-01 9.9959000E-01 -2.5868000E-01 2.4194000E-03 -2.5879000E-01
99.000000 3.9568000E-02 -9.6096000E-01 9.9959000E-01 -2.7499000E-01 2.4117000E-03 -2.7510000E-01
99.500000 3.9288000E-02 -9.5618000E-01 9.9958000E-01 -2.9117000E-01 2.4033000E-03 -2.9128000E-01
100.000000 3.9016000E-02 -9.5115000E-01 9.9958000E-01 -3.0721000E-01 2.3943000E-03 -3.0731000E-01
100.500000 3.8751000E-02 -9.4587000E-01 9.9958000E-01 -3.2310000E-01 2.3846000E-03 -3.2320000E-01
101.000000 3.8493000E-02 -9.4034000E-01 9.9958000E-01 -3.3883000E-01 2.3742000E-03 -3.3893000E-01
101.500000 3.8243000E-02 -9.3458000E-01 9.9957000E-01 -3.5441000E-01 2.3631000E-03 -3.5450000E-01
102.000000 3.7999000E-02 -9.2859000E-01 9.9957000E-01 -3.6981000E-01 2.3514000E-03 -3.6991000E-01
102.500000 3.7762000E-02 -9.2238000E-01 9.9957000E-01 -3.8505000E-01 2.3391000E-03 -3.8514000E-01
103.000000 3.7532000E-02 -9.1594000E-01 9.9957000E-01 -4.0010000E-01 2.3262000E-03 -4.0019000E-01
103.500000 3.7309000E-02 -9.0930000E-01 9.9957000E-01 -4.1497000E-01 2.3126000E-03 -4.1506000E-01
104.000000 3.7092000E-02 -9.0245000E-01 9.9956000E-01 -4.2966000E-01 2.2985000E-03 -4.2974000E-01
104.500000 3.6881000E-02 -8.9541000E-01 9.9956000E-01 -4.4415000E-01 2.2839000E-03 -4.4422000E-01
105.000000 3.6676000E-02 -8.8817000E-01 9.9956000E-01 -4.5844000E-01 2.2686000E-03 -4.5851000E-01
105.500000 3.6477000E-02 -8.8075000E-01 9.9956000E-01 -4.7254000E-01 2.2529000E-03 -4.7260000E-01
106.000000 3.6284000E-02 -8.7316000E-01 9.9955000E-01 -4.8643000E-01 2.2366000E-03 -4.8649000E-01
106.500000 3.6096000E-02 -8.6539000E-01 9.9955000E-01 -5.0011000E-01 2.2198000E-03 -5.0016000E-01
107.000000 3.5914000E-02 -8.5746000E-01 9.9955000E-01 -5.1358000E-01 2.2026000E-03 -5.1363000E-01
107.500000 3.5737000E-02 -8.4938000E-01 9.9955000E-01 -5.2683000E-01 2.1849000E-03 -5.2688000E-01
108.000000 3.5566000E-02 -8.4115000E-01 9.9955000E-01 -5.3987000E-01 2.1667000E-03 -5.3992000E-01
108.500000 3.5399000E-02 -8.3278000E-01 9.9955000E-01 -5.5269000E-01 2.1481000E-03 -5.5273000E-01
109.000000 3.5238000E-02 -8.2428000E-01 9.9954000E-01 -5.6530000E-01 2.1291000E-03 -5.6533000E-01
109.500000 3.5081000E-02 -8.1565000E-01 9.9954000E-01 -5.7768000E-01 2.1098000E-03 -5.7771000E-01
110.000000 3.4929000E-02 -8.0690000E-01 9.9954000E-01 -5.8983000E-01 2.0900000E-03 -5.8986000E-01
110.500000 3.4782000E-02 -7.9804000E-01 9.9954000E-01 -6.0176000E-01 2.0699000E-03 -6.0179000E-01
111.000000 3.4638000E-02 -7.8908000E-01 9.9954000E-01 -6.1347000E-01 2.0494000E-03 -6.1349000E-01
111.500000 3.4500000E-02 -7.8001000E-01 9.9954000E-01 -6.2495000E-01 2.0287000E-03 -6.2497000E-01
112.000000 3.4365000E-02 -7.7086000E-01 9.9953000E-01 -6.3621000E-01 2.0076000E-03 -6.3622000E-01
112.500000 3.4235000E-02 -7.6162000E-01 9.9953000E-01 -6.4724000E-01 1.9862000E-03 -6.4724000E-01
113.000000 3.4108000E-02 -7.5231000E-01 9.9953000E-01 -6.5804000E-01 1.9646000E-03 -6.5804000E-01
113.500000 3.3986000E-02 -7.4292000E-01 9.9953000E-01 -6.6862000E-01 1.9427000E-03 -6.6861000E-01
114.000000 3.3867000E-02 -7.3347000E-01 9.9953000E-01 -6.7897000E-01 1.9206000E-03 -6.7896000E-01
114.500000 3.3752000E-02 -7.2397000E-01 9.9953000E-01 -6.8909000E-01 1.8983000E-03 -6.8908000E-01
115.000000 3.3640000E-02 -7.1441000E-01 9.9953000E-01 -6.9900000E-01 1.8758000E-03 -6.9898000E-01
115.500000 3.3532000E-02 -7.0480000E-01 9.9953000E-01 -7.0868000E-01 1.8531000E-03 -7.0865000E-01
116.000000 3.3427000E-02 -6.9516000E-01 9.9953000E-01 -7.1814000E-01 1.8302000E-03 -7.1811000E-01
116.500000 3.3326000E-02 -6.8549000E-01 9.9952000E-01 -7.2738000E-01 1.8072000E-03 -7.2734000E-01
117.000000 3.3228000E-02 -6.7579000E-01 9.9952000E-01 -7.3640000E-01 1.7840000E-03 -7.3636000E-01
117.500000 3.3132000E-02 -6.6606000E-01 9.9952000E-01 -7.4521000E-01 1.7607000E-03 -7.4516000E-01
118.000000 3.3040000E-02 -6.5632000E-01 9.9952000E-01 -7.5380000E-01 1.7373000E-03 -7.5375000E-01
118.500000 3.2951000E-02 -6.4657000E-01 9.9952000E-01 -7.6218000E-01 1.7138000E-03 -7.6212000E-01
119.000000 3.2864000E-02 -6.3682000E-01 9.9952000E-01 -7.7034000E-01 1.6903000E-03 -7.7028000E-01
119.500000 3.2780000E-02 -6.2706000E-01 9.9952000E-01 -7.7831000E-01 1.6667000E-03 -7.7824000E-01
120.000000 3.2699000E-02 -6.1731000E-01 9.9952000E-01 -7.8606000E-01 1.6430000E-03 -7.8599000E-01
120.500000 3.2621000E-02 -6.0757000E-01 9.9952000E-01 -7.9361000E-01 1.6193000E-03 -7.9354000E-01
121.000000 3.2545000E-02 -5.9785000E-01 9.9952000E-01 -8.0097000E-01 1.5955000E-03 -8.0088000E-01
121.500000 3.2471000E-02 -5.8814000E-01 9.9952000E-01 -8.0812000E-01 1.5718000E-03 -8.0803000E-01
122.000000 3.2400000E-02 -5.7845000E-01 9.9951000E-01 -8.1508000E-01 1.5480000E-03 -8.1499000E-01
122.500000 3.2331000E-02 -5.6880000E-01 9.9951000E-01 -8.2185000E-01 1.5243000E-03 -8.2175000E-01
123.000000 3.2264000E-02 -5.5917000E-01 9.9951000E-01 -8.2843000E-01 1.5005000E-03 -8.2833000E-01
123.500000 3.2199000E-02 -5.4958000E-01 9.9951000E-01 -8.3483000E-01 1.4768000E-03 -8.3472000E-01
124.000000 3.2137000E-02 -5.4003000E-01 9.9951000E-01 -8.4104000E-01 1.4532000E-03 -8.4092000E-01
124.500000 3.2076000E-02 -5.3051000E-01 9.9951000E-01 -8.4707000E-01 1.4296000E-03 -8.4695000E-01
125.000000 3.2018000E-02 -5.2105000E-01 9.9951000E-01 -8.5292000E-01 1.4060000E-03 -8.5280000E-01
125.500000 3.1961000E-02 -5.1163000E-01 9.9951000E-01 -8.5860000E-01 1.3825000E-03 -8.5847000E-01
126.000000 3.1906000E-02 -5.0227000E-01 9.9951000E-01 -8.6411000E-01 1.3591000E-03 -8.6398000E-01
126.500000 3.1853000E-02 -4.9296000E-01 9.9951000E-01 -8.6946000E-01 1.3358000E-03 -8.6932000E-01
127.000000 3.1802000E-02 -4.8371000E-01 9.9951000E-01 -8.7464000E-01 1.3126000E-03 -8.7449000E-01
127.500000 3.1752000E-02 -4.7452000E-01 9.9951000E-01 -8.7966000E-01 1.2895000E-03 -8.7951000E-01
128.000000 3.1704000E-02 -4.6540000E-01 9.9951000E-01 -8.8452000E-01 1.2665000E-03 -8.8436000E-01
128.500000 3.1658000E-02 -4.5634000E-01 9.9951000E-01 -8.8923000E-01 1.2436000E-03 -8.8906000E-01
129.000000 3.1613000E-02 -4.4735000E-01 9.9951000E-01 -8.9378000E-01 1.2208000E-03 -8.9362000E-01
129.500000 3.1569000E-02 -4.3843000E-01 9.9951000E-01 -8.9819000E-01 1.1982000E-03 -8.9802000E-01
130.000000 3.1527000E-02 -4.2958000E-01 9.9951000E-01 -9.0246000E-01 1.1757000E-03 -9.0228000E-01
130.500000 3.1486000E-02 -4.2081000E-01 9.9951000E-01 -9.0658000E-01 1.1534000E-03 -9.0640000E-01
131.000000 3.1447000E-02 -4.1211000E-01 9.9951000E-01 -9.1057000E-01 1.1312000E-03 -9.1038000E-01
131.500000 3.1409000E-02 -4.0350000E-01 9.9951000E-01 -9.1442000E-01 1.1091000E-03 -9.1423000E-01
132.000000 3.1372000E-02 -3.9496000E-01 9.9950000E-01 -9.1814000E-01 1.0872000E-03 -9.1794000E-01
132.500000 3.1337000E-02 -3.8650000E-01 9.9950000E-01 -9.2173000E-01 1.0655000E-03 -9.2153000E-01
133.000000 3.1302000E-02 -3.7813000E-01 9.9950000E-01 -9.2520000E-01 1.0440000E-03 -9.2499000E-01
133.500000 3.1269000E-02 -3.6984000E-01 9.9950000E-01 -9.2854000E-01 1.0226000E-03 -9.2833000E-01
134.000000 3.1237000E-02 -3.6164000E-01 9.9950000E-01 -9.3177000E-01 1.0014000E-03 -9.3155000E-01
134.500000 3.1206000E-02 -3.5353000E-01 9.9950000E-01 -9.3488000E-01 9.8037000E-04 -9.3465000E-01
135.000000 3.1176000E-02 -3.4550000E-01 9.9950000E-01 -9.3787000E-01 9.5953000E-04 -9.3764000E-01
135.500000 3.1147000E-02 -3.3757000E-01 9.9950000E-01 -9.4076000E-01 9.3889000E-04 -9.4052000E-01
136.000000 3.1119000E-02 -3.2972000E-01 9.9950000E-01 -9.4354000E-01 9.1843000E-04 -9.4330000E-01
136.500000 3.1092000E-02 -3.2196000E-01 9.9950000E-01 -9.4621000E-01 8.9817000E-04 -9.4597000E-01
137.000000 3.1066000E-02 -3.1430000E-01 9.9950000E-01 -9.4879000E-01 8.7811000E-04 -9.4853000E-01
137.500000 3.1041000E-02 -3.0673000E-01 9.9950000E-01 -9.5126000E-01 8.5824000E-04 -9.5100000E-01
138.000000 3.1016000E-02 -2.9925000E-01 9.9950000E-01 -9.5364000E-01 8.3858000E-04 -9.5338000E-01
138.500000 3.0993000E-02 -2.9187000E-01 9.9950000E-01 -9.5593000E-01 8.1913000E-04 -9.5566000E-01
139.000000 3.0970000E-02 -2.8458000E-01 9.9950000E-01 -9.5812000E-01 7.9988000E-04 -9.5785000E-01
139.500000 3.0948000E-02 -2.7739000E-01 9.9950000E-01 -9.6023000E-01 7.8084000E-04 -9.5995000E-01
140.000000 3.0926000E-02 -2.7029000E-01 9.9950000E-01 -9.6225000E-01 7.6201000E-04 -9.6197000E-01
140.500000 3.0906000E-02 -2.6329000E-01 9.9950000E-01 -9.6419000E-01 7.4339000E-04 -9.6390000E-01
141.000000 3.0886000E-02 -2.5638000E-01 9.9950000E-01 -9.6605000E-01 7.2499000E-04 -9.6576000E-01
141.500000 3.0867000E-02 -2.4957000E-01 9.9950000E-01 -9.6783000E-01 7.0681000E-04 -9.6754000E-01
142.000000 3.0848000E-02 -2.4285000E-01 9.9950000E-01 -9.6954000E-01 6.8884000E-04 -9.6924000E-01
142.500000 3.0831000E-02 -2.3624000E-01 9.9950000E-01 -9.7117000E-01 6.7109000E-04 -9.7087000E-01
143.000000 3.0813000E-02 -2.2972000E-01 9.9950000E-01 -9.7274000E-01 6.5356000E-04 -9.7242000E-01
143.500000 3.0797000E-02 -2.2329000E-01 9.9950000E-01 -9.7423000E-01 6.3626000E-04 -9.7391000E-01
144.000000 3.0781000E-02 -2.1697000E-01 9.9950000E-01 -9.7566000E-01 6.1917000E-04 -9.7534000E-01
144.500000 3.0765000E-02 -2.1074000E-01 9.9950000E-01 -9.7702000E-01 6.0231000E-04 -9.7670000E-01
145.000000 3.0750000E-02 -2.0461000E-01 9.9950000E-01 -9.7833000E-01 5.8567000E-04 -9.7800000E-01
145.500000 3.0736000E-02 -1.9857000E-01 9.9950000E-01 -9.7957000E-01 5.6926000E-04 -9.7924000E-01
146.000000 3.0722000E-02 -1.9263000E-01 9.9950000E-01 -9.8076000E-01 5.5307000E-04 -9.8042000E-01
146.500000 3.0709000E-02 -1.8679000E-01 9.9950000E-01 -9.8189000E-01 5.3711000E-04 -9.8154000E-01
147.000000 3.0696000E-02 -1.8104000E-01 9.9950000E-01 -9.8296000E-01 5.2137000E-04 -9.8261000E-01
147.500000 3.0683000E-02 -1.7539000E-01 9.9950000E-01 -9.8398000E-01 5.0586000E-04 -9.8363000E-01
148.000000 3.0671000E-02 -1.6984000E-01 9.9950000E-01 -9.8496000E-01 4.9058000E-04 -9.8460000E-01
148.500000 3.0660000E-02 -1.6438000E-01 9.9950000E-01 -9.8588000E-01 4.7553000E-04 -9.8552000E-01
149.000000 3.0649000E-02 -1.5902000E-01 9.9950000E-01 -9.8676000E-01 4.6071000E-04 -9.8640000E-01
149.500000 3.0638000E-02 -1.5376000E-01 9.9950000E-01 -9.8760000E-01 4.4612000E-04 -9.8723000E-01
150.000000 3.0628000E-02 -1.4859000E-01 9.9950000E-01 -9.8839000E-01 4.3175000E-04 -9.8801000E-01
150.500000 3.0618000E-02 -1.4351000E-01 9.9950000E-01 -9.8914000E-01 4.1762000E-04 -9.8876000E-01
151.000000 3.0608000E-02 -1.3853000E-01 9.9950000E-01 -9.8985000E-01 4.0372000E-04 -9.8947000E-01
151.500000 3.0599000E-02 -1.3364000E-01 9.9950000E-01 -9.9052000E-01 3.9004000E-04 -9.9013000E-01
152.000000 3.0590000E-02 -1.2885000E-01 9.9950000E-01 -9.9115000E-01 3.7660000E-04 -9.9076000E-01
152.500000 3.0581000E-02 -1.2415000E-01 9.9950000E-01 -9.9175000E-01 3.6339000E-04 -9.9136000E-01
153.000000 3.0573000E-02 -1.1955000E-01 9.9950000E-01 -9.9232000E-01 3.5041000E-04 -9.9192000E-01
153.500000 3.0565000E-02 -1.1504000E-01 9.9950000E-01 -9.9285000E-01 3.3767000E-04 -9.9245000E-01
154.000000 3.0558000E-02 -1.1062000E-01 9.9950000E-01 -9.9336000E-01 3.2515000E-04 -9.9295000E-01
154.500000 3.0550000E-02 -1.0629000E-01 9.9950000E-01 -9.9383000E-01 3.1287000E-04 -9.9342000E-01
155.000000 3.0543000E-02 -1.0206000E-01 9.9950000E-01 -9.9427000E-01 3.0082000E-04 -9.9386000E-01
155.500000 3.0536000E-02 -9.7912000E-02 9.9950000E-01 -9.9469000E-01 2.8900000E-04 -9.9427000E-01
156.000000 3.0530000E-02 -9.3860000E-02 9.9950000E-01 -9.9508000E-01 2.7741000E-04 -9.9466000E-01
156.500000 3.0524000E-02 -8.9898000E-02 9.9950000E-01 -9.9544000E-01 2.6606000E-04 -9.9502000E-01
157.000000 3.0518000E-02 -8.6027000E-02 9.9950000E-01 -9.9579000E-01 2.5494000E-04 -9.9536000E-01
157.500000 3.0512000E-02 -8.2247000E-02 9.9950000E-01 -9.9611000E-01 2.4406000E-04 -9.9568000E-01
158.000000 3.0507000E-02 -7.8556000E-02 9.9950000E-01 -9.9640000E-01 2.3340000E-04 -9.9597000E-01
158.500000 3.0501000E-02 -7.4954000E-02 9.9950000E-01 -9.9668000E-01 2.2299000E-04 -9.9625000E-01
159.000000 3.0496000E-02 -7.1441000E-02 9.9950000E-01 -9.9694000E-01 2.1280000E-04 -9.9650000E-01
159.500000 3.0491000E-02 -6.8017000E-02 9.9950000E-01 -9.9718000E-01 2.0285000E-04 -9.9674000E-01
160.000000 3.0487000E-02 -6.4681000E-02 9.9950000E-01 -9.9740000E-01 1.9314000E-04 -9.9696000E-01
160.500000 3.0482000E-02 -6.1433000E-02 9.9950000E-01 -9.9761000E-01 1.8366000E-04 -9.9716000E-01
161.000000 3.0478000E-02 -5.8272000E-02 9.9950000E-01 -9.9780000E-01 1.7442000E-04 -9.9734000E-01
161.500000 3.0474000E-02 -5.5198000E-02 9.9950000E-01 -9.9797000E-01 1.6541000E-04 -9.9752000E-01
162.000000 3.0470000E-02 -5.2212000E-02 9.9950000E-01 -9.9813000E-01 1.5664000E-04 -9.9767000E-01
162.500000 3.0466000E-02 -4.9311000E-02 9.9950000E-01 -9.9828000E-01 1.4810000E-04 -9.9782000E-01
163.000000 3.0463000E-02 -4.6497000E-02 9.9950000E-01 -9.9841000E-01 1.3980000E-04 -9.9795000E-01
163.500000 3.0460000E-02 -4.3768000E-02 9.9950000E-01 -9.9854000E-01 1.3173000E-04 -9.9807000E-01
164.000000 3.0456000E-02 -4.1124000E-02 9.9950000E-01 -9.9865000E-01 1.2391000E-04 -9.9818000E-01
164.500000 3.0453000E-02 -3.8566000E-02 9.9950000E-01 -9.9875000E-01 1.1632000E-04 -9.9828000E-01
165.000000 3.0450000E-02 -3.6092000E-02 9.9950000E-01 -9.9884000E-01 1.0896000E-04 -9.9837000E-01
165.500000 3.0447000E-02 -3.3703000E-02 9.9950000E-01 -9.9893000E-01 1.0185000E-04 -9.9845000E-01
166.000000 3.0445000E-02 -3.1397000E-02 9.9950000E-01 -9.9900000E-01 9.4969000E-05 -9.9853000E-01
166.500000 3.0442000E-02 -2.9176000E-02 9.9950000E-01 -9.9907000E-01 8.8329000E-05 -9.9859000E-01
167.000000 3.0440000E-02 -2.7038000E-02 9.9950000E-01 -9.9913000E-01 8.1928000E-05 -9.9865000E-01
167.500000 3.0438000E-02 -2.4983000E-02 9.9950000E-01 -9.9918000E-01 7.5766000E-05 -9.9870000E-01
168.000000 3.0436000E-02 -2.3010000E-02 9.9950000E-01 -9.9923000E-01 6.9843000E-05 -9.9875000E-01
168.500000 3.0433000E-02 -2.1121000E-02 9.9949000E-01 -9.9927000E-01 6.4158000E-05 -9.9879000E-01
169.000000 3.0432000E-02 -1.9314000E-02 9.9949000E-01 -9.9931000E-01 5.8714000E-05 -9.9882000E-01
169.500000 3.0430000E-02 -1.7589000E-02 9.9949000E-01 -9.9934000E-01 5.3509000E-05 -9.9885000E-01
170.000000 3.0428000E-02 -1.5946000E-02 9.9949000E-01 -9.9937000E-01 4.8544000E-05 -9.9888000E-01
170.500000 3.0426000E-02 -1.4384000E-02 9.9949000E-01 -9.9939000E-01 4.3820000E-05 -9.9890000E-01
171.000000 3.0425000E-02 -1.2904000E-02 9.9949000E-01 -9.9941000E-01 3.9336000E-05 -9.9892000E-01
171.500000 3.0424000E-02 -1.1505000E-02 9.9949000E-01 -9.9943000E-01 3.5093000E-05 -9.9893000E-01
172.000000 3.0422000E-02 -1.0187000E-02 9.9949000E-01 -9.9944000E-01 3.1092000E-05 -9.9895000E-01
172.500000 3.0421000E-02 -8.9504000E-03 9.9949000E-01 -9.9945000E-01 2.7331000E-05 -9.9896000E-01
173.000000 3.0420000E-02 -7.7940000E-03 9.9949000E-01 -9.9946000E-01 2.3812000E-05 -9.9897000E-01
173.500000 3.0419000E-02 -6.7181000E-03 9.9949000E-01 -9.9947000E-01 2.0535000E-05 -9.9897000E-01
174.000000 3.0418000E-02 -5.7226000E-03 9.9949000E-01 -9.9948000E-01 1.7499000E-05 -9.9898000E-01
174.500000 3.0417000E-02 -4.8072000E-03 9.9949000E-01 -9.9948000E-01 1.4706000E-05 -9.9898000E-01
175.000000 3.0416000E-02 -3.9719000E-03 9.9949000E-01 -9.9949000E-01 1.2155000E-05 -9.9898000E-01
175.500000 3.0415000E-02 -3.2164000E-03 9.9949000E-01 -9.9949000E-01 9.8468000E-06 -9.9899000E-01
176.000000 3.0415000E-02 -2.5409000E-03 9.9949000E-01 -9.9949000E-01 7.7809000E-06 -9.9899000E-01
176.500000 3.0414000E-02 -1.9450000E-03 9.9949000E-01 -9.9949000E-01 5.9578000E-06 -9.9899000E-01
177.000000 3.0414000E-02 -1.4287000E-03 9.9949000E-01 -9.9949000E-01 4.3774000E-06 -9.9899000E-01
177.500000 3.0413000E-02 -9.9204000E-04 9.9949000E-01 -9.9949000E-01 3.0401000E-06 -9.9899000E-01
178.000000 3.0413000E-02 -6.3484000E-04 9.9949000E-01 -9.9949000E-01 1.9457000E-06 -9.9899000E-01
178.500000 3.0413000E-02 -3.5706000E-04 9.9949000E-01 -9.9949000E-01 1.0945000E-06 -9.9899000E-01
179.000000 3.0413000E-02 -1.5868000E-04 9.9949000E-01 -9.9949000E-01 4.8647000E-07 -9.9899000E-01
179.500000 3.0413000E-02 -3.9669000E-05 9.9949000E-01 -9.9949000E-01 1.2162000E-07 -9.9899000E-01
180.000000 3.0413000E-02 -3.9326000E-15 9.9949000E-01 -9.9949000E-01 1.2057000E-17 -9.9899000E-01
