length scale factor
4.0073600E-03
volume cluster radius, area mean sphere radius, circumscribing radius, cross section radius
8.0702744E-02 4.0033526E-03 2.7254221E-01 8.0702744E-02
total extinction, absorption, scattering efficiencies (unpolarized incidence)
4.5752000E-04 4.1448000E-04 4.3043000E-05
theta     11          12          22          33          34          44
 0.0000000E+00  1.2114000E-01  0.0000000E+00  9.9997000E-01  9.9997000E-01  0.0000000E+00  9.9994000E-01
 5.0000000E-01  1.2113000E-01 -3.8066000E-05  9.9997000E-01  9.9997000E-01  2.0305000E-11  9.9994000E-01
 1.0000000E+00  1.2112000E-01 -1.5227000E-04  9.9997000E-01  9.9997000E-01  8.1224000E-11  9.9994000E-01
 1.5000000E+00  1.2110000E-01 -3.4263000E-04  9.9997000E-01  9.9997000E-01  1.8277000E-10  9.9994000E-01
 2.0000000E+00  1.2106000E-01 -6.0917000E-04  9.9997000E-01  9.9997000E-01  3.2494000E-10  9.9994000E-01
 2.5000000E+00  1.2102000E-01 -9.5194000E-04  9.9997000E-01  9.9997000E-01  5.0778000E-10  9.9994000E-01
 3.0000000E+00  1.2097000E-01 -1.3710000E-03  9.9997000E-01  9.9997000E-01  7.3131000E-10  9.9994000E-01
 3.5000000E+00  1.2091000E-01 -1.8664000E-03  9.9997000E-01  9.9997000E-01  9.9556000E-10  9.9994000E-01
 4.0000000E+00  1.2084000E-01 -2.4382000E-03  9.9997000E-01  9.9997000E-01  1.3006000E-09  9.9993000E-01
 4.5000000E+00  1.2076000E-01 -3.0865000E-03  9.9997000E-01  9.9996000E-01  1.6464000E-09  9.9993000E-01
 5.0000000E+00  1.2067000E-01 -3.8114000E-03  9.9997000E-01  9.9996000E-01  2.0331000E-09  9.9993000E-01
 5.5000000E+00  1.2057000E-01 -4.6130000E-03  9.9997000E-01  9.9996000E-01  2.4607000E-09  9.9993000E-01
 6.0000000E+00  1.2047000E-01 -5.4914000E-03  9.9997000E-01  9.9995000E-01  2.9293000E-09  9.9992000E-01
 6.5000000E+00  1.2035000E-01 -6.4468000E-03  9.9997000E-01  9.9995000E-01  3.4389000E-09  9.9992000E-01
 7.0000000E+00  1.2022000E-01 -7.4793000E-03  9.9997000E-01  9.9994000E-01  3.9897000E-09  9.9991000E-01
 7.5000000E+00  1.2009000E-01 -8.5891000E-03  9.9997000E-01  9.9993000E-01  4.5817000E-09  9.9990000E-01
 8.0000000E+00  1.1995000E-01 -9.7763000E-03  9.9997000E-01  9.9992000E-01  5.2150000E-09  9.9989000E-01
 8.5000000E+00  1.1979000E-01 -1.1041000E-02  9.9997000E-01  9.9991000E-01  5.8897000E-09  9.9988000E-01
 9.0000000E+00  1.1963000E-01 -1.2384000E-02  9.9997000E-01  9.9989000E-01  6.6059000E-09  9.9986000E-01
 9.5000000E+00  1.1946000E-01 -1.3804000E-02  9.9997000E-01  9.9987000E-01  7.3637000E-09  9.9984000E-01
 1.0000000E+01  1.1928000E-01 -1.5303000E-02  9.9997000E-01  9.9985000E-01  8.1632000E-09  9.9982000E-01
 1.0500000E+01  1.1909000E-01 -1.6880000E-02  9.9997000E-01  9.9983000E-01  9.0046000E-09  9.9979000E-01
 1.1000000E+01  1.1890000E-01 -1.8536000E-02  9.9997000E-01  9.9980000E-01  9.8879000E-09  9.9976000E-01
 1.1500000E+01  1.1869000E-01 -2.0270000E-02  9.9997000E-01  9.9976000E-01  1.0813000E-08  9.9973000E-01
 1.2000000E+01  1.1848000E-01 -2.2084000E-02  9.9997000E-01  9.9972000E-01  1.1781000E-08  9.9969000E-01
 1.2500000E+01  1.1825000E-01 -2.3977000E-02  9.9997000E-01  9.9968000E-01  1.2791000E-08  9.9965000E-01
 1.3000000E+01  1.1802000E-01 -2.5950000E-02  9.9997000E-01  9.9963000E-01  1.3843000E-08  9.9960000E-01
 1.3500000E+01  1.1778000E-01 -2.8003000E-02  9.9997000E-01  9.9958000E-01  1.4939000E-08  9.9954000E-01
 1.4000000E+01  1.1754000E-01 -3.0136000E-02  9.9997000E-01  9.9951000E-01  1.6076000E-08  9.9948000E-01
 1.4500000E+01  1.1728000E-01 -3.2349000E-02  9.9997000E-01  9.9944000E-01  1.7257000E-08  9.9941000E-01
 1.5000000E+01  1.1702000E-01 -3.4644000E-02  9.9997000E-01  9.9937000E-01  1.8481000E-08  9.9934000E-01
 1.5500000E+01  1.1674000E-01 -3.7019000E-02  9.9997000E-01  9.9928000E-01  1.9749000E-08  9.9925000E-01
 1.6000000E+01  1.1646000E-01 -3.9476000E-02  9.9997000E-01  9.9919000E-01  2.1060000E-08  9.9916000E-01
 1.6500000E+01  1.1617000E-01 -4.2014000E-02  9.9997000E-01  9.9908000E-01  2.2414000E-08  9.9905000E-01
 1.7000000E+01  1.1588000E-01 -4.4635000E-02  9.9997000E-01  9.9897000E-01  2.3812000E-08  9.9894000E-01
 1.7500000E+01  1.1557000E-01 -4.7338000E-02  9.9997000E-01  9.9885000E-01  2.5255000E-08  9.9881000E-01
 1.8000000E+01  1.1526000E-01 -5.0124000E-02  9.9997000E-01  9.9871000E-01  2.6741000E-08  9.9868000E-01
 1.8500000E+01  1.1494000E-01 -5.2993000E-02  9.9997000E-01  9.9856000E-01  2.8272000E-08  9.9853000E-01
 1.9000000E+01  1.1462000E-01 -5.5946000E-02  9.9997000E-01  9.9840000E-01  2.9847000E-08  9.9837000E-01
 1.9500000E+01  1.1428000E-01 -5.8982000E-02  9.9997000E-01  9.9823000E-01  3.1468000E-08  9.9819000E-01
 2.0000000E+01  1.1394000E-01 -6.2103000E-02  9.9997000E-01  9.9804000E-01  3.3133000E-08  9.9800000E-01
 2.0500000E+01  1.1359000E-01 -6.5308000E-02  9.9997000E-01  9.9783000E-01  3.4843000E-08  9.9780000E-01
 2.1000000E+01  1.1324000E-01 -6.8599000E-02  9.9997000E-01  9.9761000E-01  3.6599000E-08  9.9758000E-01
 2.1500000E+01  1.1287000E-01 -7.1975000E-02  9.9997000E-01  9.9737000E-01  3.8400000E-08  9.9734000E-01
 2.2000000E+01  1.1250000E-01 -7.5436000E-02  9.9997000E-01  9.9712000E-01  4.0248000E-08  9.9708000E-01
 2.2500000E+01  1.1213000E-01 -7.8984000E-02  9.9997000E-01  9.9684000E-01  4.2141000E-08  9.9681000E-01
 2.3000000E+01  1.1174000E-01 -8.2618000E-02  9.9997000E-01  9.9655000E-01  4.4080000E-08  9.9652000E-01
 2.3500000E+01  1.1135000E-01 -8.6340000E-02  9.9997000E-01  9.9623000E-01  4.6066000E-08  9.9620000E-01
 2.4000000E+01  1.1096000E-01 -9.0148000E-02  9.9997000E-01  9.9589000E-01  4.8099000E-08  9.9586000E-01
 2.4500000E+01  1.1056000E-01 -9.4045000E-02  9.9997000E-01  9.9553000E-01  5.0178000E-08  9.9550000E-01
 2.5000000E+01  1.1015000E-01 -9.8030000E-02  9.9997000E-01  9.9515000E-01  5.2305000E-08  9.9512000E-01
 2.5500000E+01  1.0974000E-01 -1.0210000E-01  9.9997000E-01  9.9474000E-01  5.4479000E-08  9.9471000E-01
 2.6000000E+01  1.0932000E-01 -1.0627000E-01  9.9997000E-01  9.9430000E-01  5.6700000E-08  9.9427000E-01
 2.6500000E+01  1.0889000E-01 -1.1052000E-01  9.9996000E-01  9.9384000E-01  5.8969000E-08  9.9381000E-01
 2.7000000E+01  1.0846000E-01 -1.1486000E-01  9.9996000E-01  9.9335000E-01  6.1287000E-08  9.9331000E-01
 2.7500000E+01  1.0802000E-01 -1.1929000E-01  9.9996000E-01  9.9282000E-01  6.3652000E-08  9.9279000E-01
 2.8000000E+01  1.0758000E-01 -1.2381000E-01  9.9996000E-01  9.9227000E-01  6.6066000E-08  9.9224000E-01
 2.8500000E+01  1.0713000E-01 -1.2842000E-01  9.9996000E-01  9.9168000E-01  6.8528000E-08  9.9165000E-01
 2.9000000E+01  1.0668000E-01 -1.3313000E-01  9.9996000E-01  9.9106000E-01  7.1039000E-08  9.9103000E-01
 2.9500000E+01  1.0622000E-01 -1.3792000E-01  9.9996000E-01  9.9041000E-01  7.3599000E-08  9.9037000E-01
 3.0000000E+01  1.0576000E-01 -1.4281000E-01  9.9996000E-01  9.8971000E-01  7.6208000E-08  9.8968000E-01
 3.0500000E+01  1.0529000E-01 -1.4779000E-01  9.9996000E-01  9.8898000E-01  7.8867000E-08  9.8895000E-01
 3.1000000E+01  1.0482000E-01 -1.5287000E-01  9.9996000E-01  9.8821000E-01  8.1575000E-08  9.8818000E-01
 3.1500000E+01  1.0435000E-01 -1.5803000E-01  9.9996000E-01  9.8740000E-01  8.4332000E-08  9.8737000E-01
 3.2000000E+01  1.0387000E-01 -1.6329000E-01  9.9996000E-01  9.8654000E-01  8.7140000E-08  9.8651000E-01
 3.2500000E+01  1.0338000E-01 -1.6864000E-01  9.9996000E-01  9.8564000E-01  8.9998000E-08  9.8561000E-01
 3.3000000E+01  1.0290000E-01 -1.7409000E-01  9.9996000E-01  9.8469000E-01  9.2906000E-08  9.8466000E-01
 3.3500000E+01  1.0240000E-01 -1.7963000E-01  9.9996000E-01  9.8370000E-01  9.5864000E-08  9.8366000E-01
 3.4000000E+01  1.0191000E-01 -1.8527000E-01  9.9996000E-01  9.8265000E-01  9.8872000E-08  9.8262000E-01
 3.4500000E+01  1.0141000E-01 -1.9100000E-01  9.9996000E-01  9.8155000E-01  1.0193000E-07  9.8152000E-01
 3.5000000E+01  1.0091000E-01 -1.9682000E-01  9.9996000E-01  9.8040000E-01  1.0504000E-07  9.8037000E-01
 3.5500000E+01  1.0040000E-01 -2.0274000E-01  9.9996000E-01  9.7919000E-01  1.0820000E-07  9.7916000E-01
 3.6000000E+01  9.9895000E-02 -2.0875000E-01  9.9996000E-01  9.7793000E-01  1.1141000E-07  9.7790000E-01
 3.6500000E+01  9.9384000E-02 -2.1486000E-01  9.9996000E-01  9.7660000E-01  1.1468000E-07  9.7657000E-01
 3.7000000E+01  9.8870000E-02 -2.2107000E-01  9.9996000E-01  9.7522000E-01  1.1799000E-07  9.7519000E-01
 3.7500000E+01  9.8354000E-02 -2.2737000E-01  9.9996000E-01  9.7377000E-01  1.2135000E-07  9.7374000E-01
 3.8000000E+01  9.7835000E-02 -2.3376000E-01  9.9996000E-01  9.7225000E-01  1.2477000E-07  9.7222000E-01
 3.8500000E+01  9.7315000E-02 -2.4025000E-01  9.9996000E-01  9.7067000E-01  1.2824000E-07  9.7064000E-01
 3.9000000E+01  9.6792000E-02 -2.4684000E-01  9.9996000E-01  9.6902000E-01  1.3175000E-07  9.6898000E-01
 3.9500000E+01  9.6267000E-02 -2.5352000E-01  9.9996000E-01  9.6729000E-01  1.3532000E-07  9.6726000E-01
 4.0000000E+01  9.5740000E-02 -2.6030000E-01  9.9996000E-01  9.6549000E-01  1.3894000E-07  9.6546000E-01
 4.0500000E+01  9.5212000E-02 -2.6717000E-01  9.9996000E-01  9.6361000E-01  1.4261000E-07  9.6358000E-01
 4.1000000E+01  9.4682000E-02 -2.7414000E-01  9.9996000E-01  9.6165000E-01  1.4633000E-07  9.6162000E-01
 4.1500000E+01  9.4151000E-02 -2.8120000E-01  9.9996000E-01  9.5961000E-01  1.5010000E-07  9.5958000E-01
 4.2000000E+01  9.3619000E-02 -2.8835000E-01  9.9996000E-01  9.5748000E-01  1.5392000E-07  9.5745000E-01
 4.2500000E+01  9.3086000E-02 -2.9560000E-01  9.9996000E-01  9.5527000E-01  1.5780000E-07  9.5524000E-01
 4.3000000E+01  9.2552000E-02 -3.0294000E-01  9.9996000E-01  9.5297000E-01  1.6172000E-07  9.5294000E-01
 4.3500000E+01  9.2018000E-02 -3.1038000E-01  9.9996000E-01  9.5057000E-01  1.6569000E-07  9.5054000E-01
 4.4000000E+01  9.1483000E-02 -3.1790000E-01  9.9996000E-01  9.4808000E-01  1.6971000E-07  9.4805000E-01
 4.4500000E+01  9.0948000E-02 -3.2552000E-01  9.9996000E-01  9.4549000E-01  1.7378000E-07  9.4546000E-01
 4.5000000E+01  9.0413000E-02 -3.3323000E-01  9.9996000E-01  9.4280000E-01  1.7790000E-07  9.4277000E-01
 4.5500000E+01  8.9877000E-02 -3.4103000E-01  9.9996000E-01  9.4001000E-01  1.8207000E-07  9.3998000E-01
 4.6000000E+01  8.9342000E-02 -3.4892000E-01  9.9996000E-01  9.3711000E-01  1.8628000E-07  9.3708000E-01
 4.6500000E+01  8.8808000E-02 -3.5690000E-01  9.9996000E-01  9.3410000E-01  1.9054000E-07  9.3407000E-01
 4.7000000E+01  8.8273000E-02 -3.6496000E-01  9.9996000E-01  9.3098000E-01  1.9485000E-07  9.3095000E-01
 4.7500000E+01  8.7740000E-02 -3.7312000E-01  9.9996000E-01  9.2774000E-01  1.9921000E-07  9.2771000E-01
 4.8000000E+01  8.7207000E-02 -3.8135000E-01  9.9996000E-01  9.2438000E-01  2.0361000E-07  9.2435000E-01
 4.8500000E+01  8.6675000E-02 -3.8967000E-01  9.9996000E-01  9.2091000E-01  2.0806000E-07  9.2088000E-01
 4.9000000E+01  8.6145000E-02 -3.9808000E-01  9.9996000E-01  9.1730000E-01  2.1255000E-07  9.1727000E-01
 4.9500000E+01  8.5616000E-02 -4.0656000E-01  9.9996000E-01  9.1357000E-01  2.1708000E-07  9.1354000E-01
 5.0000000E+01  8.5088000E-02 -4.1513000E-01  9.9996000E-01  9.0971000E-01  2.2166000E-07  9.0968000E-01
 5.0500000E+01  8.4562000E-02 -4.2377000E-01  9.9995000E-01  9.0572000E-01  2.2628000E-07  9.0569000E-01
 5.1000000E+01  8.4037000E-02 -4.3249000E-01  9.9995000E-01  9.0159000E-01  2.3094000E-07  9.0156000E-01
 5.1500000E+01  8.3515000E-02 -4.4129000E-01  9.9995000E-01  8.9732000E-01  2.3564000E-07  8.9729000E-01
 5.2000000E+01  8.2995000E-02 -4.5015000E-01  9.9995000E-01  8.9290000E-01  2.4038000E-07  8.9287000E-01
 5.2500000E+01  8.2477000E-02 -4.5909000E-01  9.9995000E-01  8.8834000E-01  2.4516000E-07  8.8831000E-01
 5.3000000E+01  8.1961000E-02 -4.6810000E-01  9.9995000E-01  8.8362000E-01  2.4997000E-07  8.8360000E-01
 5.3500000E+01  8.1448000E-02 -4.7717000E-01  9.9995000E-01  8.7876000E-01  2.5482000E-07  8.7873000E-01
 5.4000000E+01  8.0938000E-02 -4.8630000E-01  9.9995000E-01  8.7374000E-01  2.5971000E-07  8.7371000E-01
 5.4500000E+01  8.0430000E-02 -4.9550000E-01  9.9995000E-01  8.6855000E-01  2.6462000E-07  8.6852000E-01
 5.5000000E+01  7.9926000E-02 -5.0476000E-01  9.9995000E-01  8.6321000E-01  2.6957000E-07  8.6318000E-01
 5.5500000E+01  7.9425000E-02 -5.1407000E-01  9.9995000E-01  8.5769000E-01  2.7455000E-07  8.5767000E-01
 5.6000000E+01  7.8927000E-02 -5.2343000E-01  9.9995000E-01  8.5201000E-01  2.7956000E-07  8.5198000E-01
 5.6500000E+01  7.8433000E-02 -5.3284000E-01  9.9995000E-01  8.4616000E-01  2.8459000E-07  8.4613000E-01
 5.7000000E+01  7.7942000E-02 -5.4230000E-01  9.9995000E-01  8.4012000E-01  2.8965000E-07  8.4010000E-01
 5.7500000E+01  7.7455000E-02 -5.5181000E-01  9.9995000E-01  8.3391000E-01  2.9473000E-07  8.3389000E-01
 5.8000000E+01  7.6972000E-02 -5.6135000E-01  9.9995000E-01  8.2752000E-01  2.9983000E-07  8.2749000E-01
 5.8500000E+01  7.6493000E-02 -5.7093000E-01  9.9995000E-01  8.2094000E-01  3.0495000E-07  8.2091000E-01
 5.9000000E+01  7.6019000E-02 -5.8054000E-01  9.9995000E-01  8.1417000E-01  3.1009000E-07  8.1415000E-01
 5.9500000E+01  7.5549000E-02 -5.9017000E-01  9.9995000E-01  8.0721000E-01  3.1525000E-07  8.0719000E-01
 6.0000000E+01  7.5083000E-02 -5.9984000E-01  9.9995000E-01  8.0006000E-01  3.2041000E-07  8.0003000E-01
 6.0500000E+01  7.4622000E-02 -6.0952000E-01  9.9995000E-01  7.9271000E-01  3.2559000E-07  7.9268000E-01
 6.1000000E+01  7.4165000E-02 -6.1921000E-01  9.9995000E-01  7.8516000E-01  3.3078000E-07  7.8513000E-01
 6.1500000E+01  7.3714000E-02 -6.2892000E-01  9.9995000E-01  7.7740000E-01  3.3597000E-07  7.7738000E-01
 6.2000000E+01  7.3267000E-02 -6.3863000E-01  9.9995000E-01  7.6944000E-01  3.4117000E-07  7.6942000E-01
 6.2500000E+01  7.2826000E-02 -6.4835000E-01  9.9995000E-01  7.6128000E-01  3.4636000E-07  7.6125000E-01
 6.3000000E+01  7.2390000E-02 -6.5805000E-01  9.9995000E-01  7.5290000E-01  3.5156000E-07  7.5288000E-01
 6.3500000E+01  7.1960000E-02 -6.6775000E-01  9.9995000E-01  7.4431000E-01  3.5675000E-07  7.4429000E-01
 6.4000000E+01  7.1535000E-02 -6.7744000E-01  9.9995000E-01  7.3551000E-01  3.6193000E-07  7.3548000E-01
 6.4500000E+01  7.1115000E-02 -6.8710000E-01  9.9995000E-01  7.2649000E-01  3.6710000E-07  7.2646000E-01
 6.5000000E+01  7.0702000E-02 -6.9674000E-01  9.9995000E-01  7.1725000E-01  3.7226000E-07  7.1722000E-01
 6.5500000E+01  7.0295000E-02 -7.0635000E-01  9.9995000E-01  7.0779000E-01  3.7740000E-07  7.0776000E-01
 6.6000000E+01  6.9893000E-02 -7.1592000E-01  9.9995000E-01  6.9810000E-01  3.8252000E-07  6.9808000E-01
 6.6500000E+01  6.9498000E-02 -7.2545000E-01  9.9995000E-01  6.8820000E-01  3.8762000E-07  6.8818000E-01
 6.7000000E+01  6.9109000E-02 -7.3492000E-01  9.9994000E-01  6.7807000E-01  3.9269000E-07  6.7805000E-01
 6.7500000E+01  6.8726000E-02 -7.4434000E-01  9.9994000E-01  6.6772000E-01  3.9773000E-07  6.6770000E-01
 6.8000000E+01  6.8350000E-02 -7.5370000E-01  9.9994000E-01  6.5714000E-01  4.0274000E-07  6.5711000E-01
 6.8500000E+01  6.7981000E-02 -7.6299000E-01  9.9994000E-01  6.4633000E-01  4.0771000E-07  6.4631000E-01
 6.9000000E+01  6.7618000E-02 -7.7220000E-01  9.9994000E-01  6.3529000E-01  4.1265000E-07  6.3527000E-01
 6.9500000E+01  6.7262000E-02 -7.8133000E-01  9.9994000E-01  6.2403000E-01  4.1753000E-07  6.2401000E-01
 7.0000000E+01  6.6914000E-02 -7.9037000E-01  9.9994000E-01  6.1254000E-01  4.2237000E-07  6.1252000E-01
 7.0500000E+01  6.6572000E-02 -7.9931000E-01  9.9994000E-01  6.0083000E-01  4.2716000E-07  6.0081000E-01
 7.1000000E+01  6.6237000E-02 -8.0815000E-01  9.9994000E-01  5.8888000E-01  4.3190000E-07  5.8886000E-01
 7.1500000E+01  6.5910000E-02 -8.1688000E-01  9.9994000E-01  5.7671000E-01  4.3657000E-07  5.7669000E-01
 7.2000000E+01  6.5590000E-02 -8.2549000E-01  9.9994000E-01  5.6432000E-01  4.4118000E-07  5.6430000E-01
 7.2500000E+01  6.5277000E-02 -8.3397000E-01  9.9994000E-01  5.5170000E-01  4.4573000E-07  5.5168000E-01
 7.3000000E+01  6.4972000E-02 -8.4232000E-01  9.9994000E-01  5.3886000E-01  4.5020000E-07  5.3884000E-01
 7.3500000E+01  6.4674000E-02 -8.5054000E-01  9.9994000E-01  5.2580000E-01  4.5460000E-07  5.2578000E-01
 7.4000000E+01  6.4385000E-02 -8.5860000E-01  9.9994000E-01  5.1252000E-01  4.5893000E-07  5.1251000E-01
 7.4500000E+01  6.4103000E-02 -8.6652000E-01  9.9994000E-01  4.9903000E-01  4.6316000E-07  4.9901000E-01
 7.5000000E+01  6.3828000E-02 -8.7427000E-01  9.9994000E-01  4.8532000E-01  4.6732000E-07  4.8531000E-01
 7.5500000E+01  6.3562000E-02 -8.8185000E-01  9.9994000E-01  4.7141000E-01  4.7138000E-07  4.7139000E-01
 7.6000000E+01  6.3304000E-02 -8.8925000E-01  9.9994000E-01  4.5729000E-01  4.7535000E-07  4.5727000E-01
 7.6500000E+01  6.3054000E-02 -8.9647000E-01  9.9994000E-01  4.4296000E-01  4.7922000E-07  4.4294000E-01
 7.7000000E+01  6.2812000E-02 -9.0351000E-01  9.9994000E-01  4.2843000E-01  4.8299000E-07  4.2842000E-01
 7.7500000E+01  6.2578000E-02 -9.1034000E-01  9.9994000E-01  4.1371000E-01  4.8666000E-07  4.1370000E-01
 7.8000000E+01  6.2353000E-02 -9.1697000E-01  9.9994000E-01  3.9880000E-01  4.9021000E-07  3.9879000E-01
 7.8500000E+01  6.2136000E-02 -9.2339000E-01  9.9994000E-01  3.8371000E-01  4.9366000E-07  3.8369000E-01
 7.9000000E+01  6.1927000E-02 -9.2959000E-01  9.9994000E-01  3.6843000E-01  4.9698000E-07  3.6842000E-01
 7.9500000E+01  6.1727000E-02 -9.3557000E-01  9.9994000E-01  3.5298000E-01  5.0019000E-07  3.5297000E-01
 8.0000000E+01  6.1535000E-02 -9.4131000E-01  9.9994000E-01  3.3736000E-01  5.0327000E-07  3.3735000E-01
 8.0500000E+01  6.1352000E-02 -9.4682000E-01  9.9994000E-01  3.2157000E-01  5.0623000E-07  3.2156000E-01
 8.1000000E+01  6.1178000E-02 -9.5208000E-01  9.9994000E-01  3.0563000E-01  5.0906000E-07  3.0562000E-01
 8.1500000E+01  6.1012000E-02 -9.5710000E-01  9.9994000E-01  2.8954000E-01  5.1175000E-07  2.8953000E-01
 8.2000000E+01  6.0855000E-02 -9.6186000E-01  9.9994000E-01  2.7330000E-01  5.1431000E-07  2.7329000E-01
 8.2500000E+01  6.0707000E-02 -9.6637000E-01  9.9994000E-01  2.5692000E-01  5.1673000E-07  2.5692000E-01
 8.3000000E+01  6.0568000E-02 -9.7060000E-01  9.9994000E-01  2.4042000E-01  5.1901000E-07  2.4041000E-01
 8.3500000E+01  6.0437000E-02 -9.7457000E-01  9.9994000E-01  2.2379000E-01  5.2114000E-07  2.2379000E-01
 8.4000000E+01  6.0315000E-02 -9.7827000E-01  9.9994000E-01  2.0705000E-01  5.2313000E-07  2.0704000E-01
 8.4500000E+01  6.0203000E-02 -9.8168000E-01  9.9994000E-01  1.9020000E-01  5.2497000E-07  1.9020000E-01
 8.5000000E+01  6.0099000E-02 -9.8481000E-01  9.9994000E-01  1.7326000E-01  5.2666000E-07  1.7325000E-01
 8.5500000E+01  6.0004000E-02 -9.8766000E-01  9.9994000E-01  1.5622000E-01  5.2819000E-07  1.5622000E-01
 8.6000000E+01  5.9918000E-02 -9.9021000E-01  9.9994000E-01  1.3910000E-01  5.2957000E-07  1.3910000E-01
 8.6500000E+01  5.9841000E-02 -9.9248000E-01  9.9994000E-01  1.2191000E-01  5.3079000E-07  1.2191000E-01
 8.7000000E+01  5.9773000E-02 -9.9444000E-01  9.9994000E-01  1.0466000E-01  5.3186000E-07  1.0465000E-01
 8.7500000E+01  5.9715000E-02 -9.9611000E-01  9.9994000E-01  8.7345000E-02  5.3276000E-07  8.7341000E-02
 8.8000000E+01  5.9665000E-02 -9.9748000E-01  9.9994000E-01  6.9987000E-02  5.3351000E-07  6.9985000E-02
 8.8500000E+01  5.9624000E-02 -9.9855000E-01  9.9994000E-01  5.2593000E-02  5.3409000E-07  5.2591000E-02
 8.9000000E+01  5.9593000E-02 -9.9932000E-01  9.9994000E-01  3.5171000E-02  5.3452000E-07  3.5169000E-02
 8.9500000E+01  5.9570000E-02 -9.9978000E-01  9.9994000E-01  1.7730000E-02  5.3478000E-07  1.7729000E-02
 9.0000000E+01  5.9557000E-02 -9.9994000E-01  9.9994000E-01  2.7923000E-04  5.3487000E-07  2.7876000E-04
 9.0500000E+01  5.9552000E-02 -9.9979000E-01  9.9994000E-01 -1.7171000E-02  5.3481000E-07 -1.7171000E-02
 9.1000000E+01  5.9557000E-02 -9.9934000E-01  9.9994000E-01 -3.4613000E-02  5.3458000E-07 -3.4612000E-02
 9.1500000E+01  5.9571000E-02 -9.9858000E-01  9.9994000E-01 -5.2036000E-02  5.3419000E-07 -5.2035000E-02
 9.2000000E+01  5.9593000E-02 -9.9752000E-01  9.9994000E-01 -6.9432000E-02  5.3363000E-07 -6.9430000E-02
 9.2500000E+01  5.9625000E-02 -9.9616000E-01  9.9994000E-01 -8.6790000E-02  5.3292000E-07 -8.6788000E-02
 9.3000000E+01  5.9666000E-02 -9.9450000E-01  9.9994000E-01 -1.0410000E-01  5.3204000E-07 -1.0410000E-01
 9.3500000E+01  5.9716000E-02 -9.9254000E-01  9.9994000E-01 -1.2136000E-01  5.3101000E-07 -1.2136000E-01
 9.4000000E+01  5.9775000E-02 -9.9029000E-01  9.9994000E-01 -1.3855000E-01  5.2981000E-07 -1.3855000E-01
 9.4500000E+01  5.9842000E-02 -9.8774000E-01  9.9994000E-01 -1.5568000E-01  5.2846000E-07 -1.5567000E-01
 9.5000000E+01  5.9919000E-02 -9.8491000E-01  9.9994000E-01 -1.7272000E-01  5.2696000E-07 -1.7271000E-01
 9.5500000E+01  6.0005000E-02 -9.8178000E-01  9.9994000E-01 -1.8967000E-01  5.2530000E-07 -1.8966000E-01
 9.6000000E+01  6.0099000E-02 -9.7838000E-01  9.9994000E-01 -2.0652000E-01  5.2349000E-07 -2.0651000E-01
 9.6500000E+01  6.0203000E-02 -9.7469000E-01  9.9994000E-01 -2.2326000E-01  5.2153000E-07 -2.2326000E-01
 9.7000000E+01  6.0315000E-02 -9.7073000E-01  9.9994000E-01 -2.3989000E-01  5.1942000E-07 -2.3989000E-01
 9.7500000E+01  6.0436000E-02 -9.6650000E-01  9.9994000E-01 -2.5640000E-01  5.1717000E-07 -2.5639000E-01
 9.8000000E+01  6.0565000E-02 -9.6201000E-01  9.9994000E-01 -2.7278000E-01  5.1478000E-07 -2.7277000E-01
 9.8500000E+01  6.0703000E-02 -9.5726000E-01  9.9994000E-01 -2.8902000E-01  5.1225000E-07 -2.8902000E-01
 9.9000000E+01  6.0850000E-02 -9.5225000E-01  9.9994000E-01 -3.0512000E-01  5.0958000E-07 -3.0511000E-01
 9.9500000E+01  6.1006000E-02 -9.4699000E-01  9.9994000E-01 -3.2107000E-01  5.0678000E-07 -3.2106000E-01
 1.0000000E+02  6.1170000E-02 -9.4149000E-01  9.9994000E-01 -3.3686000E-01  5.0385000E-07 -3.3685000E-01
 1.0050000E+02  6.1342000E-02 -9.3575000E-01  9.9994000E-01 -3.5249000E-01  5.0079000E-07 -3.5248000E-01
 1.0100000E+02  6.1523000E-02 -9.2978000E-01  9.9994000E-01 -3.6795000E-01  4.9760000E-07 -3.6794000E-01
 1.0150000E+02  6.1712000E-02 -9.2359000E-01  9.9994000E-01 -3.8323000E-01  4.9430000E-07 -3.8322000E-01
 1.0200000E+02  6.1910000E-02 -9.1717000E-01  9.9994000E-01 -3.9833000E-01  4.9088000E-07 -3.9832000E-01
 1.0250000E+02  6.2115000E-02 -9.1055000E-01  9.9994000E-01 -4.1325000E-01  4.8735000E-07 -4.1324000E-01
 1.0300000E+02  6.2329000E-02 -9.0372000E-01  9.9994000E-01 -4.2798000E-01  4.8370000E-07 -4.2796000E-01
 1.0350000E+02  6.2551000E-02 -8.9670000E-01  9.9994000E-01 -4.4251000E-01  4.7995000E-07 -4.4250000E-01
 1.0400000E+02  6.2781000E-02 -8.8948000E-01  9.9994000E-01 -4.5684000E-01  4.7610000E-07 -4.5683000E-01
 1.0450000E+02  6.3019000E-02 -8.8208000E-01  9.9994000E-01 -4.7097000E-01  4.7215000E-07 -4.7096000E-01
 1.0500000E+02  6.3264000E-02 -8.7450000E-01  9.9994000E-01 -4.8490000E-01  4.6811000E-07 -4.8488000E-01
 1.0550000E+02  6.3518000E-02 -8.6676000E-01  9.9994000E-01 -4.9861000E-01  4.6397000E-07 -4.9860000E-01
 1.0600000E+02  6.3779000E-02 -8.5885000E-01  9.9994000E-01 -5.1211000E-01  4.5975000E-07 -5.1210000E-01
 1.0650000E+02  6.4048000E-02 -8.5079000E-01  9.9994000E-01 -5.2540000E-01  4.5544000E-07 -5.2538000E-01
 1.0700000E+02  6.4324000E-02 -8.4258000E-01  9.9994000E-01 -5.3846000E-01  4.5106000E-07 -5.3845000E-01
 1.0750000E+02  6.4608000E-02 -8.3423000E-01  9.9994000E-01 -5.5131000E-01  4.4660000E-07 -5.5129000E-01
 1.0800000E+02  6.4899000E-02 -8.2575000E-01  9.9994000E-01 -5.6394000E-01  4.4207000E-07 -5.6392000E-01
 1.0850000E+02  6.5197000E-02 -8.1714000E-01  9.9994000E-01 -5.7634000E-01  4.3747000E-07 -5.7632000E-01
 1.0900000E+02  6.5502000E-02 -8.0841000E-01  9.9994000E-01 -5.8852000E-01  4.3281000E-07 -5.8850000E-01
 1.0950000E+02  6.5815000E-02 -7.9958000E-01  9.9994000E-01 -6.0047000E-01  4.2809000E-07 -6.0045000E-01
 1.1000000E+02  6.6134000E-02 -7.9064000E-01  9.9994000E-01 -6.1219000E-01  4.2331000E-07 -6.1217000E-01
 1.1050000E+02  6.6461000E-02 -7.8160000E-01  9.9994000E-01 -6.2369000E-01  4.1848000E-07 -6.2367000E-01
 1.1100000E+02  6.6794000E-02 -7.7247000E-01  9.9994000E-01 -6.3496000E-01  4.1360000E-07 -6.3494000E-01
 1.1150000E+02  6.7133000E-02 -7.6326000E-01  9.9994000E-01 -6.4600000E-01  4.0868000E-07 -6.4598000E-01
 1.1200000E+02  6.7479000E-02 -7.5397000E-01  9.9994000E-01 -6.5682000E-01  4.0372000E-07 -6.5680000E-01
 1.1250000E+02  6.7832000E-02 -7.4462000E-01  9.9994000E-01 -6.6741000E-01  3.9872000E-07 -6.6739000E-01
 1.1300000E+02  6.8191000E-02 -7.3520000E-01  9.9994000E-01 -6.7777000E-01  3.9368000E-07 -6.7775000E-01
 1.1350000E+02  6.8556000E-02 -7.2572000E-01  9.9994000E-01 -6.8791000E-01  3.8861000E-07 -6.8788000E-01
 1.1400000E+02  6.8927000E-02 -7.1620000E-01  9.9994000E-01 -6.9782000E-01  3.8352000E-07 -6.9780000E-01
 1.1450000E+02  6.9304000E-02 -7.0663000E-01  9.9995000E-01 -7.0751000E-01  3.7841000E-07 -7.0748000E-01
 1.1500000E+02  6.9687000E-02 -6.9702000E-01  9.9995000E-01 -7.1697000E-01  3.7327000E-07 -7.1695000E-01
 1.1550000E+02  7.0076000E-02 -6.8738000E-01  9.9995000E-01 -7.2622000E-01  3.6812000E-07 -7.2620000E-01
 1.1600000E+02  7.0471000E-02 -6.7772000E-01  9.9995000E-01 -7.3525000E-01  3.6295000E-07 -7.3523000E-01
 1.1650000E+02  7.0870000E-02 -6.6803000E-01  9.9995000E-01 -7.4406000E-01  3.5777000E-07 -7.4404000E-01
 1.1700000E+02  7.1276000E-02 -6.5833000E-01  9.9995000E-01 -7.5266000E-01  3.5258000E-07 -7.5263000E-01
 1.1750000E+02  7.1686000E-02 -6.4862000E-01  9.9995000E-01 -7.6104000E-01  3.4739000E-07 -7.6102000E-01
 1.1800000E+02  7.2101000E-02 -6.3891000E-01  9.9995000E-01 -7.6922000E-01  3.4219000E-07 -7.6919000E-01
 1.1850000E+02  7.2522000E-02 -6.2919000E-01  9.9995000E-01 -7.7718000E-01  3.3699000E-07 -7.7716000E-01
 1.1900000E+02  7.2947000E-02 -6.1948000E-01  9.9995000E-01 -7.8494000E-01  3.3180000E-07 -7.8492000E-01
 1.1950000E+02  7.3377000E-02 -6.0979000E-01  9.9995000E-01 -7.9250000E-01  3.2661000E-07 -7.9248000E-01
 1.2000000E+02  7.3812000E-02 -6.0010000E-01  9.9995000E-01 -7.9986000E-01  3.2143000E-07 -7.9983000E-01
 1.2050000E+02  7.4251000E-02 -5.9044000E-01  9.9995000E-01 -8.0702000E-01  3.1626000E-07 -8.0699000E-01
 1.2100000E+02  7.4694000E-02 -5.8080000E-01  9.9995000E-01 -8.1398000E-01  3.1111000E-07 -8.1396000E-01
 1.2150000E+02  7.5142000E-02 -5.7119000E-01  9.9995000E-01 -8.2076000E-01  3.0597000E-07 -8.2073000E-01
 1.2200000E+02  7.5593000E-02 -5.6161000E-01  9.9995000E-01 -8.2734000E-01  3.0084000E-07 -8.2732000E-01
 1.2250000E+02  7.6048000E-02 -5.5206000E-01  9.9995000E-01 -8.3374000E-01  2.9573000E-07 -8.3372000E-01
 1.2300000E+02  7.6507000E-02 -5.4256000E-01  9.9995000E-01 -8.3996000E-01  2.9065000E-07 -8.3993000E-01
 1.2350000E+02  7.6970000E-02 -5.3310000E-01  9.9995000E-01 -8.4600000E-01  2.8558000E-07 -8.4597000E-01
 1.2400000E+02  7.7436000E-02 -5.2368000E-01  9.9995000E-01 -8.5186000E-01  2.8054000E-07 -8.5183000E-01
 1.2450000E+02  7.7906000E-02 -5.1431000E-01  9.9995000E-01 -8.5755000E-01  2.7553000E-07 -8.5752000E-01
 1.2500000E+02  7.8378000E-02 -5.0500000E-01  9.9995000E-01 -8.6306000E-01  2.7055000E-07 -8.6304000E-01
 1.2550000E+02  7.8854000E-02 -4.9574000E-01  9.9995000E-01 -8.6841000E-01  2.6559000E-07 -8.6839000E-01
 1.2600000E+02  7.9333000E-02 -4.8654000E-01  9.9995000E-01 -8.7360000E-01  2.6067000E-07 -8.7357000E-01
 1.2650000E+02  7.9814000E-02 -4.7740000E-01  9.9995000E-01 -8.7863000E-01  2.5578000E-07 -8.7860000E-01
 1.2700000E+02  8.0298000E-02 -4.6833000E-01  9.9995000E-01 -8.8350000E-01  2.5092000E-07 -8.8347000E-01
 1.2750000E+02  8.0784000E-02 -4.5932000E-01  9.9995000E-01 -8.8822000E-01  2.4610000E-07 -8.8819000E-01
 1.2800000E+02  8.1272000E-02 -4.5038000E-01  9.9995000E-01 -8.9279000E-01  2.4131000E-07 -8.9276000E-01
 1.2850000E+02  8.1763000E-02 -4.4151000E-01  9.9995000E-01 -8.9721000E-01  2.3656000E-07 -8.9718000E-01
 1.2900000E+02  8.2256000E-02 -4.3271000E-01  9.9995000E-01 -9.0148000E-01  2.3185000E-07 -9.0145000E-01
 1.2950000E+02  8.2750000E-02 -4.2399000E-01  9.9995000E-01 -9.0562000E-01  2.2718000E-07 -9.0559000E-01
 1.3000000E+02  8.3246000E-02 -4.1534000E-01  9.9995000E-01 -9.0962000E-01  2.2255000E-07 -9.0959000E-01
 1.3050000E+02  8.3744000E-02 -4.0677000E-01  9.9995000E-01 -9.1348000E-01  2.1797000E-07 -9.1345000E-01
 1.3100000E+02  8.4243000E-02 -3.9828000E-01  9.9995000E-01 -9.1721000E-01  2.1342000E-07 -9.1718000E-01
 1.3150000E+02  8.4743000E-02 -3.8987000E-01  9.9996000E-01 -9.2082000E-01  2.0892000E-07 -9.2079000E-01
 1.3200000E+02  8.5244000E-02 -3.8155000E-01  9.9996000E-01 -9.2430000E-01  2.0446000E-07 -9.2427000E-01
 1.3250000E+02  8.5746000E-02 -3.7331000E-01  9.9996000E-01 -9.2766000E-01  2.0005000E-07 -9.2763000E-01
 1.3300000E+02  8.6249000E-02 -3.6515000E-01  9.9996000E-01 -9.3090000E-01  1.9568000E-07 -9.3087000E-01
 1.3350000E+02  8.6753000E-02 -3.5708000E-01  9.9996000E-01 -9.3403000E-01  1.9136000E-07 -9.3400000E-01
 1.3400000E+02  8.7257000E-02 -3.4910000E-01  9.9996000E-01 -9.3704000E-01  1.8709000E-07 -9.3701000E-01
 1.3450000E+02  8.7761000E-02 -3.4121000E-01  9.9996000E-01 -9.3994000E-01  1.8286000E-07 -9.3991000E-01
 1.3500000E+02  8.8265000E-02 -3.3341000E-01  9.9996000E-01 -9.4274000E-01  1.7868000E-07 -9.4271000E-01
 1.3550000E+02  8.8769000E-02 -3.2569000E-01  9.9996000E-01 -9.4543000E-01  1.7455000E-07 -9.4540000E-01
 1.3600000E+02  8.9274000E-02 -3.1807000E-01  9.9996000E-01 -9.4802000E-01  1.7047000E-07 -9.4799000E-01
 1.3650000E+02  8.9777000E-02 -3.1054000E-01  9.9996000E-01 -9.5052000E-01  1.6644000E-07 -9.5048000E-01
 1.3700000E+02  9.0281000E-02 -3.0310000E-01  9.9996000E-01 -9.5291000E-01  1.6245000E-07 -9.5288000E-01
 1.3750000E+02  9.0783000E-02 -2.9576000E-01  9.9996000E-01 -9.5522000E-01  1.5852000E-07 -9.5519000E-01
 1.3800000E+02  9.1285000E-02 -2.8851000E-01  9.9996000E-01 -9.5743000E-01  1.5463000E-07 -9.5740000E-01
 1.3850000E+02  9.1786000E-02 -2.8135000E-01  9.9996000E-01 -9.5956000E-01  1.5080000E-07 -9.5953000E-01
 1.3900000E+02  9.2286000E-02 -2.7428000E-01  9.9996000E-01 -9.6161000E-01  1.4702000E-07 -9.6158000E-01
 1.3950000E+02  9.2785000E-02 -2.6731000E-01  9.9996000E-01 -9.6357000E-01  1.4328000E-07 -9.6354000E-01
 1.4000000E+02  9.3282000E-02 -2.6044000E-01  9.9996000E-01 -9.6545000E-01  1.3960000E-07 -9.6542000E-01
 1.4050000E+02  9.3777000E-02 -2.5366000E-01  9.9996000E-01 -9.6725000E-01  1.3597000E-07 -9.6722000E-01
 1.4100000E+02  9.4271000E-02 -2.4697000E-01  9.9996000E-01 -9.6898000E-01  1.3239000E-07 -9.6895000E-01
 1.4150000E+02  9.4763000E-02 -2.4038000E-01  9.9996000E-01 -9.7064000E-01  1.2886000E-07 -9.7061000E-01
 1.4200000E+02  9.5253000E-02 -2.3389000E-01  9.9996000E-01 -9.7222000E-01  1.2538000E-07 -9.7219000E-01
 1.4250000E+02  9.5741000E-02 -2.2749000E-01  9.9996000E-01 -9.7374000E-01  1.2195000E-07 -9.7371000E-01
 1.4300000E+02  9.6227000E-02 -2.2119000E-01  9.9996000E-01 -9.7519000E-01  1.1857000E-07 -9.7516000E-01
 1.4350000E+02  9.6710000E-02 -2.1498000E-01  9.9996000E-01 -9.7658000E-01  1.1524000E-07 -9.7655000E-01
 1.4400000E+02  9.7191000E-02 -2.0887000E-01  9.9996000E-01 -9.7790000E-01  1.1197000E-07 -9.7787000E-01
 1.4450000E+02  9.7668000E-02 -2.0285000E-01  9.9996000E-01 -9.7917000E-01  1.0874000E-07 -9.7914000E-01
 1.4500000E+02  9.8143000E-02 -1.9693000E-01  9.9996000E-01 -9.8038000E-01  1.0557000E-07 -9.8035000E-01
 1.4550000E+02  9.8615000E-02 -1.9110000E-01  9.9996000E-01 -9.8153000E-01  1.0245000E-07 -9.8150000E-01
 1.4600000E+02  9.9084000E-02 -1.8537000E-01  9.9996000E-01 -9.8263000E-01  9.9376000E-08 -9.8260000E-01
 1.4650000E+02  9.9549000E-02 -1.7973000E-01  9.9996000E-01 -9.8368000E-01  9.6355000E-08 -9.8365000E-01
 1.4700000E+02  1.0001000E-01 -1.7419000E-01  9.9996000E-01 -9.8467000E-01  9.3384000E-08 -9.8464000E-01
 1.4750000E+02  1.0047000E-01 -1.6874000E-01  9.9996000E-01 -9.8562000E-01  9.0463000E-08 -9.8559000E-01
 1.4800000E+02  1.0092000E-01 -1.6338000E-01  9.9996000E-01 -9.8652000E-01  8.7593000E-08 -9.8649000E-01
 1.4850000E+02  1.0137000E-01 -1.5812000E-01  9.9996000E-01 -9.8738000E-01  8.4773000E-08 -9.8735000E-01
 1.4900000E+02  1.0182000E-01 -1.5295000E-01  9.9996000E-01 -9.8820000E-01  8.2003000E-08 -9.8816000E-01
 1.4950000E+02  1.0226000E-01 -1.4787000E-01  9.9996000E-01 -9.8897000E-01  7.9283000E-08 -9.8894000E-01
 1.5000000E+02  1.0270000E-01 -1.4289000E-01  9.9996000E-01 -9.8970000E-01  7.6612000E-08 -9.8967000E-01
 1.5050000E+02  1.0314000E-01 -1.3800000E-01  9.9996000E-01 -9.9039000E-01  7.3991000E-08 -9.9036000E-01
 1.5100000E+02  1.0356000E-01 -1.3320000E-01  9.9996000E-01 -9.9105000E-01  7.1419000E-08 -9.9102000E-01
 1.5150000E+02  1.0399000E-01 -1.2850000E-01  9.9996000E-01 -9.9167000E-01  6.8896000E-08 -9.9164000E-01
 1.5200000E+02  1.0441000E-01 -1.2388000E-01  9.9996000E-01 -9.9226000E-01  6.6422000E-08 -9.9223000E-01
 1.5250000E+02  1.0482000E-01 -1.1936000E-01  9.9996000E-01 -9.9282000E-01  6.3997000E-08 -9.9278000E-01
 1.5300000E+02  1.0523000E-01 -1.1492000E-01  9.9996000E-01 -9.9334000E-01  6.1620000E-08 -9.9331000E-01
 1.5350000E+02  1.0564000E-01 -1.1058000E-01  9.9996000E-01 -9.9383000E-01  5.9292000E-08 -9.9380000E-01
 1.5400000E+02  1.0604000E-01 -1.0632000E-01  9.9996000E-01 -9.9430000E-01  5.7011000E-08 -9.9426000E-01
 1.5450000E+02  1.0643000E-01 -1.0216000E-01  9.9996000E-01 -9.9473000E-01  5.4779000E-08 -9.9470000E-01
 1.5500000E+02  1.0682000E-01 -9.8084000E-02  9.9996000E-01 -9.9514000E-01  5.2594000E-08 -9.9511000E-01
 1.5550000E+02  1.0720000E-01 -9.4097000E-02  9.9996000E-01 -9.9553000E-01  5.0457000E-08 -9.9550000E-01
 1.5600000E+02  1.0758000E-01 -9.0198000E-02  9.9996000E-01 -9.9589000E-01  4.8367000E-08 -9.9586000E-01
 1.5650000E+02  1.0795000E-01 -8.6388000E-02  9.9996000E-01 -9.9623000E-01  4.6324000E-08 -9.9619000E-01
 1.5700000E+02  1.0832000E-01 -8.2664000E-02  9.9996000E-01 -9.9654000E-01  4.4327000E-08 -9.9651000E-01
 1.5750000E+02  1.0867000E-01 -7.9028000E-02  9.9997000E-01 -9.9684000E-01  4.2378000E-08 -9.9681000E-01
 1.5800000E+02  1.0903000E-01 -7.5478000E-02  9.9997000E-01 -9.9711000E-01  4.0475000E-08 -9.9708000E-01
 1.5850000E+02  1.0937000E-01 -7.2015000E-02  9.9997000E-01 -9.9737000E-01  3.8618000E-08 -9.9734000E-01
 1.5900000E+02  1.0971000E-01 -6.8637000E-02  9.9997000E-01 -9.9761000E-01  3.6807000E-08 -9.9757000E-01
 1.5950000E+02  1.1005000E-01 -6.5345000E-02  9.9997000E-01 -9.9783000E-01  3.5042000E-08 -9.9780000E-01
 1.6000000E+02  1.1037000E-01 -6.2138000E-02  9.9997000E-01 -9.9803000E-01  3.3322000E-08 -9.9800000E-01
 1.6050000E+02  1.1069000E-01 -5.9015000E-02  9.9997000E-01 -9.9822000E-01  3.1648000E-08 -9.9819000E-01
 1.6100000E+02  1.1101000E-01 -5.5977000E-02  9.9997000E-01 -9.9840000E-01  3.0019000E-08 -9.9837000E-01
 1.6150000E+02  1.1131000E-01 -5.3023000E-02  9.9997000E-01 -9.9856000E-01  2.8435000E-08 -9.9853000E-01
 1.6200000E+02  1.1161000E-01 -5.0152000E-02  9.9997000E-01 -9.9871000E-01  2.6895000E-08 -9.9868000E-01
 1.6250000E+02  1.1190000E-01 -4.7365000E-02  9.9997000E-01 -9.9884000E-01  2.5401000E-08 -9.9881000E-01
 1.6300000E+02  1.1219000E-01 -4.4660000E-02  9.9997000E-01 -9.9897000E-01  2.3950000E-08 -9.9894000E-01
 1.6350000E+02  1.1247000E-01 -4.2038000E-02  9.9997000E-01 -9.9908000E-01  2.2544000E-08 -9.9905000E-01
 1.6400000E+02  1.1274000E-01 -3.9498000E-02  9.9997000E-01 -9.9919000E-01  2.1182000E-08 -9.9915000E-01
 1.6450000E+02  1.1300000E-01 -3.7040000E-02  9.9997000E-01 -9.9928000E-01  1.9864000E-08 -9.9925000E-01
 1.6500000E+02  1.1325000E-01 -3.4663000E-02  9.9997000E-01 -9.9937000E-01  1.8590000E-08 -9.9933000E-01
 1.6550000E+02  1.1350000E-01 -3.2367000E-02  9.9997000E-01 -9.9944000E-01  1.7359000E-08 -9.9941000E-01
 1.6600000E+02  1.1374000E-01 -3.0153000E-02  9.9997000E-01 -9.9951000E-01  1.6171000E-08 -9.9948000E-01
 1.6650000E+02  1.1397000E-01 -2.8019000E-02  9.9997000E-01 -9.9957000E-01  1.5027000E-08 -9.9954000E-01
 1.6700000E+02  1.1420000E-01 -2.5965000E-02  9.9997000E-01 -9.9963000E-01  1.3925000E-08 -9.9960000E-01
 1.6750000E+02  1.1441000E-01 -2.3991000E-02  9.9997000E-01 -9.9968000E-01  1.2867000E-08 -9.9965000E-01
 1.6800000E+02  1.1462000E-01 -2.2097000E-02  9.9997000E-01 -9.9972000E-01  1.1851000E-08 -9.9969000E-01
 1.6850000E+02  1.1482000E-01 -2.0282000E-02  9.9997000E-01 -9.9976000E-01  1.0877000E-08 -9.9973000E-01
 1.6900000E+02  1.1501000E-01 -1.8546000E-02  9.9997000E-01 -9.9979000E-01  9.9467000E-09 -9.9976000E-01
 1.6950000E+02  1.1520000E-01 -1.6889000E-02  9.9997000E-01 -9.9982000E-01  9.0582000E-09 -9.9979000E-01
 1.7000000E+02  1.1537000E-01 -1.5311000E-02  9.9997000E-01 -9.9985000E-01  8.2119000E-09 -9.9982000E-01
 1.7050000E+02  1.1554000E-01 -1.3812000E-02  9.9997000E-01 -9.9987000E-01  7.4077000E-09 -9.9984000E-01
 1.7100000E+02  1.1570000E-01 -1.2390000E-02  9.9997000E-01 -9.9989000E-01  6.6454000E-09 -9.9986000E-01
 1.7150000E+02  1.1585000E-01 -1.1047000E-02  9.9997000E-01 -9.9991000E-01  5.9249000E-09 -9.9987000E-01
 1.7200000E+02  1.1600000E-01 -9.7817000E-03  9.9997000E-01 -9.9992000E-01  5.2462000E-09 -9.9989000E-01
 1.7250000E+02  1.1613000E-01 -8.5939000E-03  9.9997000E-01 -9.9993000E-01  4.6092000E-09 -9.9990000E-01
 1.7300000E+02  1.1626000E-01 -7.4835000E-03  9.9997000E-01 -9.9994000E-01  4.0137000E-09 -9.9991000E-01
 1.7350000E+02  1.1637000E-01 -6.4504000E-03  9.9997000E-01 -9.9995000E-01  3.4596000E-09 -9.9991000E-01
 1.7400000E+02  1.1648000E-01 -5.4945000E-03  9.9997000E-01 -9.9995000E-01  2.9469000E-09 -9.9992000E-01
 1.7450000E+02  1.1658000E-01 -4.6155000E-03  9.9997000E-01 -9.9996000E-01  2.4755000E-09 -9.9992000E-01
 1.7500000E+02  1.1667000E-01 -3.8135000E-03  9.9997000E-01 -9.9996000E-01  2.0453000E-09 -9.9993000E-01
 1.7550000E+02  1.1676000E-01 -3.0882000E-03  9.9997000E-01 -9.9996000E-01  1.6563000E-09 -9.9993000E-01
 1.7600000E+02  1.1683000E-01 -2.4395000E-03  9.9997000E-01 -9.9996000E-01  1.3084000E-09 -9.9993000E-01
 1.7650000E+02  1.1690000E-01 -1.8674000E-03  9.9997000E-01 -9.9997000E-01  1.0016000E-09 -9.9993000E-01
 1.7700000E+02  1.1695000E-01 -1.3717000E-03  9.9997000E-01 -9.9997000E-01  7.3572000E-10 -9.9993000E-01
 1.7750000E+02  1.1700000E-01 -9.5246000E-04  9.9997000E-01 -9.9997000E-01  5.1085000E-10 -9.9993000E-01
 1.7800000E+02  1.1704000E-01 -6.0951000E-04  9.9997000E-01 -9.9997000E-01  3.2691000E-10 -9.9993000E-01
 1.7850000E+02  1.1707000E-01 -3.4282000E-04  9.9997000E-01 -9.9997000E-01  1.8387000E-10 -9.9994000E-01
 1.7900000E+02  1.1709000E-01 -1.5235000E-04  9.9997000E-01 -9.9997000E-01  8.1714000E-11 -9.9994000E-01
 1.7950000E+02  1.1711000E-01 -3.8086000E-05  9.9997000E-01 -9.9997000E-01  2.0427000E-11 -9.9994000E-01
 1.8000000E+02  1.1711000E-01 -3.7757000E-15  9.9997000E-01 -9.9997000E-01  2.0251000E-21 -9.9994000E-01
