length scale factor
1.2466000E-04
volume cluster radius, area mean sphere radius, circumscribing radius, cross section radius
2.5104908E-03 1.2453534E-04 1.4768083E-02 2.5104908E-03
total extinction, absorption, scattering efficiencies (unpolarized incidence)
8.1634000E-05 8.1614000E-05 2.0514000E-08
theta     11          12          22          33          34          44
 0.0000000E+00  9.3104000E-04  0.0000000E+00  9.9992000E-01  9.9992000E-01  0.0000000E+00  9.9984000E-01
 5.0000000E-01  9.3100000E-04 -3.8074000E-05  9.9992000E-01  9.9992000E-01  2.6798000E-14  9.9984000E-01
 1.0000000E+00  9.3090000E-04 -1.5230000E-04  9.9992000E-01  9.9992000E-01  1.0720000E-13  9.9984000E-01
 1.5000000E+00  9.3072000E-04 -3.4270000E-04  9.9992000E-01  9.9992000E-01  2.4121000E-13  9.9984000E-01
 2.0000000E+00  9.3047000E-04 -6.0931000E-04  9.9992000E-01  9.9992000E-01  4.2885000E-13  9.9984000E-01
 2.5000000E+00  9.3015000E-04 -9.5215000E-04  9.9992000E-01  9.9992000E-01  6.7016000E-13  9.9984000E-01
 3.0000000E+00  9.2976000E-04 -1.3713000E-03  9.9992000E-01  9.9992000E-01  9.6517000E-13  9.9984000E-01
 3.5000000E+00  9.2930000E-04 -1.8668000E-03  9.9992000E-01  9.9992000E-01  1.3139000E-12  9.9984000E-01
 4.0000000E+00  9.2877000E-04 -2.4387000E-03  9.9992000E-01  9.9992000E-01  1.7165000E-12  9.9984000E-01
 4.5000000E+00  9.2817000E-04 -3.0871000E-03  9.9992000E-01  9.9992000E-01  2.1729000E-12  9.9984000E-01
 5.0000000E+00  9.2750000E-04 -3.8122000E-03  9.9992000E-01  9.9991000E-01  2.6832000E-12  9.9983000E-01
 5.5000000E+00  9.2676000E-04 -4.6140000E-03  9.9992000E-01  9.9991000E-01  3.2475000E-12  9.9983000E-01
 6.0000000E+00  9.2595000E-04 -5.4926000E-03  9.9992000E-01  9.9991000E-01  3.8659000E-12  9.9983000E-01
 6.5000000E+00  9.2507000E-04 -6.4482000E-03  9.9992000E-01  9.9990000E-01  4.5385000E-12  9.9982000E-01
 7.0000000E+00  9.2413000E-04 -7.4810000E-03  9.9992000E-01  9.9989000E-01  5.2654000E-12  9.9981000E-01
 7.5000000E+00  9.2311000E-04 -8.5910000E-03  9.9992000E-01  9.9988000E-01  6.0467000E-12  9.9980000E-01
 8.0000000E+00  9.2202000E-04 -9.7784000E-03  9.9992000E-01  9.9987000E-01  6.8824000E-12  9.9979000E-01
 8.5000000E+00  9.2087000E-04 -1.1043000E-02  9.9992000E-01  9.9986000E-01  7.7728000E-12  9.9978000E-01
 9.0000000E+00  9.1965000E-04 -1.2386000E-02  9.9992000E-01  9.9984000E-01  8.7180000E-12  9.9976000E-01
 9.5000000E+00  9.1836000E-04 -1.3807000E-02  9.9992000E-01  9.9982000E-01  9.7181000E-12  9.9975000E-01
 1.0000000E+01  9.1700000E-04 -1.5306000E-02  9.9992000E-01  9.9980000E-01  1.0773000E-11  9.9972000E-01
 1.0500000E+01  9.1558000E-04 -1.6884000E-02  9.9992000E-01  9.9978000E-01  1.1883000E-11  9.9970000E-01
 1.1000000E+01  9.1409000E-04 -1.8540000E-02  9.9992000E-01  9.9975000E-01  1.3049000E-11  9.9967000E-01
 1.1500000E+01  9.1254000E-04 -2.0275000E-02  9.9992000E-01  9.9971000E-01  1.4270000E-11  9.9963000E-01
 1.2000000E+01  9.1092000E-04 -2.2089000E-02  9.9992000E-01  9.9968000E-01  1.5547000E-11  9.9960000E-01
 1.2500000E+01  9.0923000E-04 -2.3983000E-02  9.9992000E-01  9.9963000E-01  1.6880000E-11  9.9955000E-01
 1.3000000E+01  9.0748000E-04 -2.5956000E-02  9.9992000E-01  9.9958000E-01  1.8269000E-11  9.9950000E-01
 1.3500000E+01  9.0567000E-04 -2.8009000E-02  9.9992000E-01  9.9953000E-01  1.9714000E-11  9.9945000E-01
 1.4000000E+01  9.0380000E-04 -3.0143000E-02  9.9992000E-01  9.9946000E-01  2.1216000E-11  9.9938000E-01
 1.4500000E+01  9.0186000E-04 -3.2356000E-02  9.9992000E-01  9.9939000E-01  2.2774000E-11  9.9932000E-01
 1.5000000E+01  8.9986000E-04 -3.4651000E-02  9.9992000E-01  9.9932000E-01  2.4389000E-11  9.9924000E-01
 1.5500000E+01  8.9780000E-04 -3.7027000E-02  9.9992000E-01  9.9923000E-01  2.6061000E-11  9.9915000E-01
 1.6000000E+01  8.9567000E-04 -3.9484000E-02  9.9992000E-01  9.9914000E-01  2.7791000E-11  9.9906000E-01
 1.6500000E+01  8.9349000E-04 -4.2024000E-02  9.9992000E-01  9.9903000E-01  2.9578000E-11  9.9895000E-01
 1.7000000E+01  8.9125000E-04 -4.4645000E-02  9.9992000E-01  9.9892000E-01  3.1423000E-11  9.9884000E-01
 1.7500000E+01  8.8895000E-04 -4.7349000E-02  9.9992000E-01  9.9880000E-01  3.3326000E-11  9.9872000E-01
 1.8000000E+01  8.8659000E-04 -5.0135000E-02  9.9992000E-01  9.9866000E-01  3.5287000E-11  9.9858000E-01
 1.8500000E+01  8.8417000E-04 -5.3005000E-02  9.9992000E-01  9.9851000E-01  3.7307000E-11  9.9843000E-01
 1.9000000E+01  8.8170000E-04 -5.5958000E-02  9.9992000E-01  9.9835000E-01  3.9386000E-11  9.9827000E-01
 1.9500000E+01  8.7917000E-04 -5.8995000E-02  9.9992000E-01  9.9817000E-01  4.1523000E-11  9.9810000E-01
 2.0000000E+01  8.7659000E-04 -6.2117000E-02  9.9992000E-01  9.9798000E-01  4.3720000E-11  9.9791000E-01
 2.0500000E+01  8.7395000E-04 -6.5323000E-02  9.9992000E-01  9.9778000E-01  4.5977000E-11  9.9770000E-01
 2.1000000E+01  8.7126000E-04 -6.8614000E-02  9.9992000E-01  9.9756000E-01  4.8293000E-11  9.9748000E-01
 2.1500000E+01  8.6851000E-04 -7.1990000E-02  9.9992000E-01  9.9732000E-01  5.0670000E-11  9.9724000E-01
 2.2000000E+01  8.6572000E-04 -7.5453000E-02  9.9991000E-01  9.9706000E-01  5.3107000E-11  9.9699000E-01
 2.2500000E+01  8.6287000E-04 -7.9001000E-02  9.9991000E-01  9.9679000E-01  5.5604000E-11  9.9671000E-01
 2.3000000E+01  8.5997000E-04 -8.2636000E-02  9.9991000E-01  9.9649000E-01  5.8163000E-11  9.9641000E-01
 2.3500000E+01  8.5703000E-04 -8.6359000E-02  9.9991000E-01  9.9618000E-01  6.0783000E-11  9.9610000E-01
 2.4000000E+01  8.5403000E-04 -9.0168000E-02  9.9991000E-01  9.9584000E-01  6.3464000E-11  9.9576000E-01
 2.4500000E+01  8.5099000E-04 -9.4065000E-02  9.9991000E-01  9.9548000E-01  6.6207000E-11  9.9540000E-01
 2.5000000E+01  8.4790000E-04 -9.8051000E-02  9.9991000E-01  9.9509000E-01  6.9012000E-11  9.9502000E-01
 2.5500000E+01  8.4476000E-04 -1.0213000E-01  9.9991000E-01  9.9468000E-01  7.1880000E-11  9.9461000E-01
 2.6000000E+01  8.4159000E-04 -1.0629000E-01  9.9991000E-01  9.9425000E-01  7.4810000E-11  9.9417000E-01
 2.6500000E+01  8.3836000E-04 -1.1054000E-01  9.9991000E-01  9.9378000E-01  7.7803000E-11  9.9370000E-01
 2.7000000E+01  8.3510000E-04 -1.1488000E-01  9.9991000E-01  9.9329000E-01  8.0859000E-11  9.9321000E-01
 2.7500000E+01  8.3179000E-04 -1.1932000E-01  9.9991000E-01  9.9277000E-01  8.3979000E-11  9.9269000E-01
 2.8000000E+01  8.2844000E-04 -1.2384000E-01  9.9991000E-01  9.9221000E-01  8.7162000E-11  9.9213000E-01
 2.8500000E+01  8.2506000E-04 -1.2845000E-01  9.9991000E-01  9.9163000E-01  9.0410000E-11  9.9155000E-01
 2.9000000E+01  8.2163000E-04 -1.3316000E-01  9.9991000E-01  9.9100000E-01  9.3721000E-11  9.9093000E-01
 2.9500000E+01  8.1817000E-04 -1.3795000E-01  9.9991000E-01  9.9035000E-01  9.7098000E-11  9.9027000E-01
 3.0000000E+01  8.1467000E-04 -1.4284000E-01  9.9991000E-01  9.8965000E-01  1.0054000E-10  9.8958000E-01
 3.0500000E+01  8.1113000E-04 -1.4782000E-01  9.9991000E-01  9.8892000E-01  1.0404000E-10  9.8884000E-01
 3.1000000E+01  8.0756000E-04 -1.5290000E-01  9.9991000E-01  9.8815000E-01  1.0762000E-10  9.8807000E-01
 3.1500000E+01  8.0396000E-04 -1.5807000E-01  9.9991000E-01  9.8734000E-01  1.1125000E-10  9.8726000E-01
 3.2000000E+01  8.0032000E-04 -1.6333000E-01  9.9991000E-01  9.8648000E-01  1.1495000E-10  9.8640000E-01
 3.2500000E+01  7.9666000E-04 -1.6868000E-01  9.9991000E-01  9.8558000E-01  1.1872000E-10  9.8550000E-01
 3.3000000E+01  7.9296000E-04 -1.7413000E-01  9.9991000E-01  9.8463000E-01  1.2256000E-10  9.8455000E-01
 3.3500000E+01  7.8923000E-04 -1.7967000E-01  9.9991000E-01  9.8363000E-01  1.2646000E-10  9.8355000E-01
 3.4000000E+01  7.8548000E-04 -1.8530000E-01  9.9991000E-01  9.8259000E-01  1.3042000E-10  9.8251000E-01
 3.4500000E+01  7.8170000E-04 -1.9104000E-01  9.9991000E-01  9.8149000E-01  1.3446000E-10  9.8141000E-01
 3.5000000E+01  7.7790000E-04 -1.9686000E-01  9.9991000E-01  9.8033000E-01  1.3856000E-10  9.8026000E-01
 3.5500000E+01  7.7407000E-04 -2.0278000E-01  9.9990000E-01  9.7913000E-01  1.4273000E-10  9.7905000E-01
 3.6000000E+01  7.7021000E-04 -2.0880000E-01  9.9990000E-01  9.7786000E-01  1.4696000E-10  9.7778000E-01
 3.6500000E+01  7.6634000E-04 -2.1491000E-01  9.9990000E-01  9.7654000E-01  1.5126000E-10  9.7646000E-01
 3.7000000E+01  7.6245000E-04 -2.2111000E-01  9.9990000E-01  9.7515000E-01  1.5563000E-10  9.7507000E-01
 3.7500000E+01  7.5853000E-04 -2.2741000E-01  9.9990000E-01  9.7370000E-01  1.6006000E-10  9.7362000E-01
 3.8000000E+01  7.5460000E-04 -2.3381000E-01  9.9990000E-01  9.7218000E-01  1.6457000E-10  9.7210000E-01
 3.8500000E+01  7.5065000E-04 -2.4030000E-01  9.9990000E-01  9.7060000E-01  1.6913000E-10  9.7052000E-01
 3.9000000E+01  7.4668000E-04 -2.4689000E-01  9.9990000E-01  9.6894000E-01  1.7377000E-10  9.6886000E-01
 3.9500000E+01  7.4270000E-04 -2.5357000E-01  9.9990000E-01  9.6721000E-01  1.7847000E-10  9.6714000E-01
 4.0000000E+01  7.3871000E-04 -2.6035000E-01  9.9990000E-01  9.6541000E-01  1.8325000E-10  9.6533000E-01
 4.0500000E+01  7.3470000E-04 -2.6722000E-01  9.9990000E-01  9.6353000E-01  1.8808000E-10  9.6345000E-01
 4.1000000E+01  7.3068000E-04 -2.7419000E-01  9.9990000E-01  9.6157000E-01  1.9299000E-10  9.6149000E-01
 4.1500000E+01  7.2666000E-04 -2.8125000E-01  9.9990000E-01  9.5953000E-01  1.9796000E-10  9.5945000E-01
 4.2000000E+01  7.2262000E-04 -2.8841000E-01  9.9990000E-01  9.5740000E-01  2.0299000E-10  9.5732000E-01
 4.2500000E+01  7.1858000E-04 -2.9566000E-01  9.9990000E-01  9.5519000E-01  2.0810000E-10  9.5511000E-01
 4.3000000E+01  7.1453000E-04 -3.0300000E-01  9.9990000E-01  9.5288000E-01  2.1326000E-10  9.5281000E-01
 4.3500000E+01  7.1047000E-04 -3.1044000E-01  9.9990000E-01  9.5048000E-01  2.1850000E-10  9.5041000E-01
 4.4000000E+01  7.0641000E-04 -3.1797000E-01  9.9990000E-01  9.4799000E-01  2.2380000E-10  9.4792000E-01
 4.4500000E+01  7.0235000E-04 -3.2559000E-01  9.9990000E-01  9.4540000E-01  2.2916000E-10  9.4533000E-01
 4.5000000E+01  6.9829000E-04 -3.3330000E-01  9.9989000E-01  9.4271000E-01  2.3459000E-10  9.4264000E-01
 4.5500000E+01  6.9423000E-04 -3.4110000E-01  9.9989000E-01  9.3992000E-01  2.4008000E-10  9.3984000E-01
 4.6000000E+01  6.9017000E-04 -3.4899000E-01  9.9989000E-01  9.3701000E-01  2.4563000E-10  9.3694000E-01
 4.6500000E+01  6.8611000E-04 -3.5697000E-01  9.9989000E-01  9.3400000E-01  2.5125000E-10  9.3393000E-01
 4.7000000E+01  6.8206000E-04 -3.6503000E-01  9.9989000E-01  9.3088000E-01  2.5692000E-10  9.3081000E-01
 4.7500000E+01  6.7801000E-04 -3.7319000E-01  9.9989000E-01  9.2764000E-01  2.6266000E-10  9.2757000E-01
 4.8000000E+01  6.7396000E-04 -3.8142000E-01  9.9989000E-01  9.2428000E-01  2.6846000E-10  9.2421000E-01
 4.8500000E+01  6.6993000E-04 -3.8975000E-01  9.9989000E-01  9.2080000E-01  2.7432000E-10  9.2073000E-01
 4.9000000E+01  6.6590000E-04 -3.9815000E-01  9.9989000E-01  9.1720000E-01  2.8023000E-10  9.1713000E-01
 4.9500000E+01  6.6188000E-04 -4.0664000E-01  9.9989000E-01  9.1347000E-01  2.8621000E-10  9.1340000E-01
 5.0000000E+01  6.5788000E-04 -4.1520000E-01  9.9989000E-01  9.0961000E-01  2.9224000E-10  9.0953000E-01
 5.0500000E+01  6.5388000E-04 -4.2385000E-01  9.9989000E-01  9.0561000E-01  2.9832000E-10  9.0554000E-01
 5.1000000E+01  6.4990000E-04 -4.3257000E-01  9.9989000E-01  9.0148000E-01  3.0446000E-10  9.0140000E-01
 5.1500000E+01  6.4594000E-04 -4.4136000E-01  9.9989000E-01  8.9720000E-01  3.1065000E-10  8.9713000E-01
 5.2000000E+01  6.4199000E-04 -4.5023000E-01  9.9989000E-01  8.9278000E-01  3.1689000E-10  8.9271000E-01
 5.2500000E+01  6.3805000E-04 -4.5917000E-01  9.9988000E-01  8.8822000E-01  3.2318000E-10  8.8815000E-01
 5.3000000E+01  6.3414000E-04 -4.6818000E-01  9.9988000E-01  8.8350000E-01  3.2952000E-10  8.8343000E-01
 5.3500000E+01  6.3024000E-04 -4.7725000E-01  9.9988000E-01  8.7864000E-01  3.3591000E-10  8.7857000E-01
 5.4000000E+01  6.2637000E-04 -4.8639000E-01  9.9988000E-01  8.7361000E-01  3.4234000E-10  8.7354000E-01
 5.4500000E+01  6.2252000E-04 -4.9558000E-01  9.9988000E-01  8.6842000E-01  3.4881000E-10  8.6836000E-01
 5.5000000E+01  6.1869000E-04 -5.0484000E-01  9.9988000E-01  8.6308000E-01  3.5532000E-10  8.6301000E-01
 5.5500000E+01  6.1488000E-04 -5.1415000E-01  9.9988000E-01  8.5756000E-01  3.6188000E-10  8.5749000E-01
 5.6000000E+01  6.1110000E-04 -5.2351000E-01  9.9988000E-01  8.5188000E-01  3.6847000E-10  8.5181000E-01
 5.6500000E+01  6.0735000E-04 -5.3293000E-01  9.9988000E-01  8.4602000E-01  3.7510000E-10  8.4595000E-01
 5.7000000E+01  6.0363000E-04 -5.4239000E-01  9.9988000E-01  8.3998000E-01  3.8175000E-10  8.3992000E-01
 5.7500000E+01  5.9993000E-04 -5.5189000E-01  9.9988000E-01  8.3377000E-01  3.8844000E-10  8.3370000E-01
 5.8000000E+01  5.9626000E-04 -5.6143000E-01  9.9988000E-01  8.2737000E-01  3.9516000E-10  8.2731000E-01
 5.8500000E+01  5.9263000E-04 -5.7101000E-01  9.9988000E-01  8.2079000E-01  4.0190000E-10  8.2073000E-01
 5.9000000E+01  5.8902000E-04 -5.8062000E-01  9.9987000E-01  8.1402000E-01  4.0866000E-10  8.1396000E-01
 5.9500000E+01  5.8545000E-04 -5.9026000E-01  9.9987000E-01  8.0706000E-01  4.1545000E-10  8.0699000E-01
 6.0000000E+01  5.8192000E-04 -5.9992000E-01  9.9987000E-01  7.9990000E-01  4.2225000E-10  7.9984000E-01
 6.0500000E+01  5.7842000E-04 -6.0960000E-01  9.9987000E-01  7.9255000E-01  4.2906000E-10  7.9248000E-01
 6.1000000E+01  5.7495000E-04 -6.1930000E-01  9.9987000E-01  7.8499000E-01  4.3588000E-10  7.8493000E-01
 6.1500000E+01  5.7153000E-04 -6.2900000E-01  9.9987000E-01  7.7724000E-01  4.4272000E-10  7.7717000E-01
 6.2000000E+01  5.6814000E-04 -6.3872000E-01  9.9987000E-01  7.6927000E-01  4.4955000E-10  7.6921000E-01
 6.2500000E+01  5.6479000E-04 -6.4843000E-01  9.9987000E-01  7.6110000E-01  4.5639000E-10  7.6104000E-01
 6.3000000E+01  5.6149000E-04 -6.5814000E-01  9.9987000E-01  7.5272000E-01  4.6322000E-10  7.5266000E-01
 6.3500000E+01  5.5822000E-04 -6.6784000E-01  9.9987000E-01  7.4413000E-01  4.7005000E-10  7.4407000E-01
 6.4000000E+01  5.5500000E-04 -6.7752000E-01  9.9987000E-01  7.3532000E-01  4.7686000E-10  7.3527000E-01
 6.4500000E+01  5.5182000E-04 -6.8718000E-01  9.9987000E-01  7.2630000E-01  4.8367000E-10  7.2624000E-01
 6.5000000E+01  5.4868000E-04 -6.9682000E-01  9.9987000E-01  7.1706000E-01  4.9045000E-10  7.1700000E-01
 6.5500000E+01  5.4560000E-04 -7.0643000E-01  9.9986000E-01  7.0759000E-01  4.9721000E-10  7.0754000E-01
 6.6000000E+01  5.4255000E-04 -7.1600000E-01  9.9986000E-01  6.9791000E-01  5.0395000E-10  6.9785000E-01
 6.6500000E+01  5.3956000E-04 -7.2552000E-01  9.9986000E-01  6.8800000E-01  5.1065000E-10  6.8795000E-01
 6.7000000E+01  5.3661000E-04 -7.3500000E-01  9.9986000E-01  6.7787000E-01  5.1732000E-10  6.7782000E-01
 6.7500000E+01  5.3371000E-04 -7.4441000E-01  9.9986000E-01  6.6751000E-01  5.2395000E-10  6.6746000E-01
 6.8000000E+01  5.3087000E-04 -7.5377000E-01  9.9986000E-01  6.5693000E-01  5.3053000E-10  6.5688000E-01
 6.8500000E+01  5.2807000E-04 -7.6306000E-01  9.9986000E-01  6.4612000E-01  5.3707000E-10  6.4607000E-01
 6.9000000E+01  5.2533000E-04 -7.7227000E-01  9.9986000E-01  6.3508000E-01  5.4355000E-10  6.3503000E-01
 6.9500000E+01  5.2263000E-04 -7.8139000E-01  9.9986000E-01  6.2381000E-01  5.4997000E-10  6.2376000E-01
 7.0000000E+01  5.2000000E-04 -7.9043000E-01  9.9986000E-01  6.1232000E-01  5.5633000E-10  6.1227000E-01
 7.0500000E+01  5.1741000E-04 -7.9937000E-01  9.9986000E-01  6.0060000E-01  5.6263000E-10  6.0055000E-01
 7.1000000E+01  5.1488000E-04 -8.0821000E-01  9.9986000E-01  5.8865000E-01  5.6885000E-10  5.8861000E-01
 7.1500000E+01  5.1241000E-04 -8.1693000E-01  9.9986000E-01  5.7648000E-01  5.7499000E-10  5.7644000E-01
 7.2000000E+01  5.0999000E-04 -8.2554000E-01  9.9986000E-01  5.6408000E-01  5.8105000E-10  5.6404000E-01
 7.2500000E+01  5.0764000E-04 -8.3402000E-01  9.9985000E-01  5.5146000E-01  5.8702000E-10  5.5142000E-01
 7.3000000E+01  5.0533000E-04 -8.4237000E-01  9.9985000E-01  5.3862000E-01  5.9289000E-10  5.3858000E-01
 7.3500000E+01  5.0309000E-04 -8.5058000E-01  9.9985000E-01  5.2556000E-01  5.9867000E-10  5.2552000E-01
 7.4000000E+01  5.0091000E-04 -8.5865000E-01  9.9985000E-01  5.1228000E-01  6.0435000E-10  5.1224000E-01
 7.4500000E+01  4.9879000E-04 -8.6656000E-01  9.9985000E-01  4.9878000E-01  6.0991000E-10  4.9874000E-01
 7.5000000E+01  4.9673000E-04 -8.7430000E-01  9.9985000E-01  4.8507000E-01  6.1537000E-10  4.8504000E-01
 7.5500000E+01  4.9473000E-04 -8.8188000E-01  9.9985000E-01  4.7115000E-01  6.2070000E-10  4.7112000E-01
 7.6000000E+01  4.9279000E-04 -8.8928000E-01  9.9985000E-01  4.5703000E-01  6.2591000E-10  4.5699000E-01
 7.6500000E+01  4.9091000E-04 -8.9650000E-01  9.9985000E-01  4.4270000E-01  6.3099000E-10  4.4267000E-01
 7.7000000E+01  4.8910000E-04 -9.0353000E-01  9.9985000E-01  4.2817000E-01  6.3594000E-10  4.2814000E-01
 7.7500000E+01  4.8735000E-04 -9.1036000E-01  9.9985000E-01  4.1345000E-01  6.4074000E-10  4.1342000E-01
 7.8000000E+01  4.8567000E-04 -9.1699000E-01  9.9985000E-01  3.9854000E-01  6.4541000E-10  3.9851000E-01
 7.8500000E+01  4.8405000E-04 -9.2340000E-01  9.9985000E-01  3.8344000E-01  6.4992000E-10  3.8341000E-01
 7.9000000E+01  4.8249000E-04 -9.2960000E-01  9.9985000E-01  3.6816000E-01  6.5428000E-10  3.6813000E-01
 7.9500000E+01  4.8100000E-04 -9.3557000E-01  9.9985000E-01  3.5271000E-01  6.5849000E-10  3.5268000E-01
 8.0000000E+01  4.7958000E-04 -9.4131000E-01  9.9985000E-01  3.3709000E-01  6.6253000E-10  3.3706000E-01
 8.0500000E+01  4.7822000E-04 -9.4681000E-01  9.9985000E-01  3.2130000E-01  6.6640000E-10  3.2127000E-01
 8.1000000E+01  4.7693000E-04 -9.5208000E-01  9.9985000E-01  3.0535000E-01  6.7011000E-10  3.0533000E-01
 8.1500000E+01  4.7571000E-04 -9.5709000E-01  9.9984000E-01  2.8926000E-01  6.7363000E-10  2.8924000E-01
 8.2000000E+01  4.7456000E-04 -9.6185000E-01  9.9984000E-01  2.7302000E-01  6.7698000E-10  2.7300000E-01
 8.2500000E+01  4.7347000E-04 -9.6634000E-01  9.9984000E-01  2.5665000E-01  6.8015000E-10  2.5663000E-01
 8.3000000E+01  4.7246000E-04 -9.7058000E-01  9.9984000E-01  2.4014000E-01  6.8313000E-10  2.4012000E-01
 8.3500000E+01  4.7151000E-04 -9.7454000E-01  9.9984000E-01  2.2351000E-01  6.8592000E-10  2.2350000E-01
 8.4000000E+01  4.7063000E-04 -9.7823000E-01  9.9984000E-01  2.0677000E-01  6.8851000E-10  2.0676000E-01
 8.4500000E+01  4.6982000E-04 -9.8164000E-01  9.9984000E-01  1.8992000E-01  6.9091000E-10  1.8991000E-01
 8.5000000E+01  4.6908000E-04 -9.8477000E-01  9.9984000E-01  1.7298000E-01  6.9311000E-10  1.7296000E-01
 8.5500000E+01  4.6841000E-04 -9.8761000E-01  9.9984000E-01  1.5594000E-01  6.9511000E-10  1.5593000E-01
 8.6000000E+01  4.6781000E-04 -9.9016000E-01  9.9984000E-01  1.3882000E-01  6.9691000E-10  1.3881000E-01
 8.6500000E+01  4.6728000E-04 -9.9242000E-01  9.9984000E-01  1.2163000E-01  6.9850000E-10  1.2162000E-01
 8.7000000E+01  4.6682000E-04 -9.9438000E-01  9.9984000E-01  1.0438000E-01  6.9988000E-10  1.0437000E-01
 8.7500000E+01  4.6643000E-04 -9.9604000E-01  9.9984000E-01  8.7067000E-02  7.0105000E-10  8.7060000E-02
 8.8000000E+01  4.6611000E-04 -9.9741000E-01  9.9984000E-01  6.9710000E-02  7.0201000E-10  6.9705000E-02
 8.8500000E+01  4.6586000E-04 -9.9847000E-01  9.9984000E-01  5.2317000E-02  7.0276000E-10  5.2313000E-02
 8.9000000E+01  4.6568000E-04 -9.9923000E-01  9.9984000E-01  3.4896000E-02  7.0329000E-10  3.4893000E-02
 8.9500000E+01  4.6558000E-04 -9.9969000E-01  9.9984000E-01  1.7456000E-02  7.0362000E-10  1.7455000E-02
 9.0000000E+01  4.6554000E-04 -9.9984000E-01  9.9984000E-01  7.4511000E-06  7.0372000E-10  7.4366000E-06
 9.0500000E+01  4.6558000E-04 -9.9969000E-01  9.9984000E-01 -1.7442000E-02  7.0362000E-10 -1.7440000E-02
 9.1000000E+01  4.6568000E-04 -9.9923000E-01  9.9984000E-01 -3.4881000E-02  7.0330000E-10 -3.4878000E-02
 9.1500000E+01  4.6586000E-04 -9.9847000E-01  9.9984000E-01 -5.2302000E-02  7.0276000E-10 -5.2298000E-02
 9.2000000E+01  4.6611000E-04 -9.9741000E-01  9.9984000E-01 -6.9696000E-02  7.0201000E-10 -6.9690000E-02
 9.2500000E+01  4.6642000E-04 -9.9604000E-01  9.9984000E-01 -8.7052000E-02  7.0105000E-10 -8.7045000E-02
 9.3000000E+01  4.6681000E-04 -9.9438000E-01  9.9984000E-01 -1.0436000E-01  6.9988000E-10 -1.0435000E-01
 9.3500000E+01  4.6727000E-04 -9.9242000E-01  9.9984000E-01 -1.2162000E-01  6.9850000E-10 -1.2161000E-01
 9.4000000E+01  4.6780000E-04 -9.9016000E-01  9.9984000E-01 -1.3881000E-01  6.9691000E-10 -1.3880000E-01
 9.4500000E+01  4.6840000E-04 -9.8761000E-01  9.9984000E-01 -1.5593000E-01  6.9511000E-10 -1.5591000E-01
 9.5000000E+01  4.6907000E-04 -9.8477000E-01  9.9984000E-01 -1.7296000E-01  6.9311000E-10 -1.7295000E-01
 9.5500000E+01  4.6981000E-04 -9.8164000E-01  9.9984000E-01 -1.8991000E-01  6.9091000E-10 -1.8989000E-01
 9.6000000E+01  4.7062000E-04 -9.7823000E-01  9.9984000E-01 -2.0676000E-01  6.8851000E-10 -2.0674000E-01
 9.6500000E+01  4.7150000E-04 -9.7454000E-01  9.9984000E-01 -2.2350000E-01  6.8592000E-10 -2.2348000E-01
 9.7000000E+01  4.7245000E-04 -9.7058000E-01  9.9984000E-01 -2.4013000E-01  6.8313000E-10 -2.4011000E-01
 9.7500000E+01  4.7347000E-04 -9.6635000E-01  9.9984000E-01 -2.5663000E-01  6.8015000E-10 -2.5661000E-01
 9.8000000E+01  4.7455000E-04 -9.6185000E-01  9.9984000E-01 -2.7301000E-01  6.7698000E-10 -2.7299000E-01
 9.8500000E+01  4.7571000E-04 -9.5709000E-01  9.9984000E-01 -2.8925000E-01  6.7363000E-10 -2.8922000E-01
 9.9000000E+01  4.7693000E-04 -9.5208000E-01  9.9985000E-01 -3.0534000E-01  6.7011000E-10 -3.0532000E-01
 9.9500000E+01  4.7822000E-04 -9.4682000E-01  9.9985000E-01 -3.2129000E-01  6.6640000E-10 -3.2126000E-01
 1.0000000E+02  4.7957000E-04 -9.4132000E-01  9.9985000E-01 -3.3707000E-01  6.6253000E-10 -3.3705000E-01
 1.0050000E+02  4.8099000E-04 -9.3557000E-01  9.9985000E-01 -3.5270000E-01  6.5849000E-10 -3.5267000E-01
 1.0100000E+02  4.8248000E-04 -9.2960000E-01  9.9985000E-01 -3.6815000E-01  6.5429000E-10 -3.6812000E-01
 1.0150000E+02  4.8404000E-04 -9.2341000E-01  9.9985000E-01 -3.8343000E-01  6.4992000E-10 -3.8340000E-01
 1.0200000E+02  4.8566000E-04 -9.1699000E-01  9.9985000E-01 -3.9853000E-01  6.4541000E-10 -3.9849000E-01
 1.0250000E+02  4.8734000E-04 -9.1037000E-01  9.9985000E-01 -4.1344000E-01  6.4075000E-10 -4.1341000E-01
 1.0300000E+02  4.8909000E-04 -9.0354000E-01  9.9985000E-01 -4.2816000E-01  6.3594000E-10 -4.2813000E-01
 1.0350000E+02  4.9090000E-04 -8.9651000E-01  9.9985000E-01 -4.4269000E-01  6.3099000E-10 -4.4265000E-01
 1.0400000E+02  4.9278000E-04 -8.8929000E-01  9.9985000E-01 -4.5702000E-01  6.2591000E-10 -4.5698000E-01
 1.0450000E+02  4.9472000E-04 -8.8189000E-01  9.9985000E-01 -4.7114000E-01  6.2070000E-10 -4.7111000E-01
 1.0500000E+02  4.9672000E-04 -8.7431000E-01  9.9985000E-01 -4.8506000E-01  6.1537000E-10 -4.8502000E-01
 1.0550000E+02  4.9878000E-04 -8.6656000E-01  9.9985000E-01 -4.9877000E-01  6.0992000E-10 -4.9873000E-01
 1.0600000E+02  5.0090000E-04 -8.5865000E-01  9.9985000E-01 -5.1227000E-01  6.0435000E-10 -5.1223000E-01
 1.0650000E+02  5.0308000E-04 -8.5059000E-01  9.9985000E-01 -5.2555000E-01  5.9867000E-10 -5.2551000E-01
 1.0700000E+02  5.0532000E-04 -8.4238000E-01  9.9985000E-01 -5.3861000E-01  5.9290000E-10 -5.3857000E-01
 1.0750000E+02  5.0762000E-04 -8.3403000E-01  9.9985000E-01 -5.5145000E-01  5.8702000E-10 -5.5141000E-01
 1.0800000E+02  5.0998000E-04 -8.2555000E-01  9.9986000E-01 -5.6407000E-01  5.8105000E-10 -5.6403000E-01
 1.0850000E+02  5.1240000E-04 -8.1694000E-01  9.9986000E-01 -5.7647000E-01  5.7499000E-10 -5.7643000E-01
 1.0900000E+02  5.1487000E-04 -8.0821000E-01  9.9986000E-01 -5.8864000E-01  5.6885000E-10 -5.8860000E-01
 1.0950000E+02  5.1740000E-04 -7.9938000E-01  9.9986000E-01 -6.0059000E-01  5.6263000E-10 -6.0054000E-01
 1.1000000E+02  5.1998000E-04 -7.9044000E-01  9.9986000E-01 -6.1231000E-01  5.5634000E-10 -6.1226000E-01
 1.1050000E+02  5.2262000E-04 -7.8140000E-01  9.9986000E-01 -6.2380000E-01  5.4998000E-10 -6.2375000E-01
 1.1100000E+02  5.2531000E-04 -7.7227000E-01  9.9986000E-01 -6.3507000E-01  5.4355000E-10 -6.3502000E-01
 1.1150000E+02  5.2806000E-04 -7.6306000E-01  9.9986000E-01 -6.4611000E-01  5.3707000E-10 -6.4606000E-01
 1.1200000E+02  5.3085000E-04 -7.5378000E-01  9.9986000E-01 -6.5692000E-01  5.3053000E-10 -6.5687000E-01
 1.1250000E+02  5.3370000E-04 -7.4442000E-01  9.9986000E-01 -6.6750000E-01  5.2395000E-10 -6.6745000E-01
 1.1300000E+02  5.3659000E-04 -7.3500000E-01  9.9986000E-01 -6.7786000E-01  5.1732000E-10 -6.7781000E-01
 1.1350000E+02  5.3954000E-04 -7.2553000E-01  9.9986000E-01 -6.8799000E-01  5.1065000E-10 -6.8794000E-01
 1.1400000E+02  5.4254000E-04 -7.1600000E-01  9.9986000E-01 -6.9790000E-01  5.0395000E-10 -6.9785000E-01
 1.1450000E+02  5.4558000E-04 -7.0644000E-01  9.9986000E-01 -7.0759000E-01  4.9721000E-10 -7.0753000E-01
 1.1500000E+02  5.4867000E-04 -6.9683000E-01  9.9987000E-01 -7.1705000E-01  4.9045000E-10 -7.1699000E-01
 1.1550000E+02  5.5180000E-04 -6.8719000E-01  9.9987000E-01 -7.2629000E-01  4.8367000E-10 -7.2623000E-01
 1.1600000E+02  5.5498000E-04 -6.7753000E-01  9.9987000E-01 -7.3532000E-01  4.7687000E-10 -7.3526000E-01
 1.1650000E+02  5.5820000E-04 -6.6784000E-01  9.9987000E-01 -7.4412000E-01  4.7005000E-10 -7.4407000E-01
 1.1700000E+02  5.6147000E-04 -6.5814000E-01  9.9987000E-01 -7.5272000E-01  4.6322000E-10 -7.5266000E-01
 1.1750000E+02  5.6477000E-04 -6.4844000E-01  9.9987000E-01 -7.6110000E-01  4.5639000E-10 -7.6104000E-01
 1.1800000E+02  5.6812000E-04 -6.3872000E-01  9.9987000E-01 -7.6927000E-01  4.4955000E-10 -7.6921000E-01
 1.1850000E+02  5.7151000E-04 -6.2901000E-01  9.9987000E-01 -7.7723000E-01  4.4272000E-10 -7.7717000E-01
 1.1900000E+02  5.7493000E-04 -6.1930000E-01  9.9987000E-01 -7.8499000E-01  4.3589000E-10 -7.8493000E-01
 1.1950000E+02  5.7840000E-04 -6.0961000E-01  9.9987000E-01 -7.9254000E-01  4.2906000E-10 -7.9248000E-01
 1.2000000E+02  5.8190000E-04 -5.9993000E-01  9.9987000E-01 -7.9990000E-01  4.2225000E-10 -7.9983000E-01
 1.2050000E+02  5.8543000E-04 -5.9027000E-01  9.9987000E-01 -8.0705000E-01  4.1545000E-10 -8.0699000E-01
 1.2100000E+02  5.8900000E-04 -5.8063000E-01  9.9987000E-01 -8.1401000E-01  4.0867000E-10 -8.1395000E-01
 1.2150000E+02  5.9260000E-04 -5.7102000E-01  9.9988000E-01 -8.2079000E-01  4.0190000E-10 -8.2072000E-01
 1.2200000E+02  5.9624000E-04 -5.6144000E-01  9.9988000E-01 -8.2737000E-01  3.9516000E-10 -8.2730000E-01
 1.2250000E+02  5.9990000E-04 -5.5190000E-01  9.9988000E-01 -8.3376000E-01  3.8844000E-10 -8.3370000E-01
 1.2300000E+02  6.0360000E-04 -5.4240000E-01  9.9988000E-01 -8.3998000E-01  3.8176000E-10 -8.3991000E-01
 1.2350000E+02  6.0732000E-04 -5.3294000E-01  9.9988000E-01 -8.4601000E-01  3.7510000E-10 -8.4595000E-01
 1.2400000E+02  6.1108000E-04 -5.2352000E-01  9.9988000E-01 -8.5187000E-01  3.6847000E-10 -8.5180000E-01
 1.2450000E+02  6.1486000E-04 -5.1416000E-01  9.9988000E-01 -8.5756000E-01  3.6188000E-10 -8.5749000E-01
 1.2500000E+02  6.1866000E-04 -5.0485000E-01  9.9988000E-01 -8.6307000E-01  3.5533000E-10 -8.6300000E-01
 1.2550000E+02  6.2249000E-04 -4.9559000E-01  9.9988000E-01 -8.6842000E-01  3.4881000E-10 -8.6835000E-01
 1.2600000E+02  6.2634000E-04 -4.8639000E-01  9.9988000E-01 -8.7361000E-01  3.4234000E-10 -8.7354000E-01
 1.2650000E+02  6.3021000E-04 -4.7725000E-01  9.9988000E-01 -8.7863000E-01  3.3591000E-10 -8.7856000E-01
 1.2700000E+02  6.3411000E-04 -4.6818000E-01  9.9988000E-01 -8.8350000E-01  3.2952000E-10 -8.8343000E-01
 1.2750000E+02  6.3802000E-04 -4.5917000E-01  9.9988000E-01 -8.8822000E-01  3.2318000E-10 -8.8815000E-01
 1.2800000E+02  6.4195000E-04 -4.5024000E-01  9.9989000E-01 -8.9278000E-01  3.1689000E-10 -8.9271000E-01
 1.2850000E+02  6.4590000E-04 -4.4137000E-01  9.9989000E-01 -8.9720000E-01  3.1065000E-10 -8.9713000E-01
 1.2900000E+02  6.4987000E-04 -4.3257000E-01  9.9989000E-01 -9.0147000E-01  3.0446000E-10 -9.0140000E-01
 1.2950000E+02  6.5385000E-04 -4.2385000E-01  9.9989000E-01 -9.0561000E-01  2.9832000E-10 -9.0553000E-01
 1.3000000E+02  6.5784000E-04 -4.1521000E-01  9.9989000E-01 -9.0960000E-01  2.9224000E-10 -9.0953000E-01
 1.3050000E+02  6.6185000E-04 -4.0664000E-01  9.9989000E-01 -9.1347000E-01  2.8621000E-10 -9.1339000E-01
 1.3100000E+02  6.6587000E-04 -3.9816000E-01  9.9989000E-01 -9.1720000E-01  2.8023000E-10 -9.1712000E-01
 1.3150000E+02  6.6989000E-04 -3.8975000E-01  9.9989000E-01 -9.2080000E-01  2.7432000E-10 -9.2073000E-01
 1.3200000E+02  6.7393000E-04 -3.8143000E-01  9.9989000E-01 -9.2428000E-01  2.6846000E-10 -9.2421000E-01
 1.3250000E+02  6.7797000E-04 -3.7319000E-01  9.9989000E-01 -9.2764000E-01  2.6266000E-10 -9.2756000E-01
 1.3300000E+02  6.8202000E-04 -3.6504000E-01  9.9989000E-01 -9.3088000E-01  2.5692000E-10 -9.3080000E-01
 1.3350000E+02  6.8607000E-04 -3.5697000E-01  9.9989000E-01 -9.3400000E-01  2.5125000E-10 -9.3393000E-01
 1.3400000E+02  6.9013000E-04 -3.4899000E-01  9.9989000E-01 -9.3701000E-01  2.4563000E-10 -9.3694000E-01
 1.3450000E+02  6.9419000E-04 -3.4110000E-01  9.9989000E-01 -9.3991000E-01  2.4008000E-10 -9.3984000E-01
 1.3500000E+02  6.9825000E-04 -3.3330000E-01  9.9989000E-01 -9.4271000E-01  2.3459000E-10 -9.4263000E-01
 1.3550000E+02  7.0232000E-04 -3.2559000E-01  9.9989000E-01 -9.4540000E-01  2.2916000E-10 -9.4533000E-01
 1.3600000E+02  7.0638000E-04 -3.1797000E-01  9.9990000E-01 -9.4799000E-01  2.2380000E-10 -9.4792000E-01
 1.3650000E+02  7.1043000E-04 -3.1044000E-01  9.9990000E-01 -9.5048000E-01  2.1850000E-10 -9.5041000E-01
 1.3700000E+02  7.1449000E-04 -3.0301000E-01  9.9990000E-01 -9.5288000E-01  2.1326000E-10 -9.5280000E-01
 1.3750000E+02  7.1854000E-04 -2.9566000E-01  9.9990000E-01 -9.5518000E-01  2.0810000E-10 -9.5511000E-01
 1.3800000E+02  7.2258000E-04 -2.8841000E-01  9.9990000E-01 -9.5740000E-01  2.0299000E-10 -9.5732000E-01
 1.3850000E+02  7.2662000E-04 -2.8126000E-01  9.9990000E-01 -9.5953000E-01  1.9796000E-10 -9.5945000E-01
 1.3900000E+02  7.3064000E-04 -2.7420000E-01  9.9990000E-01 -9.6157000E-01  1.9299000E-10 -9.6149000E-01
 1.3950000E+02  7.3466000E-04 -2.6723000E-01  9.9990000E-01 -9.6353000E-01  1.8808000E-10 -9.6345000E-01
 1.4000000E+02  7.3867000E-04 -2.6035000E-01  9.9990000E-01 -9.6541000E-01  1.8325000E-10 -9.6533000E-01
 1.4050000E+02  7.4266000E-04 -2.5358000E-01  9.9990000E-01 -9.6721000E-01  1.7848000E-10 -9.6714000E-01
 1.4100000E+02  7.4664000E-04 -2.4689000E-01  9.9990000E-01 -9.6894000E-01  1.7377000E-10 -9.6886000E-01
 1.4150000E+02  7.5060000E-04 -2.4031000E-01  9.9990000E-01 -9.7060000E-01  1.6914000E-10 -9.7052000E-01
 1.4200000E+02  7.5455000E-04 -2.3381000E-01  9.9990000E-01 -9.7218000E-01  1.6457000E-10 -9.7210000E-01
 1.4250000E+02  7.5849000E-04 -2.2742000E-01  9.9990000E-01 -9.7370000E-01  1.6006000E-10 -9.7362000E-01
 1.4300000E+02  7.6240000E-04 -2.2112000E-01  9.9990000E-01 -9.7515000E-01  1.5563000E-10 -9.7507000E-01
 1.4350000E+02  7.6629000E-04 -2.1491000E-01  9.9990000E-01 -9.7654000E-01  1.5126000E-10 -9.7646000E-01
 1.4400000E+02  7.7017000E-04 -2.0880000E-01  9.9990000E-01 -9.7786000E-01  1.4696000E-10 -9.7778000E-01
 1.4450000E+02  7.7402000E-04 -2.0278000E-01  9.9990000E-01 -9.7913000E-01  1.4273000E-10 -9.7905000E-01
 1.4500000E+02  7.7785000E-04 -1.9686000E-01  9.9991000E-01 -9.8033000E-01  1.3856000E-10 -9.8026000E-01
 1.4550000E+02  7.8165000E-04 -1.9104000E-01  9.9991000E-01 -9.8149000E-01  1.3446000E-10 -9.8141000E-01
 1.4600000E+02  7.8543000E-04 -1.8531000E-01  9.9991000E-01 -9.8259000E-01  1.3042000E-10 -9.8251000E-01
 1.4650000E+02  7.8919000E-04 -1.7967000E-01  9.9991000E-01 -9.8363000E-01  1.2646000E-10 -9.8355000E-01
 1.4700000E+02  7.9291000E-04 -1.7413000E-01  9.9991000E-01 -9.8463000E-01  1.2256000E-10 -9.8455000E-01
 1.4750000E+02  7.9661000E-04 -1.6868000E-01  9.9991000E-01 -9.8558000E-01  1.1872000E-10 -9.8550000E-01
 1.4800000E+02  8.0027000E-04 -1.6333000E-01  9.9991000E-01 -9.8648000E-01  1.1496000E-10 -9.8640000E-01
 1.4850000E+02  8.0391000E-04 -1.5807000E-01  9.9991000E-01 -9.8734000E-01  1.1125000E-10 -9.8726000E-01
 1.4900000E+02  8.0751000E-04 -1.5290000E-01  9.9991000E-01 -9.8815000E-01  1.0762000E-10 -9.8807000E-01
 1.4950000E+02  8.1108000E-04 -1.4783000E-01  9.9991000E-01 -9.8892000E-01  1.0404000E-10 -9.8884000E-01
 1.5000000E+02  8.1461000E-04 -1.4285000E-01  9.9991000E-01 -9.8965000E-01  1.0054000E-10 -9.8958000E-01
 1.5050000E+02  8.1811000E-04 -1.3796000E-01  9.9991000E-01 -9.9035000E-01  9.7098000E-11 -9.9027000E-01
 1.5100000E+02  8.2158000E-04 -1.3316000E-01  9.9991000E-01 -9.9100000E-01  9.3722000E-11 -9.9093000E-01
 1.5150000E+02  8.2500000E-04 -1.2845000E-01  9.9991000E-01 -9.9163000E-01  9.0410000E-11 -9.9155000E-01
 1.5200000E+02  8.2839000E-04 -1.2384000E-01  9.9991000E-01 -9.9221000E-01  8.7163000E-11 -9.9213000E-01
 1.5250000E+02  8.3174000E-04 -1.1932000E-01  9.9991000E-01 -9.9277000E-01  8.3979000E-11 -9.9269000E-01
 1.5300000E+02  8.3504000E-04 -1.1488000E-01  9.9991000E-01 -9.9329000E-01  8.0859000E-11 -9.9321000E-01
 1.5350000E+02  8.3831000E-04 -1.1054000E-01  9.9991000E-01 -9.9378000E-01  7.7803000E-11 -9.9370000E-01
 1.5400000E+02  8.4153000E-04 -1.0629000E-01  9.9991000E-01 -9.9425000E-01  7.4810000E-11 -9.9417000E-01
 1.5450000E+02  8.4471000E-04 -1.0213000E-01  9.9991000E-01 -9.9468000E-01  7.1880000E-11 -9.9460000E-01
 1.5500000E+02  8.4784000E-04 -9.8052000E-02  9.9991000E-01 -9.9509000E-01  6.9012000E-11 -9.9502000E-01
 1.5550000E+02  8.5093000E-04 -9.4067000E-02  9.9991000E-01 -9.9548000E-01  6.6207000E-11 -9.9540000E-01
 1.5600000E+02  8.5397000E-04 -9.0169000E-02  9.9991000E-01 -9.9584000E-01  6.3464000E-11 -9.9576000E-01
 1.5650000E+02  8.5697000E-04 -8.6360000E-02  9.9991000E-01 -9.9618000E-01  6.0783000E-11 -9.9610000E-01
 1.5700000E+02  8.5991000E-04 -8.2638000E-02  9.9991000E-01 -9.9649000E-01  5.8163000E-11 -9.9641000E-01
 1.5750000E+02  8.6281000E-04 -7.9002000E-02  9.9991000E-01 -9.9679000E-01  5.5604000E-11 -9.9671000E-01
 1.5800000E+02  8.6566000E-04 -7.5454000E-02  9.9991000E-01 -9.9706000E-01  5.3107000E-11 -9.9698000E-01
 1.5850000E+02  8.6845000E-04 -7.1991000E-02  9.9992000E-01 -9.9732000E-01  5.0670000E-11 -9.9724000E-01
 1.5900000E+02  8.7120000E-04 -6.8615000E-02  9.9992000E-01 -9.9756000E-01  4.8293000E-11 -9.9748000E-01
 1.5950000E+02  8.7389000E-04 -6.5324000E-02  9.9992000E-01 -9.9778000E-01  4.5977000E-11 -9.9770000E-01
 1.6000000E+02  8.7653000E-04 -6.2118000E-02  9.9992000E-01 -9.9798000E-01  4.3720000E-11 -9.9791000E-01
 1.6050000E+02  8.7911000E-04 -5.8996000E-02  9.9992000E-01 -9.9817000E-01  4.1523000E-11 -9.9810000E-01
 1.6100000E+02  8.8164000E-04 -5.5959000E-02  9.9992000E-01 -9.9835000E-01  3.9386000E-11 -9.9827000E-01
 1.6150000E+02  8.8411000E-04 -5.3006000E-02  9.9992000E-01 -9.9851000E-01  3.7307000E-11 -9.9843000E-01
 1.6200000E+02  8.8653000E-04 -5.0136000E-02  9.9992000E-01 -9.9866000E-01  3.5287000E-11 -9.9858000E-01
 1.6250000E+02  8.8889000E-04 -4.7349000E-02  9.9992000E-01 -9.9880000E-01  3.3326000E-11 -9.9872000E-01
 1.6300000E+02  8.9119000E-04 -4.4646000E-02  9.9992000E-01 -9.9892000E-01  3.1423000E-11 -9.9884000E-01
 1.6350000E+02  8.9343000E-04 -4.2024000E-02  9.9992000E-01 -9.9903000E-01  2.9578000E-11 -9.9895000E-01
 1.6400000E+02  8.9561000E-04 -3.9485000E-02  9.9992000E-01 -9.9914000E-01  2.7791000E-11 -9.9906000E-01
 1.6450000E+02  8.9773000E-04 -3.7028000E-02  9.9992000E-01 -9.9923000E-01  2.6061000E-11 -9.9915000E-01
 1.6500000E+02  8.9979000E-04 -3.4652000E-02  9.9992000E-01 -9.9932000E-01  2.4389000E-11 -9.9924000E-01
 1.6550000E+02  9.0179000E-04 -3.2357000E-02  9.9992000E-01 -9.9939000E-01  2.2774000E-11 -9.9932000E-01
 1.6600000E+02  9.0373000E-04 -3.0143000E-02  9.9992000E-01 -9.9946000E-01  2.1216000E-11 -9.9938000E-01
 1.6650000E+02  9.0561000E-04 -2.8010000E-02  9.9992000E-01 -9.9953000E-01  1.9714000E-11 -9.9945000E-01
 1.6700000E+02  9.0742000E-04 -2.5956000E-02  9.9992000E-01 -9.9958000E-01  1.8269000E-11 -9.9950000E-01
 1.6750000E+02  9.0917000E-04 -2.3983000E-02  9.9992000E-01 -9.9963000E-01  1.6880000E-11 -9.9955000E-01
 1.6800000E+02  9.1085000E-04 -2.2089000E-02  9.9992000E-01 -9.9968000E-01  1.5547000E-11 -9.9960000E-01
 1.6850000E+02  9.1247000E-04 -2.0275000E-02  9.9992000E-01 -9.9971000E-01  1.4270000E-11 -9.9963000E-01
 1.6900000E+02  9.1403000E-04 -1.8540000E-02  9.9992000E-01 -9.9975000E-01  1.3049000E-11 -9.9967000E-01
 1.6950000E+02  9.1552000E-04 -1.6884000E-02  9.9992000E-01 -9.9978000E-01  1.1883000E-11 -9.9970000E-01
 1.7000000E+02  9.1694000E-04 -1.5307000E-02  9.9992000E-01 -9.9980000E-01  1.0773000E-11 -9.9972000E-01
 1.7050000E+02  9.1829000E-04 -1.3807000E-02  9.9992000E-01 -9.9982000E-01  9.7181000E-12 -9.9975000E-01
 1.7100000E+02  9.1958000E-04 -1.2387000E-02  9.9992000E-01 -9.9984000E-01  8.7180000E-12 -9.9976000E-01
 1.7150000E+02  9.2080000E-04 -1.1044000E-02  9.9992000E-01 -9.9986000E-01  7.7729000E-12 -9.9978000E-01
 1.7200000E+02  9.2196000E-04 -9.7786000E-03  9.9992000E-01 -9.9987000E-01  6.8824000E-12 -9.9979000E-01
 1.7250000E+02  9.2304000E-04 -8.5911000E-03  9.9992000E-01 -9.9988000E-01  6.0467000E-12 -9.9980000E-01
 1.7300000E+02  9.2406000E-04 -7.4811000E-03  9.9992000E-01 -9.9989000E-01  5.2654000E-12 -9.9981000E-01
 1.7350000E+02  9.2501000E-04 -6.4483000E-03  9.9992000E-01 -9.9990000E-01  4.5385000E-12 -9.9982000E-01
 1.7400000E+02  9.2589000E-04 -5.4927000E-03  9.9992000E-01 -9.9991000E-01  3.8659000E-12 -9.9983000E-01
 1.7450000E+02  9.2670000E-04 -4.6141000E-03  9.9992000E-01 -9.9991000E-01  3.2475000E-12 -9.9983000E-01
 1.7500000E+02  9.2744000E-04 -3.8123000E-03  9.9992000E-01 -9.9991000E-01  2.6832000E-12 -9.9983000E-01
 1.7550000E+02  9.2811000E-04 -3.0872000E-03  9.9992000E-01 -9.9992000E-01  2.1729000E-12 -9.9984000E-01
 1.7600000E+02  9.2871000E-04 -2.4387000E-03  9.9992000E-01 -9.9992000E-01  1.7165000E-12 -9.9984000E-01
 1.7650000E+02  9.2924000E-04 -1.8668000E-03  9.9992000E-01 -9.9992000E-01  1.3139000E-12 -9.9984000E-01
 1.7700000E+02  9.2970000E-04 -1.3713000E-03  9.9992000E-01 -9.9992000E-01  9.6516000E-13 -9.9984000E-01
 1.7750000E+02  9.3009000E-04 -9.5216000E-04  9.9992000E-01 -9.9992000E-01  6.7016000E-13 -9.9984000E-01
 1.7800000E+02  9.3041000E-04 -6.0931000E-04  9.9992000E-01 -9.9992000E-01  4.2885000E-13 -9.9984000E-01
 1.7850000E+02  9.3065000E-04 -3.4271000E-04  9.9992000E-01 -9.9992000E-01  2.4121000E-13 -9.9984000E-01
 1.7900000E+02  9.3083000E-04 -1.5230000E-04  9.9992000E-01 -9.9992000E-01  1.0720000E-13 -9.9984000E-01
 1.7950000E+02  9.3094000E-04 -3.8074000E-05  9.9992000E-01 -9.9992000E-01  2.6798000E-14 -9.9984000E-01
 1.8000000E+02  9.3097000E-04 -3.7745000E-15  9.9992000E-01 -9.9992000E-01  2.6566000E-24 -9.9984000E-01
