length scale factor
3.1165000E-02
volume cluster radius, area mean sphere radius, circumscribing radius, cross section radius
6.2761909E-01 3.1133835E-02 3.6920208E+00 6.2761909E-01
total extinction, absorption, scattering efficiencies (unpolarized incidence)
4.7164000E-02 6.5522000E-03 4.0612000E-02
theta     11          12          22          33          34          44
0.000000 1.5232000E+00 0.0000000E+00 9.9992000E-01 9.9992000E-01 0.0000000E+00 9.9984000E-01
0.500000 1.5230000E+00 -3.7921000E-05 9.9992000E-01 9.9992000E-01 9.9921000E-08 9.9984000E-01
1.000000 1.5223000E+00 -1.5169000E-04 9.9992000E-01 9.9992000E-01 3.9974000E-07 9.9984000E-01
1.500000 1.5213000E+00 -3.4132000E-04 9.9992000E-01 9.9992000E-01 8.9963000E-07 9.9984000E-01
2.000000 1.5198000E+00 -6.0685000E-04 9.9992000E-01 9.9992000E-01 1.5999000E-06 9.9984000E-01
2.500000 1.5178000E+00 -9.4832000E-04 9.9992000E-01 9.9992000E-01 2.5008000E-06 9.9983000E-01
3.000000 1.5155000E+00 -1.3658000E-03 9.9992000E-01 9.9992000E-01 3.6031000E-06 9.9983000E-01
3.500000 1.5127000E+00 -1.8593000E-03 9.9992000E-01 9.9992000E-01 4.9072000E-06 9.9983000E-01
4.000000 1.5096000E+00 -2.4289000E-03 9.9992000E-01 9.9991000E-01 6.4139000E-06 9.9983000E-01
4.500000 1.5060000E+00 -3.0747000E-03 9.9992000E-01 9.9991000E-01 8.1240000E-06 9.9983000E-01
5.000000 1.5020000E+00 -3.7969000E-03 9.9992000E-01 9.9991000E-01 1.0039000E-05 9.9983000E-01
5.500000 1.4976000E+00 -4.5955000E-03 9.9992000E-01 9.9991000E-01 1.2159000E-05 9.9982000E-01
6.000000 1.4927000E+00 -5.4706000E-03 9.9992000E-01 9.9990000E-01 1.4485000E-05 9.9982000E-01
6.500000 1.4875000E+00 -6.4224000E-03 9.9992000E-01 9.9990000E-01 1.7020000E-05 9.9981000E-01
7.000000 1.4819000E+00 -7.4510000E-03 9.9992000E-01 9.9989000E-01 1.9764000E-05 9.9980000E-01
7.500000 1.4759000E+00 -8.5566000E-03 9.9992000E-01 9.9988000E-01 2.2719000E-05 9.9980000E-01
8.000000 1.4695000E+00 -9.7393000E-03 9.9992000E-01 9.9987000E-01 2.5887000E-05 9.9978000E-01
8.500000 1.4628000E+00 -1.0999000E-02 9.9991000E-01 9.9985000E-01 2.9269000E-05 9.9977000E-01
9.000000 1.4556000E+00 -1.2337000E-02 9.9991000E-01 9.9984000E-01 3.2867000E-05 9.9975000E-01
9.500000 1.4482000E+00 -1.3752000E-02 9.9991000E-01 9.9982000E-01 3.6683000E-05 9.9973000E-01
10.000000 1.4403000E+00 -1.5245000E-02 9.9991000E-01 9.9980000E-01 4.0720000E-05 9.9971000E-01
10.500000 1.4321000E+00 -1.6816000E-02 9.9991000E-01 9.9977000E-01 4.4979000E-05 9.9969000E-01
11.000000 1.4235000E+00 -1.8466000E-02 9.9991000E-01 9.9974000E-01 4.9463000E-05 9.9966000E-01
11.500000 1.4146000E+00 -2.0194000E-02 9.9991000E-01 9.9971000E-01 5.4174000E-05 9.9962000E-01
12.000000 1.4054000E+00 -2.2001000E-02 9.9991000E-01 9.9967000E-01 5.9116000E-05 9.9958000E-01
12.500000 1.3959000E+00 -2.3887000E-02 9.9991000E-01 9.9963000E-01 6.4290000E-05 9.9954000E-01
13.000000 1.3860000E+00 -2.5853000E-02 9.9991000E-01 9.9958000E-01 6.9700000E-05 9.9949000E-01
13.500000 1.3759000E+00 -2.7898000E-02 9.9991000E-01 9.9952000E-01 7.5348000E-05 9.9943000E-01
14.000000 1.3654000E+00 -3.0023000E-02 9.9991000E-01 9.9946000E-01 8.1237000E-05 9.9937000E-01
14.500000 1.3547000E+00 -3.2229000E-02 9.9991000E-01 9.9939000E-01 8.7372000E-05 9.9930000E-01
15.000000 1.3437000E+00 -3.4514000E-02 9.9991000E-01 9.9931000E-01 9.3754000E-05 9.9922000E-01
15.500000 1.3324000E+00 -3.6881000E-02 9.9991000E-01 9.9923000E-01 1.0039000E-04 9.9914000E-01
16.000000 1.3209000E+00 -3.9329000E-02 9.9991000E-01 9.9913000E-01 1.0728000E-04 9.9904000E-01
16.500000 1.3091000E+00 -4.1858000E-02 9.9991000E-01 9.9903000E-01 1.1442000E-04 9.9894000E-01
17.000000 1.2970000E+00 -4.4470000E-02 9.9991000E-01 9.9892000E-01 1.2184000E-04 9.9882000E-01
17.500000 1.2848000E+00 -4.7163000E-02 9.9990000E-01 9.9879000E-01 1.2951000E-04 9.9870000E-01
18.000000 1.2723000E+00 -4.9939000E-02 9.9990000E-01 9.9866000E-01 1.3746000E-04 9.9856000E-01
18.500000 1.2596000E+00 -5.2798000E-02 9.9990000E-01 9.9851000E-01 1.4568000E-04 9.9841000E-01
19.000000 1.2467000E+00 -5.5740000E-02 9.9990000E-01 9.9835000E-01 1.5418000E-04 9.9825000E-01
19.500000 1.2337000E+00 -5.8766000E-02 9.9990000E-01 9.9817000E-01 1.6297000E-04 9.9808000E-01
20.000000 1.2204000E+00 -6.1875000E-02 9.9990000E-01 9.9798000E-01 1.7204000E-04 9.9789000E-01
20.500000 1.2070000E+00 -6.5069000E-02 9.9990000E-01 9.9778000E-01 1.8141000E-04 9.9768000E-01
21.000000 1.1934000E+00 -6.8348000E-02 9.9990000E-01 9.9756000E-01 1.9107000E-04 9.9746000E-01
21.500000 1.1797000E+00 -7.1712000E-02 9.9990000E-01 9.9732000E-01 2.0103000E-04 9.9723000E-01
22.000000 1.1658000E+00 -7.5162000E-02 9.9990000E-01 9.9707000E-01 2.1131000E-04 9.9697000E-01
22.500000 1.1518000E+00 -7.8697000E-02 9.9990000E-01 9.9679000E-01 2.2189000E-04 9.9669000E-01
23.000000 1.1377000E+00 -8.2319000E-02 9.9989000E-01 9.9650000E-01 2.3280000E-04 9.9640000E-01
23.500000 1.1235000E+00 -8.6028000E-02 9.9989000E-01 9.9619000E-01 2.4402000E-04 9.9608000E-01
24.000000 1.1091000E+00 -8.9824000E-02 9.9989000E-01 9.9585000E-01 2.5558000E-04 9.9575000E-01
24.500000 1.0947000E+00 -9.3707000E-02 9.9989000E-01 9.9549000E-01 2.6747000E-04 9.9539000E-01
25.000000 1.0802000E+00 -9.7678000E-02 9.9989000E-01 9.9511000E-01 2.7970000E-04 9.9500000E-01
25.500000 1.0657000E+00 -1.0174000E-01 9.9989000E-01 9.9470000E-01 2.9228000E-04 9.9459000E-01
26.000000 1.0511000E+00 -1.0589000E-01 9.9989000E-01 9.9426000E-01 3.0521000E-04 9.9416000E-01
26.500000 1.0364000E+00 -1.1012000E-01 9.9989000E-01 9.9380000E-01 3.1850000E-04 9.9370000E-01
27.000000 1.0217000E+00 -1.1445000E-01 9.9988000E-01 9.9331000E-01 3.3216000E-04 9.9320000E-01
27.500000 1.0070000E+00 -1.1887000E-01 9.9988000E-01 9.9279000E-01 3.4618000E-04 9.9268000E-01
28.000000 9.9222000E-01 -1.2338000E-01 9.9988000E-01 9.9224000E-01 3.6058000E-04 9.9213000E-01
28.500000 9.7745000E-01 -1.2797000E-01 9.9988000E-01 9.9166000E-01 3.7537000E-04 9.9155000E-01
29.000000 9.6268000E-01 -1.3266000E-01 9.9988000E-01 9.9104000E-01 3.9055000E-04 9.9093000E-01
29.500000 9.4792000E-01 -1.3744000E-01 9.9988000E-01 9.9039000E-01 4.0612000E-04 9.9027000E-01
30.000000 9.3317000E-01 -1.4232000E-01 9.9988000E-01 9.8970000E-01 4.2210000E-04 9.8958000E-01
30.500000 9.1845000E-01 -1.4728000E-01 9.9987000E-01 9.8897000E-01 4.3849000E-04 9.8885000E-01
31.000000 9.0376000E-01 -1.5234000E-01 9.9987000E-01 9.8820000E-01 4.5530000E-04 9.8808000E-01
31.500000 8.8910000E-01 -1.5749000E-01 9.9987000E-01 9.8739000E-01 4.7254000E-04 9.8727000E-01
32.000000 8.7449000E-01 -1.6273000E-01 9.9987000E-01 9.8654000E-01 4.9021000E-04 9.8642000E-01
32.500000 8.5994000E-01 -1.6807000E-01 9.9987000E-01 9.8564000E-01 5.0832000E-04 9.8552000E-01
33.000000 8.4545000E-01 -1.7350000E-01 9.9987000E-01 9.8470000E-01 5.2687000E-04 9.8457000E-01
33.500000 8.3102000E-01 -1.7902000E-01 9.9986000E-01 9.8371000E-01 5.4588000E-04 9.8358000E-01
34.000000 8.1668000E-01 -1.8464000E-01 9.9986000E-01 9.8266000E-01 5.6535000E-04 9.8254000E-01
34.500000 8.0241000E-01 -1.9035000E-01 9.9986000E-01 9.8157000E-01 5.8529000E-04 9.8145000E-01
35.000000 7.8823000E-01 -1.9616000E-01 9.9986000E-01 9.8043000E-01 6.0571000E-04 9.8030000E-01
35.500000 7.7415000E-01 -2.0206000E-01 9.9986000E-01 9.7922000E-01 6.2661000E-04 9.7909000E-01
36.000000 7.6017000E-01 -2.0806000E-01 9.9985000E-01 9.7796000E-01 6.4801000E-04 9.7783000E-01
36.500000 7.4630000E-01 -2.1415000E-01 9.9985000E-01 9.7665000E-01 6.6990000E-04 9.7651000E-01
37.000000 7.3254000E-01 -2.2034000E-01 9.9985000E-01 9.7527000E-01 6.9230000E-04 9.7513000E-01
37.500000 7.1889000E-01 -2.2662000E-01 9.9985000E-01 9.7382000E-01 7.1521000E-04 9.7369000E-01
38.000000 7.0537000E-01 -2.3300000E-01 9.9984000E-01 9.7231000E-01 7.3864000E-04 9.7218000E-01
38.500000 6.9198000E-01 -2.3947000E-01 9.9984000E-01 9.7074000E-01 7.6261000E-04 9.7060000E-01
39.000000 6.7872000E-01 -2.4604000E-01 9.9984000E-01 9.6909000E-01 7.8711000E-04 9.6895000E-01
39.500000 6.6560000E-01 -2.5271000E-01 9.9984000E-01 9.6737000E-01 8.1215000E-04 9.6723000E-01
40.000000 6.5261000E-01 -2.5947000E-01 9.9983000E-01 9.6558000E-01 8.3774000E-04 9.6543000E-01
40.500000 6.3977000E-01 -2.6632000E-01 9.9983000E-01 9.6371000E-01 8.6389000E-04 9.6356000E-01
41.000000 6.2708000E-01 -2.7327000E-01 9.9983000E-01 9.6176000E-01 8.9060000E-04 9.6161000E-01
41.500000 6.1454000E-01 -2.8031000E-01 9.9983000E-01 9.5972000E-01 9.1788000E-04 9.5958000E-01
42.000000 6.0216000E-01 -2.8745000E-01 9.9982000E-01 9.5761000E-01 9.4574000E-04 9.5746000E-01
42.500000 5.8993000E-01 -2.9468000E-01 9.9982000E-01 9.5540000E-01 9.7419000E-04 9.5525000E-01
43.000000 5.7786000E-01 -3.0201000E-01 9.9982000E-01 9.5311000E-01 1.0032000E-03 9.5296000E-01
43.500000 5.6596000E-01 -3.0942000E-01 9.9981000E-01 9.5072000E-01 1.0328000E-03 9.5057000E-01
44.000000 5.5422000E-01 -3.1693000E-01 9.9981000E-01 9.4824000E-01 1.0631000E-03 9.4809000E-01
44.500000 5.4265000E-01 -3.2454000E-01 9.9981000E-01 9.4567000E-01 1.0939000E-03 9.4550000E-01
45.000000 5.3125000E-01 -3.3223000E-01 9.9980000E-01 9.4299000E-01 1.1254000E-03 9.4282000E-01
45.500000 5.2001000E-01 -3.4001000E-01 9.9980000E-01 9.4020000E-01 1.1574000E-03 9.4004000E-01
46.000000 5.0896000E-01 -3.4789000E-01 9.9980000E-01 9.3732000E-01 1.1901000E-03 9.3715000E-01
46.500000 4.9807000E-01 -3.5585000E-01 9.9979000E-01 9.3432000E-01 1.2234000E-03 9.3415000E-01
47.000000 4.8736000E-01 -3.6390000E-01 9.9979000E-01 9.3121000E-01 1.2573000E-03 9.3104000E-01
47.500000 4.7682000E-01 -3.7203000E-01 9.9979000E-01 9.2798000E-01 1.2919000E-03 9.2781000E-01
48.000000 4.6646000E-01 -3.8025000E-01 9.9978000E-01 9.2464000E-01 1.3271000E-03 9.2447000E-01
48.500000 4.5628000E-01 -3.8856000E-01 9.9978000E-01 9.2118000E-01 1.3629000E-03 9.2100000E-01
49.000000 4.4628000E-01 -3.9695000E-01 9.9977000E-01 9.1759000E-01 1.3994000E-03 9.1741000E-01
49.500000 4.3645000E-01 -4.0542000E-01 9.9977000E-01 9.1387000E-01 1.4364000E-03 9.1369000E-01
50.000000 4.2680000E-01 -4.1397000E-01 9.9977000E-01 9.1003000E-01 1.4742000E-03 9.0984000E-01
50.500000 4.1733000E-01 -4.2260000E-01 9.9976000E-01 9.0605000E-01 1.5125000E-03 9.0586000E-01
51.000000 4.0803000E-01 -4.3130000E-01 9.9976000E-01 9.0193000E-01 1.5516000E-03 9.0174000E-01
51.500000 3.9891000E-01 -4.4008000E-01 9.9975000E-01 8.9767000E-01 1.5912000E-03 8.9748000E-01
52.000000 3.8997000E-01 -4.4894000E-01 9.9975000E-01 8.9327000E-01 1.6315000E-03 8.9308000E-01
52.500000 3.8120000E-01 -4.5786000E-01 9.9974000E-01 8.8873000E-01 1.6723000E-03 8.8853000E-01
53.000000 3.7260000E-01 -4.6686000E-01 9.9974000E-01 8.8403000E-01 1.7139000E-03 8.8383000E-01
53.500000 3.6418000E-01 -4.7592000E-01 9.9973000E-01 8.7918000E-01 1.7560000E-03 8.7898000E-01
54.000000 3.5593000E-01 -4.8504000E-01 9.9973000E-01 8.7417000E-01 1.7987000E-03 8.7397000E-01
54.500000 3.4786000E-01 -4.9423000E-01 9.9972000E-01 8.6901000E-01 1.8421000E-03 8.6880000E-01
55.000000 3.3995000E-01 -5.0347000E-01 9.9972000E-01 8.6368000E-01 1.8860000E-03 8.6347000E-01
55.500000 3.3221000E-01 -5.1277000E-01 9.9971000E-01 8.5818000E-01 1.9305000E-03 8.5797000E-01
56.000000 3.2464000E-01 -5.2212000E-01 9.9971000E-01 8.5252000E-01 1.9756000E-03 8.5230000E-01
56.500000 3.1724000E-01 -5.3153000E-01 9.9970000E-01 8.4668000E-01 2.0213000E-03 8.4646000E-01
57.000000 3.0999000E-01 -5.4098000E-01 9.9970000E-01 8.4067000E-01 2.0675000E-03 8.4045000E-01
57.500000 3.0291000E-01 -5.5047000E-01 9.9969000E-01 8.3447000E-01 2.1143000E-03 8.3425000E-01
58.000000 2.9600000E-01 -5.6001000E-01 9.9969000E-01 8.2810000E-01 2.1615000E-03 8.2787000E-01
58.500000 2.8923000E-01 -5.6958000E-01 9.9968000E-01 8.2154000E-01 2.2093000E-03 8.2131000E-01
59.000000 2.8263000E-01 -5.7918000E-01 9.9968000E-01 8.1479000E-01 2.2576000E-03 8.1456000E-01
59.500000 2.7618000E-01 -5.8881000E-01 9.9967000E-01 8.0785000E-01 2.3063000E-03 8.0762000E-01
60.000000 2.6988000E-01 -5.9847000E-01 9.9966000E-01 8.0071000E-01 2.3555000E-03 8.0048000E-01
60.500000 2.6374000E-01 -6.0814000E-01 9.9966000E-01 7.9338000E-01 2.4051000E-03 7.9314000E-01
61.000000 2.5774000E-01 -6.1783000E-01 9.9965000E-01 7.8585000E-01 2.4552000E-03 7.8561000E-01
61.500000 2.5189000E-01 -6.2753000E-01 9.9965000E-01 7.7812000E-01 2.5056000E-03 7.7787000E-01
62.000000 2.4618000E-01 -6.3724000E-01 9.9964000E-01 7.7018000E-01 2.5563000E-03 7.6993000E-01
62.500000 2.4061000E-01 -6.4695000E-01 9.9963000E-01 7.6203000E-01 2.6074000E-03 7.6178000E-01
63.000000 2.3518000E-01 -6.5666000E-01 9.9963000E-01 7.5367000E-01 2.6588000E-03 7.5342000E-01
63.500000 2.2989000E-01 -6.6636000E-01 9.9962000E-01 7.4510000E-01 2.7105000E-03 7.4485000E-01
64.000000 2.2474000E-01 -6.7604000E-01 9.9961000E-01 7.3632000E-01 2.7624000E-03 7.3606000E-01
64.500000 2.1971000E-01 -6.8570000E-01 9.9961000E-01 7.2732000E-01 2.8145000E-03 7.2706000E-01
65.000000 2.1482000E-01 -6.9534000E-01 9.9960000E-01 7.1810000E-01 2.8667000E-03 7.1784000E-01
65.500000 2.1006000E-01 -7.0495000E-01 9.9959000E-01 7.0866000E-01 2.9192000E-03 7.0840000E-01
66.000000 2.0541000E-01 -7.1452000E-01 9.9958000E-01 6.9900000E-01 2.9717000E-03 6.9873000E-01
66.500000 2.0090000E-01 -7.2404000E-01 9.9958000E-01 6.8912000E-01 3.0242000E-03 6.8885000E-01
67.000000 1.9650000E-01 -7.3352000E-01 9.9957000E-01 6.7901000E-01 3.0768000E-03 6.7874000E-01
67.500000 1.9222000E-01 -7.4294000E-01 9.9956000E-01 6.6867000E-01 3.1294000E-03 6.6840000E-01
68.000000 1.8806000E-01 -7.5230000E-01 9.9956000E-01 6.5811000E-01 3.1819000E-03 6.5784000E-01
68.500000 1.8401000E-01 -7.6159000E-01 9.9955000E-01 6.4733000E-01 3.2343000E-03 6.4705000E-01
69.000000 1.8007000E-01 -7.7081000E-01 9.9954000E-01 6.3631000E-01 3.2865000E-03 6.3604000E-01
69.500000 1.7624000E-01 -7.7994000E-01 9.9953000E-01 6.2507000E-01 3.3385000E-03 6.2479000E-01
70.000000 1.7252000E-01 -7.8898000E-01 9.9952000E-01 6.1361000E-01 3.3903000E-03 6.1332000E-01
70.500000 1.6890000E-01 -7.9793000E-01 9.9952000E-01 6.0191000E-01 3.4418000E-03 6.0163000E-01
71.000000 1.6538000E-01 -8.0677000E-01 9.9951000E-01 5.8999000E-01 3.4930000E-03 5.8970000E-01
71.500000 1.6196000E-01 -8.1551000E-01 9.9950000E-01 5.7784000E-01 3.5437000E-03 5.7756000E-01
72.000000 1.5864000E-01 -8.2413000E-01 9.9949000E-01 5.6547000E-01 3.5941000E-03 5.6518000E-01
72.500000 1.5542000E-01 -8.3262000E-01 9.9948000E-01 5.5287000E-01 3.6439000E-03 5.5259000E-01
73.000000 1.5228000E-01 -8.4098000E-01 9.9948000E-01 5.4006000E-01 3.6931000E-03 5.3977000E-01
73.500000 1.4924000E-01 -8.4920000E-01 9.9947000E-01 5.2702000E-01 3.7418000E-03 5.2673000E-01
74.000000 1.4629000E-01 -8.5727000E-01 9.9946000E-01 5.1376000E-01 3.7898000E-03 5.1347000E-01
74.500000 1.4342000E-01 -8.6519000E-01 9.9945000E-01 5.0029000E-01 3.8371000E-03 5.0000000E-01
75.000000 1.4064000E-01 -8.7295000E-01 9.9944000E-01 4.8661000E-01 3.8837000E-03 4.8632000E-01
75.500000 1.3794000E-01 -8.8054000E-01 9.9944000E-01 4.7272000E-01 3.9294000E-03 4.7242000E-01
76.000000 1.3532000E-01 -8.8796000E-01 9.9943000E-01 4.5862000E-01 3.9743000E-03 4.5832000E-01
76.500000 1.3278000E-01 -8.9519000E-01 9.9942000E-01 4.4431000E-01 4.0182000E-03 4.4402000E-01
77.000000 1.3032000E-01 -9.0223000E-01 9.9941000E-01 4.2981000E-01 4.0612000E-03 4.2952000E-01
77.500000 1.2793000E-01 -9.0908000E-01 9.9940000E-01 4.1512000E-01 4.1031000E-03 4.1482000E-01
78.000000 1.2561000E-01 -9.1572000E-01 9.9939000E-01 4.0023000E-01 4.1440000E-03 3.9994000E-01
78.500000 1.2337000E-01 -9.2215000E-01 9.9939000E-01 3.8516000E-01 4.1838000E-03 3.8487000E-01
79.000000 1.2119000E-01 -9.2836000E-01 9.9938000E-01 3.6991000E-01 4.2223000E-03 3.6961000E-01
79.500000 1.1908000E-01 -9.3435000E-01 9.9937000E-01 3.5448000E-01 4.2597000E-03 3.5419000E-01
80.000000 1.1704000E-01 -9.4011000E-01 9.9936000E-01 3.3888000E-01 4.2958000E-03 3.3859000E-01
80.500000 1.1506000E-01 -9.4564000E-01 9.9935000E-01 3.2312000E-01 4.3305000E-03 3.2283000E-01
81.000000 1.1314000E-01 -9.5092000E-01 9.9935000E-01 3.0721000E-01 4.3639000E-03 3.0692000E-01
81.500000 1.1128000E-01 -9.5595000E-01 9.9934000E-01 2.9114000E-01 4.3959000E-03 2.9085000E-01
82.000000 1.0948000E-01 -9.6073000E-01 9.9933000E-01 2.7493000E-01 4.4265000E-03 2.7464000E-01
82.500000 1.0774000E-01 -9.6525000E-01 9.9932000E-01 2.5858000E-01 4.4555000E-03 2.5830000E-01
83.000000 1.0605000E-01 -9.6950000E-01 9.9931000E-01 2.4210000E-01 4.4830000E-03 2.4182000E-01
83.500000 1.0442000E-01 -9.7349000E-01 9.9931000E-01 2.2550000E-01 4.5090000E-03 2.2522000E-01
84.000000 1.0284000E-01 -9.7720000E-01 9.9930000E-01 2.0879000E-01 4.5334000E-03 2.0851000E-01
84.500000 1.0132000E-01 -9.8064000E-01 9.9929000E-01 1.9197000E-01 4.5561000E-03 1.9169000E-01
85.000000 9.9838000E-02 -9.8379000E-01 9.9928000E-01 1.7505000E-01 4.5772000E-03 1.7477000E-01
85.500000 9.8409000E-02 -9.8666000E-01 9.9927000E-01 1.5804000E-01 4.5966000E-03 1.5777000E-01
86.000000 9.7027000E-02 -9.8923000E-01 9.9927000E-01 1.4095000E-01 4.6143000E-03 1.4068000E-01
86.500000 9.5691000E-02 -9.9152000E-01 9.9926000E-01 1.2378000E-01 4.6303000E-03 1.2352000E-01
87.000000 9.4400000E-02 -9.9351000E-01 9.9925000E-01 1.0656000E-01 4.6445000E-03 1.0630000E-01
87.500000 9.3153000E-02 -9.9521000E-01 9.9925000E-01 8.9273000E-02 4.6569000E-03 8.9016000E-02
88.000000 9.1947000E-02 -9.9660000E-01 9.9924000E-01 7.1943000E-02 4.6676000E-03 7.1690000E-02
88.500000 9.0783000E-02 -9.9769000E-01 9.9923000E-01 5.4576000E-02 4.6765000E-03 5.4327000E-02
89.000000 8.9659000E-02 -9.9849000E-01 9.9922000E-01 3.7181000E-02 4.6836000E-03 3.6936000E-02
89.500000 8.8573000E-02 -9.9898000E-01 9.9922000E-01 1.9767000E-02 4.6889000E-03 1.9527000E-02
90.000000 8.7526000E-02 -9.9916000E-01 9.9921000E-01 2.3428000E-03 4.6923000E-03 2.1078000E-03
90.500000 8.6515000E-02 -9.9904000E-01 9.9921000E-01 -1.5081000E-02 4.6940000E-03 -1.5312000E-02
91.000000 8.5540000E-02 -9.9862000E-01 9.9920000E-01 -3.2497000E-02 4.6938000E-03 -3.2722000E-02
91.500000 8.4599000E-02 -9.9790000E-01 9.9919000E-01 -4.9894000E-02 4.6919000E-03 -5.0114000E-02
92.000000 8.3692000E-02 -9.9687000E-01 9.9919000E-01 -6.7265000E-02 4.6882000E-03 -6.7479000E-02
92.500000 8.2818000E-02 -9.9554000E-01 9.9918000E-01 -8.4598000E-02 4.6826000E-03 -8.4807000E-02
93.000000 8.1975000E-02 -9.9392000E-01 9.9917000E-01 -1.0189000E-01 4.6753000E-03 -1.0209000E-01
93.500000 8.1164000E-02 -9.9199000E-01 9.9917000E-01 -1.1912000E-01 4.6663000E-03 -1.1932000E-01
94.000000 8.0382000E-02 -9.8977000E-01 9.9916000E-01 -1.3629000E-01 4.6555000E-03 -1.3648000E-01
94.500000 7.9630000E-02 -9.8726000E-01 9.9916000E-01 -1.5339000E-01 4.6430000E-03 -1.5357000E-01
95.000000 7.8906000E-02 -9.8446000E-01 9.9915000E-01 -1.7041000E-01 4.6288000E-03 -1.7059000E-01
95.500000 7.8210000E-02 -9.8138000E-01 9.9915000E-01 -1.8734000E-01 4.6130000E-03 -1.8751000E-01
96.000000 7.7540000E-02 -9.7801000E-01 9.9914000E-01 -2.0417000E-01 4.5955000E-03 -2.0433000E-01
96.500000 7.6896000E-02 -9.7436000E-01 9.9914000E-01 -2.2090000E-01 4.5763000E-03 -2.2105000E-01
97.000000 7.6278000E-02 -9.7044000E-01 9.9913000E-01 -2.3751000E-01 4.5556000E-03 -2.3766000E-01
97.500000 7.5684000E-02 -9.6625000E-01 9.9913000E-01 -2.5400000E-01 4.5334000E-03 -2.5414000E-01
98.000000 7.5114000E-02 -9.6180000E-01 9.9913000E-01 -2.7037000E-01 4.5096000E-03 -2.7050000E-01
98.500000 7.4567000E-02 -9.5708000E-01 9.9912000E-01 -2.8659000E-01 4.4844000E-03 -2.8672000E-01
99.000000 7.4043000E-02 -9.5211000E-01 9.9912000E-01 -3.0268000E-01 4.4577000E-03 -3.0280000E-01
99.500000 7.3541000E-02 -9.4690000E-01 9.9911000E-01 -3.1861000E-01 4.4297000E-03 -3.1872000E-01
100.000000 7.3059000E-02 -9.4144000E-01 9.9911000E-01 -3.3439000E-01 4.4002000E-03 -3.3450000E-01
100.500000 7.2599000E-02 -9.3574000E-01 9.9911000E-01 -3.5001000E-01 4.3695000E-03 -3.5011000E-01
101.000000 7.2158000E-02 -9.2981000E-01 9.9910000E-01 -3.6546000E-01 4.3374000E-03 -3.6555000E-01
101.500000 7.1737000E-02 -9.2366000E-01 9.9910000E-01 -3.8074000E-01 4.3042000E-03 -3.8081000E-01
102.000000 7.1335000E-02 -9.1729000E-01 9.9910000E-01 -3.9583000E-01 4.2697000E-03 -3.9590000E-01
102.500000 7.0951000E-02 -9.1070000E-01 9.9910000E-01 -4.1075000E-01 4.2341000E-03 -4.1081000E-01
103.000000 7.0585000E-02 -9.0391000E-01 9.9909000E-01 -4.2547000E-01 4.1974000E-03 -4.2552000E-01
103.500000 7.0236000E-02 -8.9693000E-01 9.9909000E-01 -4.4000000E-01 4.1597000E-03 -4.4004000E-01
104.000000 6.9904000E-02 -8.8975000E-01 9.9909000E-01 -4.5433000E-01 4.1209000E-03 -4.5436000E-01
104.500000 6.9588000E-02 -8.8239000E-01 9.9909000E-01 -4.6846000E-01 4.0812000E-03 -4.6849000E-01
105.000000 6.9288000E-02 -8.7486000E-01 9.9908000E-01 -4.8239000E-01 4.0405000E-03 -4.8240000E-01
105.500000 6.9004000E-02 -8.6715000E-01 9.9908000E-01 -4.9610000E-01 3.9991000E-03 -4.9611000E-01
106.000000 6.8734000E-02 -8.5928000E-01 9.9908000E-01 -5.0961000E-01 3.9567000E-03 -5.0961000E-01
106.500000 6.8479000E-02 -8.5126000E-01 9.9908000E-01 -5.2290000E-01 3.9136000E-03 -5.2289000E-01
107.000000 6.8238000E-02 -8.4308000E-01 9.9908000E-01 -5.3598000E-01 3.8698000E-03 -5.3595000E-01
107.500000 6.8010000E-02 -8.3477000E-01 9.9907000E-01 -5.4883000E-01 3.8253000E-03 -5.4880000E-01
108.000000 6.7796000E-02 -8.2632000E-01 9.9907000E-01 -5.6147000E-01 3.7802000E-03 -5.6142000E-01
108.500000 6.7594000E-02 -8.1775000E-01 9.9907000E-01 -5.7388000E-01 3.7345000E-03 -5.7383000E-01
109.000000 6.7405000E-02 -8.0906000E-01 9.9907000E-01 -5.8607000E-01 3.6882000E-03 -5.8601000E-01
109.500000 6.7228000E-02 -8.0026000E-01 9.9907000E-01 -5.9803000E-01 3.6414000E-03 -5.9796000E-01
110.000000 6.7063000E-02 -7.9135000E-01 9.9907000E-01 -6.0977000E-01 3.5942000E-03 -6.0969000E-01
110.500000 6.6909000E-02 -7.8234000E-01 9.9907000E-01 -6.2128000E-01 3.5466000E-03 -6.2119000E-01
111.000000 6.6766000E-02 -7.7324000E-01 9.9907000E-01 -6.3257000E-01 3.4986000E-03 -6.3247000E-01
111.500000 6.6634000E-02 -7.6406000E-01 9.9907000E-01 -6.4363000E-01 3.4502000E-03 -6.4352000E-01
112.000000 6.6512000E-02 -7.5481000E-01 9.9907000E-01 -6.5446000E-01 3.4016000E-03 -6.5434000E-01
112.500000 6.6400000E-02 -7.4548000E-01 9.9907000E-01 -6.6507000E-01 3.3527000E-03 -6.6494000E-01
113.000000 6.6297000E-02 -7.3608000E-01 9.9907000E-01 -6.7545000E-01 3.3036000E-03 -6.7531000E-01
113.500000 6.6204000E-02 -7.2663000E-01 9.9907000E-01 -6.8561000E-01 3.2543000E-03 -6.8546000E-01
114.000000 6.6121000E-02 -7.1713000E-01 9.9907000E-01 -6.9554000E-01 3.2049000E-03 -6.9538000E-01
114.500000 6.6046000E-02 -7.0758000E-01 9.9907000E-01 -7.0525000E-01 3.1553000E-03 -7.0508000E-01
115.000000 6.5979000E-02 -6.9800000E-01 9.9907000E-01 -7.1474000E-01 3.1057000E-03 -7.1456000E-01
115.500000 6.5921000E-02 -6.8838000E-01 9.9907000E-01 -7.2401000E-01 3.0561000E-03 -7.2382000E-01
116.000000 6.5871000E-02 -6.7873000E-01 9.9907000E-01 -7.3306000E-01 3.0065000E-03 -7.3287000E-01
116.500000 6.5828000E-02 -6.6906000E-01 9.9907000E-01 -7.4190000E-01 2.9569000E-03 -7.4169000E-01
117.000000 6.5793000E-02 -6.5938000E-01 9.9907000E-01 -7.5052000E-01 2.9073000E-03 -7.5031000E-01
117.500000 6.5765000E-02 -6.4969000E-01 9.9907000E-01 -7.5893000E-01 2.8579000E-03 -7.5871000E-01
118.000000 6.5744000E-02 -6.3998000E-01 9.9907000E-01 -7.6713000E-01 2.8085000E-03 -7.6690000E-01
118.500000 6.5730000E-02 -6.3028000E-01 9.9907000E-01 -7.7512000E-01 2.7593000E-03 -7.7488000E-01
119.000000 6.5722000E-02 -6.2059000E-01 9.9907000E-01 -7.8291000E-01 2.7103000E-03 -7.8265000E-01
119.500000 6.5721000E-02 -6.1090000E-01 9.9907000E-01 -7.9049000E-01 2.6614000E-03 -7.9023000E-01
120.000000 6.5725000E-02 -6.0123000E-01 9.9907000E-01 -7.9788000E-01 2.6128000E-03 -7.9760000E-01
120.500000 6.5735000E-02 -5.9157000E-01 9.9907000E-01 -8.0506000E-01 2.5644000E-03 -8.0478000E-01
121.000000 6.5751000E-02 -5.8194000E-01 9.9907000E-01 -8.1205000E-01 2.5163000E-03 -8.1176000E-01
121.500000 6.5773000E-02 -5.7233000E-01 9.9907000E-01 -8.1886000E-01 2.4685000E-03 -8.1856000E-01
122.000000 6.5800000E-02 -5.6276000E-01 9.9907000E-01 -8.2547000E-01 2.4210000E-03 -8.2516000E-01
122.500000 6.5831000E-02 -5.5322000E-01 9.9907000E-01 -8.3189000E-01 2.3738000E-03 -8.3157000E-01
123.000000 6.5868000E-02 -5.4371000E-01 9.9908000E-01 -8.3814000E-01 2.3269000E-03 -8.3781000E-01
123.500000 6.5909000E-02 -5.3425000E-01 9.9908000E-01 -8.4420000E-01 2.2804000E-03 -8.4386000E-01
124.000000 6.5954000E-02 -5.2484000E-01 9.9908000E-01 -8.5009000E-01 2.2342000E-03 -8.4974000E-01
124.500000 6.6004000E-02 -5.1547000E-01 9.9908000E-01 -8.5580000E-01 2.1885000E-03 -8.5545000E-01
125.000000 6.6058000E-02 -5.0615000E-01 9.9908000E-01 -8.6135000E-01 2.1432000E-03 -8.6098000E-01
125.500000 6.6116000E-02 -4.9689000E-01 9.9908000E-01 -8.6672000E-01 2.0982000E-03 -8.6635000E-01
126.000000 6.6178000E-02 -4.8769000E-01 9.9908000E-01 -8.7194000E-01 2.0537000E-03 -8.7156000E-01
126.500000 6.6243000E-02 -4.7855000E-01 9.9908000E-01 -8.7699000E-01 2.0097000E-03 -8.7660000E-01
127.000000 6.6312000E-02 -4.6946000E-01 9.9908000E-01 -8.8189000E-01 1.9661000E-03 -8.8149000E-01
127.500000 6.6384000E-02 -4.6045000E-01 9.9908000E-01 -8.8663000E-01 1.9230000E-03 -8.8622000E-01
128.000000 6.6459000E-02 -4.5150000E-01 9.9909000E-01 -8.9122000E-01 1.8803000E-03 -8.9081000E-01
128.500000 6.6537000E-02 -4.4262000E-01 9.9909000E-01 -8.9567000E-01 1.8381000E-03 -8.9524000E-01
129.000000 6.6618000E-02 -4.3382000E-01 9.9909000E-01 -8.9997000E-01 1.7964000E-03 -8.9953000E-01
129.500000 6.6702000E-02 -4.2509000E-01 9.9909000E-01 -9.0412000E-01 1.7552000E-03 -9.0369000E-01
130.000000 6.6788000E-02 -4.1643000E-01 9.9909000E-01 -9.0815000E-01 1.7146000E-03 -9.0770000E-01
130.500000 6.6877000E-02 -4.0785000E-01 9.9909000E-01 -9.1203000E-01 1.6744000E-03 -9.1158000E-01
131.000000 6.6968000E-02 -3.9935000E-01 9.9909000E-01 -9.1579000E-01 1.6347000E-03 -9.1533000E-01
131.500000 6.7062000E-02 -3.9093000E-01 9.9909000E-01 -9.1942000E-01 1.5956000E-03 -9.1894000E-01
132.000000 6.7157000E-02 -3.8259000E-01 9.9909000E-01 -9.2292000E-01 1.5570000E-03 -9.2244000E-01
132.500000 6.7254000E-02 -3.7434000E-01 9.9910000E-01 -9.2630000E-01 1.5189000E-03 -9.2581000E-01
133.000000 6.7354000E-02 -3.6617000E-01 9.9910000E-01 -9.2956000E-01 1.4814000E-03 -9.2907000E-01
133.500000 6.7454000E-02 -3.5809000E-01 9.9910000E-01 -9.3270000E-01 1.4444000E-03 -9.3220000E-01
134.000000 6.7557000E-02 -3.5009000E-01 9.9910000E-01 -9.3574000E-01 1.4079000E-03 -9.3523000E-01
134.500000 6.7661000E-02 -3.4219000E-01 9.9910000E-01 -9.3866000E-01 1.3720000E-03 -9.3814000E-01
135.000000 6.7766000E-02 -3.3437000E-01 9.9910000E-01 -9.4147000E-01 1.3367000E-03 -9.4095000E-01
135.500000 6.7873000E-02 -3.2664000E-01 9.9910000E-01 -9.4418000E-01 1.3018000E-03 -9.4365000E-01
136.000000 6.7981000E-02 -3.1900000E-01 9.9910000E-01 -9.4679000E-01 1.2676000E-03 -9.4626000E-01
136.500000 6.8090000E-02 -3.1146000E-01 9.9910000E-01 -9.4930000E-01 1.2338000E-03 -9.4876000E-01
137.000000 6.8200000E-02 -3.0400000E-01 9.9911000E-01 -9.5172000E-01 1.2006000E-03 -9.5117000E-01
137.500000 6.8310000E-02 -2.9664000E-01 9.9911000E-01 -9.5404000E-01 1.1680000E-03 -9.5348000E-01
138.000000 6.8422000E-02 -2.8937000E-01 9.9911000E-01 -9.5627000E-01 1.1359000E-03 -9.5571000E-01
138.500000 6.8534000E-02 -2.8220000E-01 9.9911000E-01 -9.5842000E-01 1.1043000E-03 -9.5784000E-01
139.000000 6.8647000E-02 -2.7512000E-01 9.9911000E-01 -9.6047000E-01 1.0733000E-03 -9.5989000E-01
139.500000 6.8761000E-02 -2.6813000E-01 9.9911000E-01 -9.6245000E-01 1.0429000E-03 -9.6186000E-01
140.000000 6.8874000E-02 -2.6124000E-01 9.9911000E-01 -9.6434000E-01 1.0129000E-03 -9.6375000E-01
140.500000 6.8989000E-02 -2.5444000E-01 9.9911000E-01 -9.6616000E-01 9.8354000E-04 -9.6556000E-01
141.000000 6.9103000E-02 -2.4774000E-01 9.9911000E-01 -9.6790000E-01 9.5468000E-04 -9.6730000E-01
141.500000 6.9218000E-02 -2.4113000E-01 9.9911000E-01 -9.6957000E-01 9.2635000E-04 -9.6896000E-01
142.000000 6.9333000E-02 -2.3462000E-01 9.9912000E-01 -9.7117000E-01 8.9856000E-04 -9.7055000E-01
142.500000 6.9448000E-02 -2.2821000E-01 9.9912000E-01 -9.7270000E-01 8.7129000E-04 -9.7207000E-01
143.000000 6.9563000E-02 -2.2188000E-01 9.9912000E-01 -9.7416000E-01 8.4455000E-04 -9.7353000E-01
143.500000 6.9677000E-02 -2.1566000E-01 9.9912000E-01 -9.7556000E-01 8.1832000E-04 -9.7492000E-01
144.000000 6.9792000E-02 -2.0953000E-01 9.9912000E-01 -9.7689000E-01 7.9261000E-04 -9.7625000E-01
144.500000 6.9906000E-02 -2.0349000E-01 9.9912000E-01 -9.7817000E-01 7.6742000E-04 -9.7752000E-01
145.000000 7.0020000E-02 -1.9755000E-01 9.9912000E-01 -9.7939000E-01 7.4273000E-04 -9.7873000E-01
145.500000 7.0134000E-02 -1.9171000E-01 9.9912000E-01 -9.8055000E-01 7.1855000E-04 -9.7989000E-01
146.000000 7.0248000E-02 -1.8596000E-01 9.9912000E-01 -9.8166000E-01 6.9486000E-04 -9.8099000E-01
146.500000 7.0360000E-02 -1.8031000E-01 9.9912000E-01 -9.8271000E-01 6.7168000E-04 -9.8204000E-01
147.000000 7.0473000E-02 -1.7475000E-01 9.9912000E-01 -9.8372000E-01 6.4898000E-04 -9.8304000E-01
147.500000 7.0585000E-02 -1.6928000E-01 9.9912000E-01 -9.8467000E-01 6.2677000E-04 -9.8399000E-01
148.000000 7.0696000E-02 -1.6391000E-01 9.9913000E-01 -9.8558000E-01 6.0505000E-04 -9.8490000E-01
148.500000 7.0806000E-02 -1.5863000E-01 9.9913000E-01 -9.8645000E-01 5.8380000E-04 -9.8576000E-01
149.000000 7.0916000E-02 -1.5344000E-01 9.9913000E-01 -9.8727000E-01 5.6302000E-04 -9.8657000E-01
149.500000 7.1024000E-02 -1.4835000E-01 9.9913000E-01 -9.8805000E-01 5.4271000E-04 -9.8735000E-01
150.000000 7.1132000E-02 -1.4335000E-01 9.9913000E-01 -9.8879000E-01 5.2287000E-04 -9.8808000E-01
150.500000 7.1239000E-02 -1.3845000E-01 9.9913000E-01 -9.8949000E-01 5.0348000E-04 -9.8877000E-01
151.000000 7.1345000E-02 -1.3363000E-01 9.9913000E-01 -9.9015000E-01 4.8454000E-04 -9.8943000E-01
151.500000 7.1451000E-02 -1.2891000E-01 9.9913000E-01 -9.9078000E-01 4.6606000E-04 -9.9005000E-01
152.000000 7.1555000E-02 -1.2428000E-01 9.9913000E-01 -9.9137000E-01 4.4801000E-04 -9.9064000E-01
152.500000 7.1657000E-02 -1.1974000E-01 9.9913000E-01 -9.9193000E-01 4.3040000E-04 -9.9120000E-01
153.000000 7.1759000E-02 -1.1530000E-01 9.9913000E-01 -9.9245000E-01 4.1323000E-04 -9.9172000E-01
153.500000 7.1860000E-02 -1.1094000E-01 9.9913000E-01 -9.9295000E-01 3.9648000E-04 -9.9221000E-01
154.000000 7.1959000E-02 -1.0667000E-01 9.9913000E-01 -9.9342000E-01 3.8016000E-04 -9.9268000E-01
154.500000 7.2057000E-02 -1.0249000E-01 9.9913000E-01 -9.9386000E-01 3.6425000E-04 -9.9311000E-01
155.000000 7.2154000E-02 -9.8403000E-02 9.9913000E-01 -9.9427000E-01 3.4875000E-04 -9.9352000E-01
155.500000 7.2249000E-02 -9.4403000E-02 9.9913000E-01 -9.9466000E-01 3.3366000E-04 -9.9391000E-01
156.000000 7.2343000E-02 -9.0491000E-02 9.9913000E-01 -9.9503000E-01 3.1897000E-04 -9.9427000E-01
156.500000 7.2436000E-02 -8.6668000E-02 9.9914000E-01 -9.9537000E-01 3.0467000E-04 -9.9460000E-01
157.000000 7.2527000E-02 -8.2932000E-02 9.9914000E-01 -9.9569000E-01 2.9077000E-04 -9.9492000E-01
157.500000 7.2617000E-02 -7.9284000E-02 9.9914000E-01 -9.9598000E-01 2.7725000E-04 -9.9521000E-01
158.000000 7.2705000E-02 -7.5723000E-02 9.9914000E-01 -9.9626000E-01 2.6412000E-04 -9.9549000E-01
158.500000 7.2792000E-02 -7.2248000E-02 9.9914000E-01 -9.9652000E-01 2.5135000E-04 -9.9574000E-01
159.000000 7.2877000E-02 -6.8859000E-02 9.9914000E-01 -9.9676000E-01 2.3896000E-04 -9.9598000E-01
159.500000 7.2960000E-02 -6.5556000E-02 9.9914000E-01 -9.9698000E-01 2.2694000E-04 -9.9620000E-01
160.000000 7.3042000E-02 -6.2338000E-02 9.9914000E-01 -9.9719000E-01 2.1528000E-04 -9.9640000E-01
160.500000 7.3122000E-02 -5.9205000E-02 9.9914000E-01 -9.9738000E-01 2.0397000E-04 -9.9659000E-01
161.000000 7.3201000E-02 -5.6157000E-02 9.9914000E-01 -9.9756000E-01 1.9302000E-04 -9.9676000E-01
161.500000 7.3277000E-02 -5.3193000E-02 9.9914000E-01 -9.9772000E-01 1.8241000E-04 -9.9692000E-01
162.000000 7.3352000E-02 -5.0313000E-02 9.9914000E-01 -9.9787000E-01 1.7214000E-04 -9.9707000E-01
162.500000 7.3425000E-02 -4.7517000E-02 9.9914000E-01 -9.9801000E-01 1.6221000E-04 -9.9720000E-01
163.000000 7.3497000E-02 -4.4803000E-02 9.9914000E-01 -9.9813000E-01 1.5262000E-04 -9.9733000E-01
163.500000 7.3566000E-02 -4.2172000E-02 9.9914000E-01 -9.9825000E-01 1.4335000E-04 -9.9744000E-01
164.000000 7.3634000E-02 -3.9624000E-02 9.9914000E-01 -9.9835000E-01 1.3441000E-04 -9.9754000E-01
164.500000 7.3700000E-02 -3.7158000E-02 9.9914000E-01 -9.9845000E-01 1.2579000E-04 -9.9763000E-01
165.000000 7.3764000E-02 -3.4773000E-02 9.9914000E-01 -9.9854000E-01 1.1749000E-04 -9.9772000E-01
165.500000 7.3826000E-02 -3.2470000E-02 9.9914000E-01 -9.9861000E-01 1.0950000E-04 -9.9779000E-01
166.000000 7.3886000E-02 -3.0249000E-02 9.9914000E-01 -9.9868000E-01 1.0181000E-04 -9.9786000E-01
166.500000 7.3944000E-02 -2.8108000E-02 9.9914000E-01 -9.9875000E-01 9.4436000E-05 -9.9792000E-01
167.000000 7.4000000E-02 -2.6047000E-02 9.9914000E-01 -9.9880000E-01 8.7359000E-05 -9.9797000E-01
167.500000 7.4055000E-02 -2.4067000E-02 9.9914000E-01 -9.9885000E-01 8.0581000E-05 -9.9802000E-01
168.000000 7.4107000E-02 -2.2166000E-02 9.9914000E-01 -9.9890000E-01 7.4097000E-05 -9.9806000E-01
168.500000 7.4157000E-02 -2.0346000E-02 9.9914000E-01 -9.9894000E-01 6.7903000E-05 -9.9810000E-01
169.000000 7.4205000E-02 -1.8605000E-02 9.9914000E-01 -9.9897000E-01 6.1998000E-05 -9.9813000E-01
169.500000 7.4251000E-02 -1.6943000E-02 9.9914000E-01 -9.9900000E-01 5.6377000E-05 -9.9816000E-01
170.000000 7.4296000E-02 -1.5360000E-02 9.9914000E-01 -9.9902000E-01 5.1038000E-05 -9.9819000E-01
170.500000 7.4338000E-02 -1.3855000E-02 9.9914000E-01 -9.9905000E-01 4.5978000E-05 -9.9821000E-01
171.000000 7.4378000E-02 -1.2429000E-02 9.9914000E-01 -9.9907000E-01 4.1194000E-05 -9.9822000E-01
171.500000 7.4415000E-02 -1.1082000E-02 9.9914000E-01 -9.9908000E-01 3.6683000E-05 -9.9824000E-01
172.000000 7.4451000E-02 -9.8124000E-03 9.9914000E-01 -9.9910000E-01 3.2444000E-05 -9.9825000E-01
172.500000 7.4485000E-02 -8.6208000E-03 9.9914000E-01 -9.9911000E-01 2.8473000E-05 -9.9826000E-01
173.000000 7.4516000E-02 -7.5069000E-03 9.9914000E-01 -9.9912000E-01 2.4769000E-05 -9.9827000E-01
173.500000 7.4546000E-02 -6.4706000E-03 9.9914000E-01 -9.9912000E-01 2.1330000E-05 -9.9827000E-01
174.000000 7.4573000E-02 -5.5116000E-03 9.9914000E-01 -9.9913000E-01 1.8153000E-05 -9.9828000E-01
174.500000 7.4598000E-02 -4.6299000E-03 9.9914000E-01 -9.9913000E-01 1.5236000E-05 -9.9828000E-01
175.000000 7.4621000E-02 -3.8254000E-03 9.9914000E-01 -9.9914000E-01 1.2579000E-05 -9.9828000E-01
175.500000 7.4642000E-02 -3.0978000E-03 9.9914000E-01 -9.9914000E-01 1.0180000E-05 -9.9829000E-01
176.000000 7.4660000E-02 -2.4471000E-03 9.9914000E-01 -9.9914000E-01 8.0369000E-06 -9.9829000E-01
176.500000 7.4677000E-02 -1.8732000E-03 9.9914000E-01 -9.9914000E-01 6.1488000E-06 -9.9829000E-01
177.000000 7.4691000E-02 -1.3760000E-03 9.9914000E-01 -9.9914000E-01 4.5146000E-06 -9.9829000E-01
177.500000 7.4703000E-02 -9.5543000E-04 9.9914000E-01 -9.9914000E-01 3.1335000E-06 -9.9829000E-01
178.000000 7.4713000E-02 -6.1140000E-04 9.9914000E-01 -9.9914000E-01 2.0046000E-06 -9.9829000E-01
178.500000 7.4721000E-02 -3.4388000E-04 9.9914000E-01 -9.9914000E-01 1.1272000E-06 -9.9829000E-01
179.000000 7.4726000E-02 -1.5283000E-04 9.9914000E-01 -9.9914000E-01 5.0085000E-07 -9.9829000E-01
179.500000 7.4729000E-02 -3.8205000E-05 9.9914000E-01 -9.9914000E-01 1.2519000E-07 -9.9829000E-01
180.000000 7.4730000E-02 -3.7874000E-15 9.9914000E-01 -9.9914000E-01 1.2411000E-17 -9.9829000E-01
