length scale factor
6.2329000E-04
volume cluster radius, area mean sphere radius, circumscribing radius, cross section radius
1.2552232E-02 6.2266671E-04 7.3839232E-02 1.2552232E-02
total extinction, absorption, scattering efficiencies (unpolarized incidence)
1.1883000E-04 1.1879000E-04 4.0263000E-08
theta     11          12          22          33          34          44
 0.0000000E+00  2.2724000E-01  0.0000000E+00  9.9994000E-01  9.9994000E-01  0.0000000E+00  9.9988000E-01
 5.0000000E-01  2.2723000E-01 -3.8075000E-05  9.9994000E-01  9.9994000E-01  2.0825000E-13  9.9988000E-01
 1.0000000E+00  2.2720000E-01 -1.5231000E-04  9.9994000E-01  9.9994000E-01  8.3304000E-13  9.9988000E-01
 1.5000000E+00  2.2716000E-01 -3.4271000E-04  9.9994000E-01  9.9994000E-01  1.8745000E-12  9.9988000E-01
 2.0000000E+00  2.2710000E-01 -6.0932000E-04  9.9994000E-01  9.9994000E-01  3.3327000E-12  9.9988000E-01
 2.5000000E+00  2.2702000E-01 -9.5217000E-04  9.9994000E-01  9.9994000E-01  5.2079000E-12  9.9988000E-01
 3.0000000E+00  2.2693000E-01 -1.3713000E-03  9.9994000E-01  9.9994000E-01  7.5004000E-12  9.9988000E-01
 3.5000000E+00  2.2681000E-01 -1.8668000E-03  9.9994000E-01  9.9994000E-01  1.0211000E-11  9.9988000E-01
 4.0000000E+00  2.2668000E-01 -2.4388000E-03  9.9994000E-01  9.9994000E-01  1.3339000E-11  9.9988000E-01
 4.5000000E+00  2.2654000E-01 -3.0872000E-03  9.9994000E-01  9.9993000E-01  1.6886000E-11  9.9987000E-01
 5.0000000E+00  2.2637000E-01 -3.8123000E-03  9.9994000E-01  9.9993000E-01  2.0851000E-11  9.9987000E-01
 5.5000000E+00  2.2619000E-01 -4.6141000E-03  9.9994000E-01  9.9993000E-01  2.5237000E-11  9.9987000E-01
 6.0000000E+00  2.2600000E-01 -5.4928000E-03  9.9994000E-01  9.9992000E-01  3.0043000E-11  9.9986000E-01
 6.5000000E+00  2.2578000E-01 -6.4484000E-03  9.9994000E-01  9.9992000E-01  3.5270000E-11  9.9986000E-01
 7.0000000E+00  2.2555000E-01 -7.4812000E-03  9.9994000E-01  9.9991000E-01  4.0918000E-11  9.9985000E-01
 7.5000000E+00  2.2530000E-01 -8.5912000E-03  9.9994000E-01  9.9990000E-01  4.6990000E-11  9.9984000E-01
 8.0000000E+00  2.2504000E-01 -9.7787000E-03  9.9994000E-01  9.9989000E-01  5.3484000E-11  9.9983000E-01
 8.5000000E+00  2.2475000E-01 -1.1044000E-02  9.9994000E-01  9.9988000E-01  6.0404000E-11  9.9982000E-01
 9.0000000E+00  2.2445000E-01 -1.2387000E-02  9.9994000E-01  9.9986000E-01  6.7749000E-11  9.9980000E-01
 9.5000000E+00  2.2414000E-01 -1.3808000E-02  9.9994000E-01  9.9984000E-01  7.5520000E-11  9.9978000E-01
 1.0000000E+01  2.2381000E-01 -1.5307000E-02  9.9994000E-01  9.9982000E-01  8.3720000E-11  9.9976000E-01
 1.0500000E+01  2.2346000E-01 -1.6884000E-02  9.9994000E-01  9.9980000E-01  9.2348000E-11  9.9973000E-01
 1.1000000E+01  2.2310000E-01 -1.8540000E-02  9.9994000E-01  9.9977000E-01  1.0141000E-10  9.9971000E-01
 1.1500000E+01  2.2272000E-01 -2.0275000E-02  9.9994000E-01  9.9973000E-01  1.1090000E-10  9.9967000E-01
 1.2000000E+01  2.2232000E-01 -2.2090000E-02  9.9994000E-01  9.9969000E-01  1.2082000E-10  9.9963000E-01
 1.2500000E+01  2.2191000E-01 -2.3983000E-02  9.9994000E-01  9.9965000E-01  1.3118000E-10  9.9959000E-01
 1.3000000E+01  2.2148000E-01 -2.5957000E-02  9.9994000E-01  9.9960000E-01  1.4197000E-10  9.9954000E-01
 1.3500000E+01  2.2104000E-01 -2.8010000E-02  9.9994000E-01  9.9955000E-01  1.5320000E-10  9.9948000E-01
 1.4000000E+01  2.2058000E-01 -3.0143000E-02  9.9994000E-01  9.9948000E-01  1.6487000E-10  9.9942000E-01
 1.4500000E+01  2.2011000E-01 -3.2357000E-02  9.9994000E-01  9.9941000E-01  1.7698000E-10  9.9935000E-01
 1.5000000E+01  2.1962000E-01 -3.4652000E-02  9.9994000E-01  9.9934000E-01  1.8953000E-10  9.9928000E-01
 1.5500000E+01  2.1912000E-01 -3.7028000E-02  9.9994000E-01  9.9925000E-01  2.0252000E-10  9.9919000E-01
 1.6000000E+01  2.1860000E-01 -3.9485000E-02  9.9994000E-01  9.9916000E-01  2.1596000E-10  9.9910000E-01
 1.6500000E+01  2.1806000E-01 -4.2025000E-02  9.9994000E-01  9.9905000E-01  2.2985000E-10  9.9899000E-01
 1.7000000E+01  2.1752000E-01 -4.4646000E-02  9.9994000E-01  9.9894000E-01  2.4419000E-10  9.9888000E-01
 1.7500000E+01  2.1695000E-01 -4.7350000E-02  9.9994000E-01  9.9881000E-01  2.5898000E-10  9.9875000E-01
 1.8000000E+01  2.1638000E-01 -5.0136000E-02  9.9994000E-01  9.9868000E-01  2.7422000E-10  9.9862000E-01
 1.8500000E+01  2.1579000E-01 -5.3006000E-02  9.9994000E-01  9.9853000E-01  2.8991000E-10  9.9847000E-01
 1.9000000E+01  2.1518000E-01 -5.5959000E-02  9.9994000E-01  9.9837000E-01  3.0607000E-10  9.9831000E-01
 1.9500000E+01  2.1457000E-01 -5.8997000E-02  9.9994000E-01  9.9819000E-01  3.2268000E-10  9.9813000E-01
 2.0000000E+01  2.1393000E-01 -6.2118000E-02  9.9994000E-01  9.9800000E-01  3.3975000E-10  9.9794000E-01
 2.0500000E+01  2.1329000E-01 -6.5324000E-02  9.9994000E-01  9.9780000E-01  3.5729000E-10  9.9774000E-01
 2.1000000E+01  2.1263000E-01 -6.8616000E-02  9.9994000E-01  9.9758000E-01  3.7529000E-10  9.9752000E-01
 2.1500000E+01  2.1196000E-01 -7.1992000E-02  9.9993000E-01  9.9734000E-01  3.9376000E-10  9.9728000E-01
 2.2000000E+01  2.1128000E-01 -7.5455000E-02  9.9993000E-01  9.9708000E-01  4.1269000E-10  9.9702000E-01
 2.2500000E+01  2.1058000E-01 -7.9003000E-02  9.9993000E-01  9.9681000E-01  4.3210000E-10  9.9675000E-01
 2.3000000E+01  2.0987000E-01 -8.2638000E-02  9.9993000E-01  9.9651000E-01  4.5198000E-10  9.9645000E-01
 2.3500000E+01  2.0915000E-01 -8.6361000E-02  9.9993000E-01  9.9620000E-01  4.7234000E-10  9.9614000E-01
 2.4000000E+01  2.0842000E-01 -9.0170000E-02  9.9993000E-01  9.9586000E-01  4.9318000E-10  9.9580000E-01
 2.4500000E+01  2.0768000E-01 -9.4068000E-02  9.9993000E-01  9.9550000E-01  5.1450000E-10  9.9544000E-01
 2.5000000E+01  2.0693000E-01 -9.8053000E-02  9.9993000E-01  9.9511000E-01  5.3629000E-10  9.9505000E-01
 2.5500000E+01  2.0616000E-01 -1.0213000E-01  9.9993000E-01  9.9470000E-01  5.5858000E-10  9.9464000E-01
 2.6000000E+01  2.0538000E-01 -1.0629000E-01  9.9993000E-01  9.9427000E-01  5.8135000E-10  9.9421000E-01
 2.6500000E+01  2.0460000E-01 -1.1054000E-01  9.9993000E-01  9.9380000E-01  6.0461000E-10  9.9374000E-01
 2.7000000E+01  2.0380000E-01 -1.1489000E-01  9.9993000E-01  9.9331000E-01  6.2836000E-10  9.9325000E-01
 2.7500000E+01  2.0299000E-01 -1.1932000E-01  9.9993000E-01  9.9279000E-01  6.5260000E-10  9.9273000E-01
 2.8000000E+01  2.0217000E-01 -1.2384000E-01  9.9993000E-01  9.9223000E-01  6.7734000E-10  9.9217000E-01
 2.8500000E+01  2.0134000E-01 -1.2846000E-01  9.9993000E-01  9.9165000E-01  7.0257000E-10  9.9159000E-01
 2.9000000E+01  2.0051000E-01 -1.3316000E-01  9.9993000E-01  9.9102000E-01  7.2831000E-10  9.9096000E-01
 2.9500000E+01  1.9966000E-01 -1.3796000E-01  9.9993000E-01  9.9037000E-01  7.5454000E-10  9.9031000E-01
 3.0000000E+01  1.9881000E-01 -1.4285000E-01  9.9993000E-01  9.8967000E-01  7.8128000E-10  9.8961000E-01
 3.0500000E+01  1.9794000E-01 -1.4783000E-01  9.9993000E-01  9.8894000E-01  8.0852000E-10  9.8888000E-01
 3.1000000E+01  1.9707000E-01 -1.5290000E-01  9.9993000E-01  9.8817000E-01  8.3628000E-10  9.8811000E-01
 3.1500000E+01  1.9619000E-01 -1.5807000E-01  9.9993000E-01  9.8736000E-01  8.6453000E-10  9.8730000E-01
 3.2000000E+01  1.9530000E-01 -1.6333000E-01  9.9993000E-01  9.8650000E-01  8.9330000E-10  9.8644000E-01
 3.2500000E+01  1.9441000E-01 -1.6868000E-01  9.9993000E-01  9.8560000E-01  9.2259000E-10  9.8554000E-01
 3.3000000E+01  1.9350000E-01 -1.7413000E-01  9.9993000E-01  9.8465000E-01  9.5238000E-10  9.8459000E-01
 3.3500000E+01  1.9259000E-01 -1.7967000E-01  9.9993000E-01  9.8365000E-01  9.8269000E-10  9.8359000E-01
 3.4000000E+01  1.9168000E-01 -1.8531000E-01  9.9993000E-01  9.8261000E-01  1.0135000E-09  9.8255000E-01
 3.4500000E+01  1.9075000E-01 -1.9104000E-01  9.9993000E-01  9.8151000E-01  1.0449000E-09  9.8145000E-01
 3.5000000E+01  1.8982000E-01 -1.9687000E-01  9.9993000E-01  9.8036000E-01  1.0767000E-09  9.8030000E-01
 3.5500000E+01  1.8889000E-01 -2.0279000E-01  9.9993000E-01  9.7915000E-01  1.1091000E-09  9.7909000E-01
 3.6000000E+01  1.8795000E-01 -2.0880000E-01  9.9993000E-01  9.7788000E-01  1.1420000E-09  9.7782000E-01
 3.6500000E+01  1.8700000E-01 -2.1491000E-01  9.9993000E-01  9.7656000E-01  1.1754000E-09  9.7650000E-01
 3.7000000E+01  1.8605000E-01 -2.2112000E-01  9.9993000E-01  9.7517000E-01  1.2094000E-09  9.7511000E-01
 3.7500000E+01  1.8509000E-01 -2.2742000E-01  9.9993000E-01  9.7372000E-01  1.2438000E-09  9.7366000E-01
 3.8000000E+01  1.8413000E-01 -2.3382000E-01  9.9992000E-01  9.7220000E-01  1.2788000E-09  9.7214000E-01
 3.8500000E+01  1.8317000E-01 -2.4031000E-01  9.9992000E-01  9.7062000E-01  1.3143000E-09  9.7056000E-01
 3.9000000E+01  1.8220000E-01 -2.4690000E-01  9.9992000E-01  9.6896000E-01  1.3503000E-09  9.6890000E-01
 3.9500000E+01  1.8123000E-01 -2.5358000E-01  9.9992000E-01  9.6724000E-01  1.3869000E-09  9.6718000E-01
 4.0000000E+01  1.8025000E-01 -2.6036000E-01  9.9992000E-01  9.6543000E-01  1.4240000E-09  9.6537000E-01
 4.0500000E+01  1.7927000E-01 -2.6723000E-01  9.9992000E-01  9.6355000E-01  1.4616000E-09  9.6349000E-01
 4.1000000E+01  1.7829000E-01 -2.7420000E-01  9.9992000E-01  9.6159000E-01  1.4997000E-09  9.6153000E-01
 4.1500000E+01  1.7731000E-01 -2.8126000E-01  9.9992000E-01  9.5955000E-01  1.5383000E-09  9.5949000E-01
 4.2000000E+01  1.7632000E-01 -2.8842000E-01  9.9992000E-01  9.5742000E-01  1.5774000E-09  9.5736000E-01
 4.2500000E+01  1.7533000E-01 -2.9567000E-01  9.9992000E-01  9.5521000E-01  1.6171000E-09  9.5515000E-01
 4.3000000E+01  1.7434000E-01 -3.0301000E-01  9.9992000E-01  9.5290000E-01  1.6572000E-09  9.5285000E-01
 4.3500000E+01  1.7335000E-01 -3.1045000E-01  9.9992000E-01  9.5051000E-01  1.6979000E-09  9.5045000E-01
 4.4000000E+01  1.7236000E-01 -3.1797000E-01  9.9992000E-01  9.4801000E-01  1.7391000E-09  9.4796000E-01
 4.4500000E+01  1.7137000E-01 -3.2559000E-01  9.9992000E-01  9.4542000E-01  1.7807000E-09  9.4537000E-01
 4.5000000E+01  1.7038000E-01 -3.3331000E-01  9.9992000E-01  9.4273000E-01  1.8229000E-09  9.4268000E-01
 4.5500000E+01  1.6939000E-01 -3.4111000E-01  9.9992000E-01  9.3994000E-01  1.8656000E-09  9.3988000E-01
 4.6000000E+01  1.6839000E-01 -3.4900000E-01  9.9992000E-01  9.3704000E-01  1.9087000E-09  9.3698000E-01
 4.6500000E+01  1.6740000E-01 -3.5698000E-01  9.9992000E-01  9.3402000E-01  1.9524000E-09  9.3397000E-01
 4.7000000E+01  1.6641000E-01 -3.6504000E-01  9.9992000E-01  9.3090000E-01  1.9965000E-09  9.3084000E-01
 4.7500000E+01  1.6542000E-01 -3.7320000E-01  9.9992000E-01  9.2766000E-01  2.0411000E-09  9.2761000E-01
 4.8000000E+01  1.6444000E-01 -3.8143000E-01  9.9992000E-01  9.2430000E-01  2.0861000E-09  9.2425000E-01
 4.8500000E+01  1.6345000E-01 -3.8976000E-01  9.9991000E-01  9.2083000E-01  2.1316000E-09  9.2077000E-01
 4.9000000E+01  1.6247000E-01 -3.9816000E-01  9.9991000E-01  9.1722000E-01  2.1776000E-09  9.1717000E-01
 4.9500000E+01  1.6148000E-01 -4.0665000E-01  9.9991000E-01  9.1349000E-01  2.2240000E-09  9.1343000E-01
 5.0000000E+01  1.6051000E-01 -4.1522000E-01  9.9991000E-01  9.0963000E-01  2.2709000E-09  9.0957000E-01
 5.0500000E+01  1.5953000E-01 -4.2386000E-01  9.9991000E-01  9.0563000E-01  2.3181000E-09  9.0558000E-01
 5.1000000E+01  1.5856000E-01 -4.3258000E-01  9.9991000E-01  9.0150000E-01  2.3658000E-09  9.0144000E-01
 5.1500000E+01  1.5759000E-01 -4.4138000E-01  9.9991000E-01  8.9722000E-01  2.4139000E-09  8.9717000E-01
 5.2000000E+01  1.5662000E-01 -4.5024000E-01  9.9991000E-01  8.9281000E-01  2.4624000E-09  8.9275000E-01
 5.2500000E+01  1.5566000E-01 -4.5918000E-01  9.9991000E-01  8.8824000E-01  2.5113000E-09  8.8819000E-01
 5.3000000E+01  1.5471000E-01 -4.6819000E-01  9.9991000E-01  8.8353000E-01  2.5606000E-09  8.8347000E-01
 5.3500000E+01  1.5376000E-01 -4.7726000E-01  9.9991000E-01  8.7866000E-01  2.6102000E-09  8.7860000E-01
 5.4000000E+01  1.5281000E-01 -4.8640000E-01  9.9991000E-01  8.7363000E-01  2.6601000E-09  8.7358000E-01
 5.4500000E+01  1.5187000E-01 -4.9560000E-01  9.9991000E-01  8.6845000E-01  2.7104000E-09  8.6839000E-01
 5.5000000E+01  1.5093000E-01 -5.0485000E-01  9.9991000E-01  8.6310000E-01  2.7611000E-09  8.6304000E-01
 5.5500000E+01  1.5000000E-01 -5.1417000E-01  9.9991000E-01  8.5758000E-01  2.8120000E-09  8.5753000E-01
 5.6000000E+01  1.4908000E-01 -5.2353000E-01  9.9991000E-01  8.5190000E-01  2.8632000E-09  8.5184000E-01
 5.6500000E+01  1.4816000E-01 -5.3295000E-01  9.9991000E-01  8.4604000E-01  2.9147000E-09  8.4599000E-01
 5.7000000E+01  1.4725000E-01 -5.4241000E-01  9.9991000E-01  8.4000000E-01  2.9664000E-09  8.3995000E-01
 5.7500000E+01  1.4635000E-01 -5.5191000E-01  9.9990000E-01  8.3379000E-01  3.0184000E-09  8.3374000E-01
 5.8000000E+01  1.4546000E-01 -5.6145000E-01  9.9990000E-01  8.2739000E-01  3.0706000E-09  8.2734000E-01
 5.8500000E+01  1.4457000E-01 -5.7103000E-01  9.9990000E-01  8.2081000E-01  3.1229000E-09  8.2076000E-01
 5.9000000E+01  1.4369000E-01 -5.8064000E-01  9.9990000E-01  8.1404000E-01  3.1755000E-09  8.1399000E-01
 5.9500000E+01  1.4282000E-01 -5.9028000E-01  9.9990000E-01  8.0708000E-01  3.2282000E-09  8.0703000E-01
 6.0000000E+01  1.4195000E-01 -5.9994000E-01  9.9990000E-01  7.9992000E-01  3.2810000E-09  7.9987000E-01
 6.0500000E+01  1.4110000E-01 -6.0962000E-01  9.9990000E-01  7.9257000E-01  3.3340000E-09  7.9252000E-01
 6.1000000E+01  1.4025000E-01 -6.1932000E-01  9.9990000E-01  7.8501000E-01  3.3870000E-09  7.8497000E-01
 6.1500000E+01  1.3941000E-01 -6.2902000E-01  9.9990000E-01  7.7726000E-01  3.4401000E-09  7.7721000E-01
 6.2000000E+01  1.3859000E-01 -6.3874000E-01  9.9990000E-01  7.6929000E-01  3.4932000E-09  7.6925000E-01
 6.2500000E+01  1.3777000E-01 -6.4845000E-01  9.9990000E-01  7.6112000E-01  3.5463000E-09  7.6108000E-01
 6.3000000E+01  1.3696000E-01 -6.5816000E-01  9.9990000E-01  7.5274000E-01  3.5994000E-09  7.5270000E-01
 6.3500000E+01  1.3616000E-01 -6.6786000E-01  9.9990000E-01  7.4415000E-01  3.6524000E-09  7.4411000E-01
 6.4000000E+01  1.3538000E-01 -6.7754000E-01  9.9990000E-01  7.3534000E-01  3.7054000E-09  7.3530000E-01
 6.4500000E+01  1.3460000E-01 -6.8721000E-01  9.9990000E-01  7.2632000E-01  3.7582000E-09  7.2627000E-01
 6.5000000E+01  1.3383000E-01 -6.9685000E-01  9.9990000E-01  7.1708000E-01  3.8109000E-09  7.1703000E-01
 6.5500000E+01  1.3308000E-01 -7.0645000E-01  9.9990000E-01  7.0761000E-01  3.8635000E-09  7.0757000E-01
 6.6000000E+01  1.3234000E-01 -7.1602000E-01  9.9989000E-01  6.9793000E-01  3.9158000E-09  6.9788000E-01
 6.6500000E+01  1.3161000E-01 -7.2555000E-01  9.9989000E-01  6.8802000E-01  3.9679000E-09  6.8798000E-01
 6.7000000E+01  1.3089000E-01 -7.3502000E-01  9.9989000E-01  6.7789000E-01  4.0197000E-09  6.7785000E-01
 6.7500000E+01  1.3018000E-01 -7.4444000E-01  9.9989000E-01  6.6753000E-01  4.0712000E-09  6.6749000E-01
 6.8000000E+01  1.2948000E-01 -7.5380000E-01  9.9989000E-01  6.5694000E-01  4.1223000E-09  6.5690000E-01
 6.8500000E+01  1.2880000E-01 -7.6308000E-01  9.9989000E-01  6.4613000E-01  4.1731000E-09  6.4609000E-01
 6.9000000E+01  1.2813000E-01 -7.7229000E-01  9.9989000E-01  6.3509000E-01  4.2235000E-09  6.3506000E-01
 6.9500000E+01  1.2747000E-01 -7.8142000E-01  9.9989000E-01  6.2383000E-01  4.2734000E-09  6.2379000E-01
 7.0000000E+01  1.2683000E-01 -7.9046000E-01  9.9989000E-01  6.1234000E-01  4.3228000E-09  6.1230000E-01
 7.0500000E+01  1.2620000E-01 -7.9940000E-01  9.9989000E-01  6.0062000E-01  4.3717000E-09  6.0058000E-01
 7.1000000E+01  1.2558000E-01 -8.0824000E-01  9.9989000E-01  5.8867000E-01  4.4200000E-09  5.8863000E-01
 7.1500000E+01  1.2497000E-01 -8.1696000E-01  9.9989000E-01  5.7650000E-01  4.4677000E-09  5.7646000E-01
 7.2000000E+01  1.2438000E-01 -8.2557000E-01  9.9989000E-01  5.6410000E-01  4.5148000E-09  5.6406000E-01
 7.2500000E+01  1.2381000E-01 -8.3405000E-01  9.9989000E-01  5.5148000E-01  4.5612000E-09  5.5144000E-01
 7.3000000E+01  1.2324000E-01 -8.4240000E-01  9.9989000E-01  5.3863000E-01  4.6068000E-09  5.3860000E-01
 7.3500000E+01  1.2270000E-01 -8.5061000E-01  9.9989000E-01  5.2557000E-01  4.6517000E-09  5.2554000E-01
 7.4000000E+01  1.2216000E-01 -8.5868000E-01  9.9989000E-01  5.1229000E-01  4.6958000E-09  5.1226000E-01
 7.4500000E+01  1.2164000E-01 -8.6659000E-01  9.9989000E-01  4.9879000E-01  4.7391000E-09  4.9876000E-01
 7.5000000E+01  1.2114000E-01 -8.7433000E-01  9.9988000E-01  4.8508000E-01  4.7814000E-09  4.8506000E-01
 7.5500000E+01  1.2065000E-01 -8.8191000E-01  9.9988000E-01  4.7117000E-01  4.8229000E-09  4.7114000E-01
 7.6000000E+01  1.2018000E-01 -8.8931000E-01  9.9988000E-01  4.5704000E-01  4.8633000E-09  4.5701000E-01
 7.6500000E+01  1.1972000E-01 -8.9653000E-01  9.9988000E-01  4.4271000E-01  4.9028000E-09  4.4268000E-01
 7.7000000E+01  1.1928000E-01 -9.0356000E-01  9.9988000E-01  4.2818000E-01  4.9412000E-09  4.2816000E-01
 7.7500000E+01  1.1885000E-01 -9.1039000E-01  9.9988000E-01  4.1346000E-01  4.9786000E-09  4.1344000E-01
 7.8000000E+01  1.1844000E-01 -9.1702000E-01  9.9988000E-01  3.9855000E-01  5.0148000E-09  3.9852000E-01
 7.8500000E+01  1.1804000E-01 -9.2343000E-01  9.9988000E-01  3.8345000E-01  5.0499000E-09  3.8343000E-01
 7.9000000E+01  1.1766000E-01 -9.2963000E-01  9.9988000E-01  3.6817000E-01  5.0837000E-09  3.6815000E-01
 7.9500000E+01  1.1730000E-01 -9.3560000E-01  9.9988000E-01  3.5272000E-01  5.1164000E-09  3.5269000E-01
 8.0000000E+01  1.1695000E-01 -9.4134000E-01  9.9988000E-01  3.3709000E-01  5.1478000E-09  3.3707000E-01
 8.0500000E+01  1.1662000E-01 -9.4685000E-01  9.9988000E-01  3.2130000E-01  5.1779000E-09  3.2128000E-01
 8.1000000E+01  1.1630000E-01 -9.5211000E-01  9.9988000E-01  3.0536000E-01  5.2066000E-09  3.0534000E-01
 8.1500000E+01  1.1600000E-01 -9.5712000E-01  9.9988000E-01  2.8926000E-01  5.2340000E-09  2.8925000E-01
 8.2000000E+01  1.1572000E-01 -9.6188000E-01  9.9988000E-01  2.7303000E-01  5.2601000E-09  2.7301000E-01
 8.2500000E+01  1.1545000E-01 -9.6638000E-01  9.9988000E-01  2.5665000E-01  5.2846000E-09  2.5663000E-01
 8.3000000E+01  1.1520000E-01 -9.7061000E-01  9.9988000E-01  2.4014000E-01  5.3078000E-09  2.4013000E-01
 8.3500000E+01  1.1497000E-01 -9.7457000E-01  9.9988000E-01  2.2352000E-01  5.3294000E-09  2.2350000E-01
 8.4000000E+01  1.1476000E-01 -9.7826000E-01  9.9988000E-01  2.0677000E-01  5.3496000E-09  2.0676000E-01
 8.4500000E+01  1.1456000E-01 -9.8167000E-01  9.9988000E-01  1.8992000E-01  5.3682000E-09  1.8991000E-01
 8.5000000E+01  1.1438000E-01 -9.8480000E-01  9.9988000E-01  1.7298000E-01  5.3853000E-09  1.7297000E-01
 8.5500000E+01  1.1421000E-01 -9.8764000E-01  9.9988000E-01  1.5594000E-01  5.4009000E-09  1.5593000E-01
 8.6000000E+01  1.1406000E-01 -9.9019000E-01  9.9988000E-01  1.3882000E-01  5.4148000E-09  1.3881000E-01
 8.6500000E+01  1.1393000E-01 -9.9245000E-01  9.9988000E-01  1.2163000E-01  5.4271000E-09  1.2162000E-01
 8.7000000E+01  1.1382000E-01 -9.9441000E-01  9.9988000E-01  1.0437000E-01  5.4379000E-09  1.0437000E-01
 8.7500000E+01  1.1373000E-01 -9.9608000E-01  9.9988000E-01  8.7064000E-02  5.4470000E-09  8.7058000E-02
 8.8000000E+01  1.1365000E-01 -9.9744000E-01  9.9988000E-01  6.9707000E-02  5.4544000E-09  6.9702000E-02
 8.8500000E+01  1.1358000E-01 -9.9851000E-01  9.9988000E-01  5.2313000E-02  5.4602000E-09  5.2310000E-02
 8.9000000E+01  1.1354000E-01 -9.9927000E-01  9.9988000E-01  3.4891000E-02  5.4644000E-09  3.4889000E-02
 8.9500000E+01  1.1351000E-01 -9.9972000E-01  9.9988000E-01  1.7451000E-02  5.4668000E-09  1.7450000E-02
 9.0000000E+01  1.1350000E-01 -9.9988000E-01  9.9988000E-01  1.2000000E-06  5.4677000E-09  1.1836000E-06
 9.0500000E+01  1.1351000E-01 -9.9972000E-01  9.9988000E-01 -1.7448000E-02  5.4668000E-09 -1.7447000E-02
 9.1000000E+01  1.1354000E-01 -9.9927000E-01  9.9988000E-01 -3.4889000E-02  5.4643000E-09 -3.4887000E-02
 9.1500000E+01  1.1358000E-01 -9.9851000E-01  9.9988000E-01 -5.2310000E-02  5.4602000E-09 -5.2307000E-02
 9.2000000E+01  1.1364000E-01 -9.9744000E-01  9.9988000E-01 -6.9704000E-02  5.4543000E-09 -6.9700000E-02
 9.2500000E+01  1.1371000E-01 -9.9608000E-01  9.9988000E-01 -8.7061000E-02  5.4469000E-09 -8.7056000E-02
 9.3000000E+01  1.1381000E-01 -9.9441000E-01  9.9988000E-01 -1.0437000E-01  5.4377000E-09 -1.0437000E-01
 9.3500000E+01  1.1392000E-01 -9.9245000E-01  9.9988000E-01 -1.2163000E-01  5.4270000E-09 -1.2162000E-01
 9.4000000E+01  1.1405000E-01 -9.9019000E-01  9.9988000E-01 -1.3882000E-01  5.4146000E-09 -1.3881000E-01
 9.4500000E+01  1.1419000E-01 -9.8764000E-01  9.9988000E-01 -1.5594000E-01  5.4007000E-09 -1.5593000E-01
 9.5000000E+01  1.1436000E-01 -9.8480000E-01  9.9988000E-01 -1.7298000E-01  5.3851000E-09 -1.7296000E-01
 9.5500000E+01  1.1453000E-01 -9.8167000E-01  9.9988000E-01 -1.8992000E-01  5.3680000E-09 -1.8991000E-01
 9.6000000E+01  1.1473000E-01 -9.7826000E-01  9.9988000E-01 -2.0677000E-01  5.3494000E-09 -2.0676000E-01
 9.6500000E+01  1.1494000E-01 -9.7458000E-01  9.9988000E-01 -2.2351000E-01  5.3292000E-09 -2.2350000E-01
 9.7000000E+01  1.1517000E-01 -9.7061000E-01  9.9988000E-01 -2.4014000E-01  5.3075000E-09 -2.4013000E-01
 9.7500000E+01  1.1542000E-01 -9.6638000E-01  9.9988000E-01 -2.5665000E-01  5.2843000E-09 -2.5663000E-01
 9.8000000E+01  1.1568000E-01 -9.6188000E-01  9.9988000E-01 -2.7302000E-01  5.2597000E-09 -2.7301000E-01
 9.8500000E+01  1.1596000E-01 -9.5712000E-01  9.9988000E-01 -2.8926000E-01  5.2337000E-09 -2.8924000E-01
 9.9000000E+01  1.1626000E-01 -9.5211000E-01  9.9988000E-01 -3.0536000E-01  5.2063000E-09 -3.0534000E-01
 9.9500000E+01  1.1657000E-01 -9.4685000E-01  9.9988000E-01 -3.2130000E-01  5.1775000E-09 -3.2128000E-01
 1.0000000E+02  1.1690000E-01 -9.4134000E-01  9.9988000E-01 -3.3709000E-01  5.1474000E-09 -3.3707000E-01
 1.0050000E+02  1.1725000E-01 -9.3560000E-01  9.9988000E-01 -3.5271000E-01  5.1160000E-09 -3.5269000E-01
 1.0100000E+02  1.1761000E-01 -9.2963000E-01  9.9988000E-01 -3.6817000E-01  5.0833000E-09 -3.6815000E-01
 1.0150000E+02  1.1799000E-01 -9.2343000E-01  9.9988000E-01 -3.8345000E-01  5.0494000E-09 -3.8342000E-01
 1.0200000E+02  1.1838000E-01 -9.1702000E-01  9.9988000E-01 -3.9855000E-01  5.0144000E-09 -3.9852000E-01
 1.0250000E+02  1.1879000E-01 -9.1039000E-01  9.9988000E-01 -4.1346000E-01  4.9781000E-09 -4.1343000E-01
 1.0300000E+02  1.1922000E-01 -9.0356000E-01  9.9988000E-01 -4.2818000E-01  4.9408000E-09 -4.2816000E-01
 1.0350000E+02  1.1966000E-01 -8.9653000E-01  9.9988000E-01 -4.4271000E-01  4.9023000E-09 -4.4268000E-01
 1.0400000E+02  1.2011000E-01 -8.8932000E-01  9.9988000E-01 -4.5704000E-01  4.8628000E-09 -4.5701000E-01
 1.0450000E+02  1.2059000E-01 -8.8191000E-01  9.9988000E-01 -4.7116000E-01  4.8224000E-09 -4.7114000E-01
 1.0500000E+02  1.2107000E-01 -8.7434000E-01  9.9988000E-01 -4.8508000E-01  4.7809000E-09 -4.8505000E-01
 1.0550000E+02  1.2157000E-01 -8.6659000E-01  9.9989000E-01 -4.9879000E-01  4.7385000E-09 -4.9876000E-01
 1.0600000E+02  1.2209000E-01 -8.5868000E-01  9.9989000E-01 -5.1229000E-01  4.6953000E-09 -5.1226000E-01
 1.0650000E+02  1.2262000E-01 -8.5062000E-01  9.9989000E-01 -5.2557000E-01  4.6512000E-09 -5.2554000E-01
 1.0700000E+02  1.2317000E-01 -8.4241000E-01  9.9989000E-01 -5.3863000E-01  4.6063000E-09 -5.3860000E-01
 1.0750000E+02  1.2373000E-01 -8.3405000E-01  9.9989000E-01 -5.5148000E-01  4.5606000E-09 -5.5144000E-01
 1.0800000E+02  1.2430000E-01 -8.2557000E-01  9.9989000E-01 -5.6410000E-01  4.5142000E-09 -5.6406000E-01
 1.0850000E+02  1.2489000E-01 -8.1696000E-01  9.9989000E-01 -5.7649000E-01  4.4671000E-09 -5.7646000E-01
 1.0900000E+02  1.2549000E-01 -8.0824000E-01  9.9989000E-01 -5.8867000E-01  4.4194000E-09 -5.8863000E-01
 1.0950000E+02  1.2610000E-01 -7.9940000E-01  9.9989000E-01 -6.0061000E-01  4.3711000E-09 -6.0058000E-01
 1.1000000E+02  1.2673000E-01 -7.9046000E-01  9.9989000E-01 -6.1233000E-01  4.3222000E-09 -6.1230000E-01
 1.1050000E+02  1.2737000E-01 -7.8142000E-01  9.9989000E-01 -6.2383000E-01  4.2728000E-09 -6.2379000E-01
 1.1100000E+02  1.2803000E-01 -7.7229000E-01  9.9989000E-01 -6.3509000E-01  4.2228000E-09 -6.3505000E-01
 1.1150000E+02  1.2870000E-01 -7.6308000E-01  9.9989000E-01 -6.4613000E-01  4.1725000E-09 -6.4609000E-01
 1.1200000E+02  1.2938000E-01 -7.5380000E-01  9.9989000E-01 -6.5694000E-01  4.1217000E-09 -6.5690000E-01
 1.1250000E+02  1.3007000E-01 -7.4444000E-01  9.9989000E-01 -6.6753000E-01  4.0705000E-09 -6.6749000E-01
 1.1300000E+02  1.3078000E-01 -7.3502000E-01  9.9989000E-01 -6.7788000E-01  4.0190000E-09 -6.7784000E-01
 1.1350000E+02  1.3149000E-01 -7.2555000E-01  9.9989000E-01 -6.8802000E-01  3.9672000E-09 -6.8798000E-01
 1.1400000E+02  1.3222000E-01 -7.1602000E-01  9.9989000E-01 -6.9793000E-01  3.9151000E-09 -6.9788000E-01
 1.1450000E+02  1.3296000E-01 -7.0645000E-01  9.9990000E-01 -7.0761000E-01  3.8628000E-09 -7.0757000E-01
 1.1500000E+02  1.3371000E-01 -6.9685000E-01  9.9990000E-01 -7.1707000E-01  3.8103000E-09 -7.1703000E-01
 1.1550000E+02  1.3448000E-01 -6.8721000E-01  9.9990000E-01 -7.2632000E-01  3.7576000E-09 -7.2627000E-01
 1.1600000E+02  1.3525000E-01 -6.7754000E-01  9.9990000E-01 -7.3534000E-01  3.7047000E-09 -7.3530000E-01
 1.1650000E+02  1.3603000E-01 -6.6786000E-01  9.9990000E-01 -7.4415000E-01  3.6517000E-09 -7.4410000E-01
 1.1700000E+02  1.3683000E-01 -6.5816000E-01  9.9990000E-01 -7.5274000E-01  3.5987000E-09 -7.5270000E-01
 1.1750000E+02  1.3763000E-01 -6.4845000E-01  9.9990000E-01 -7.6112000E-01  3.5456000E-09 -7.6108000E-01
 1.1800000E+02  1.3845000E-01 -6.3874000E-01  9.9990000E-01 -7.6929000E-01  3.4925000E-09 -7.6925000E-01
 1.1850000E+02  1.3927000E-01 -6.2903000E-01  9.9990000E-01 -7.7726000E-01  3.4394000E-09 -7.7721000E-01
 1.1900000E+02  1.4011000E-01 -6.1932000E-01  9.9990000E-01 -7.8501000E-01  3.3863000E-09 -7.8496000E-01
 1.1950000E+02  1.4095000E-01 -6.0962000E-01  9.9990000E-01 -7.9257000E-01  3.3333000E-09 -7.9252000E-01
 1.2000000E+02  1.4180000E-01 -5.9994000E-01  9.9990000E-01 -7.9992000E-01  3.2803000E-09 -7.9987000E-01
 1.2050000E+02  1.4266000E-01 -5.9028000E-01  9.9990000E-01 -8.0708000E-01  3.2275000E-09 -8.0703000E-01
 1.2100000E+02  1.4353000E-01 -5.8064000E-01  9.9990000E-01 -8.1404000E-01  3.1748000E-09 -8.1399000E-01
 1.2150000E+02  1.4441000E-01 -5.7103000E-01  9.9990000E-01 -8.2081000E-01  3.1222000E-09 -8.2076000E-01
 1.2200000E+02  1.4529000E-01 -5.6145000E-01  9.9990000E-01 -8.2739000E-01  3.0699000E-09 -8.2734000E-01
 1.2250000E+02  1.4618000E-01 -5.5191000E-01  9.9990000E-01 -8.3379000E-01  3.0177000E-09 -8.3374000E-01
 1.2300000E+02  1.4708000E-01 -5.4241000E-01  9.9991000E-01 -8.4000000E-01  2.9657000E-09 -8.3995000E-01
 1.2350000E+02  1.4799000E-01 -5.3295000E-01  9.9991000E-01 -8.4604000E-01  2.9140000E-09 -8.4599000E-01
 1.2400000E+02  1.4890000E-01 -5.2353000E-01  9.9991000E-01 -8.5190000E-01  2.8625000E-09 -8.5184000E-01
 1.2450000E+02  1.4982000E-01 -5.1417000E-01  9.9991000E-01 -8.5758000E-01  2.8113000E-09 -8.5753000E-01
 1.2500000E+02  1.5075000E-01 -5.0486000E-01  9.9991000E-01 -8.6310000E-01  2.7604000E-09 -8.6304000E-01
 1.2550000E+02  1.5168000E-01 -4.9560000E-01  9.9991000E-01 -8.6845000E-01  2.7098000E-09 -8.6839000E-01
 1.2600000E+02  1.5262000E-01 -4.8640000E-01  9.9991000E-01 -8.7363000E-01  2.6595000E-09 -8.7358000E-01
 1.2650000E+02  1.5356000E-01 -4.7726000E-01  9.9991000E-01 -8.7866000E-01  2.6095000E-09 -8.7860000E-01
 1.2700000E+02  1.5451000E-01 -4.6819000E-01  9.9991000E-01 -8.8353000E-01  2.5599000E-09 -8.8347000E-01
 1.2750000E+02  1.5546000E-01 -4.5918000E-01  9.9991000E-01 -8.8824000E-01  2.5107000E-09 -8.8819000E-01
 1.2800000E+02  1.5642000E-01 -4.5025000E-01  9.9991000E-01 -8.9281000E-01  2.4618000E-09 -8.9275000E-01
 1.2850000E+02  1.5738000E-01 -4.4138000E-01  9.9991000E-01 -8.9722000E-01  2.4133000E-09 -8.9717000E-01
 1.2900000E+02  1.5834000E-01 -4.3258000E-01  9.9991000E-01 -9.0150000E-01  2.3652000E-09 -9.0144000E-01
 1.2950000E+02  1.5931000E-01 -4.2386000E-01  9.9991000E-01 -9.0563000E-01  2.3175000E-09 -9.0558000E-01
 1.3000000E+02  1.6028000E-01 -4.1522000E-01  9.9991000E-01 -9.0963000E-01  2.2702000E-09 -9.0957000E-01
 1.3050000E+02  1.6126000E-01 -4.0665000E-01  9.9991000E-01 -9.1349000E-01  2.2234000E-09 -9.1343000E-01
 1.3100000E+02  1.6224000E-01 -3.9816000E-01  9.9991000E-01 -9.1722000E-01  2.1770000E-09 -9.1717000E-01
 1.3150000E+02  1.6322000E-01 -3.8976000E-01  9.9991000E-01 -9.2082000E-01  2.1310000E-09 -9.2077000E-01
 1.3200000E+02  1.6420000E-01 -3.8144000E-01  9.9992000E-01 -9.2430000E-01  2.0855000E-09 -9.2425000E-01
 1.3250000E+02  1.6518000E-01 -3.7320000E-01  9.9992000E-01 -9.2766000E-01  2.0405000E-09 -9.2761000E-01
 1.3300000E+02  1.6617000E-01 -3.6504000E-01  9.9992000E-01 -9.3090000E-01  1.9959000E-09 -9.3084000E-01
 1.3350000E+02  1.6715000E-01 -3.5698000E-01  9.9992000E-01 -9.3402000E-01  1.9518000E-09 -9.3397000E-01
 1.3400000E+02  1.6814000E-01 -3.4900000E-01  9.9992000E-01 -9.3704000E-01  1.9082000E-09 -9.3698000E-01
 1.3450000E+02  1.6913000E-01 -3.4111000E-01  9.9992000E-01 -9.3994000E-01  1.8650000E-09 -9.3988000E-01
 1.3500000E+02  1.7012000E-01 -3.3331000E-01  9.9992000E-01 -9.4273000E-01  1.8224000E-09 -9.4267000E-01
 1.3550000E+02  1.7111000E-01 -3.2560000E-01  9.9992000E-01 -9.4542000E-01  1.7802000E-09 -9.4537000E-01
 1.3600000E+02  1.7210000E-01 -3.1798000E-01  9.9992000E-01 -9.4801000E-01  1.7385000E-09 -9.4796000E-01
 1.3650000E+02  1.7308000E-01 -3.1045000E-01  9.9992000E-01 -9.5051000E-01  1.6974000E-09 -9.5045000E-01
 1.3700000E+02  1.7407000E-01 -3.0301000E-01  9.9992000E-01 -9.5290000E-01  1.6567000E-09 -9.5285000E-01
 1.3750000E+02  1.7506000E-01 -2.9567000E-01  9.9992000E-01 -9.5521000E-01  1.6166000E-09 -9.5515000E-01
 1.3800000E+02  1.7604000E-01 -2.8842000E-01  9.9992000E-01 -9.5742000E-01  1.5769000E-09 -9.5736000E-01
 1.3850000E+02  1.7702000E-01 -2.8126000E-01  9.9992000E-01 -9.5955000E-01  1.5378000E-09 -9.5949000E-01
 1.3900000E+02  1.7800000E-01 -2.7420000E-01  9.9992000E-01 -9.6159000E-01  1.4992000E-09 -9.6153000E-01
 1.3950000E+02  1.7898000E-01 -2.6723000E-01  9.9992000E-01 -9.6355000E-01  1.4611000E-09 -9.6349000E-01
 1.4000000E+02  1.7995000E-01 -2.6036000E-01  9.9992000E-01 -9.6543000E-01  1.4235000E-09 -9.6537000E-01
 1.4050000E+02  1.8093000E-01 -2.5358000E-01  9.9992000E-01 -9.6723000E-01  1.3864000E-09 -9.6718000E-01
 1.4100000E+02  1.8189000E-01 -2.4690000E-01  9.9992000E-01 -9.6896000E-01  1.3499000E-09 -9.6890000E-01
 1.4150000E+02  1.8286000E-01 -2.4031000E-01  9.9992000E-01 -9.7062000E-01  1.3139000E-09 -9.7056000E-01
 1.4200000E+02  1.8382000E-01 -2.3382000E-01  9.9992000E-01 -9.7220000E-01  1.2784000E-09 -9.7214000E-01
 1.4250000E+02  1.8478000E-01 -2.2742000E-01  9.9993000E-01 -9.7372000E-01  1.2434000E-09 -9.7366000E-01
 1.4300000E+02  1.8573000E-01 -2.2112000E-01  9.9993000E-01 -9.7517000E-01  1.2090000E-09 -9.7511000E-01
 1.4350000E+02  1.8668000E-01 -2.1491000E-01  9.9993000E-01 -9.7656000E-01  1.1750000E-09 -9.7650000E-01
 1.4400000E+02  1.8762000E-01 -2.0880000E-01  9.9993000E-01 -9.7788000E-01  1.1416000E-09 -9.7782000E-01
 1.4450000E+02  1.8856000E-01 -2.0279000E-01  9.9993000E-01 -9.7915000E-01  1.1087000E-09 -9.7909000E-01
 1.4500000E+02  1.8949000E-01 -1.9687000E-01  9.9993000E-01 -9.8036000E-01  1.0763000E-09 -9.8030000E-01
 1.4550000E+02  1.9042000E-01 -1.9104000E-01  9.9993000E-01 -9.8151000E-01  1.0445000E-09 -9.8145000E-01
 1.4600000E+02  1.9133000E-01 -1.8531000E-01  9.9993000E-01 -9.8261000E-01  1.0132000E-09 -9.8255000E-01
 1.4650000E+02  1.9225000E-01 -1.7967000E-01  9.9993000E-01 -9.8365000E-01  9.8234000E-10 -9.8359000E-01
 1.4700000E+02  1.9315000E-01 -1.7413000E-01  9.9993000E-01 -9.8465000E-01  9.5204000E-10 -9.8459000E-01
 1.4750000E+02  1.9405000E-01 -1.6868000E-01  9.9993000E-01 -9.8560000E-01  9.2226000E-10 -9.8554000E-01
 1.4800000E+02  1.9495000E-01 -1.6333000E-01  9.9993000E-01 -9.8650000E-01  8.9298000E-10 -9.8644000E-01
 1.4850000E+02  1.9583000E-01 -1.5807000E-01  9.9993000E-01 -9.8736000E-01  8.6422000E-10 -9.8730000E-01
 1.4900000E+02  1.9671000E-01 -1.5290000E-01  9.9993000E-01 -9.8817000E-01  8.3597000E-10 -9.8811000E-01
 1.4950000E+02  1.9758000E-01 -1.4783000E-01  9.9993000E-01 -9.8894000E-01  8.0823000E-10 -9.8888000E-01
 1.5000000E+02  1.9844000E-01 -1.4285000E-01  9.9993000E-01 -9.8967000E-01  7.8099000E-10 -9.8961000E-01
 1.5050000E+02  1.9929000E-01 -1.3796000E-01  9.9993000E-01 -9.9037000E-01  7.5426000E-10 -9.9031000E-01
 1.5100000E+02  2.0013000E-01 -1.3316000E-01  9.9993000E-01 -9.9102000E-01  7.2804000E-10 -9.9096000E-01
 1.5150000E+02  2.0096000E-01 -1.2846000E-01  9.9993000E-01 -9.9165000E-01  7.0231000E-10 -9.9159000E-01
 1.5200000E+02  2.0179000E-01 -1.2384000E-01  9.9993000E-01 -9.9223000E-01  6.7708000E-10 -9.9217000E-01
 1.5250000E+02  2.0260000E-01 -1.1932000E-01  9.9993000E-01 -9.9279000E-01  6.5235000E-10 -9.9273000E-01
 1.5300000E+02  2.0341000E-01 -1.1489000E-01  9.9993000E-01 -9.9331000E-01  6.2812000E-10 -9.9325000E-01
 1.5350000E+02  2.0420000E-01 -1.1054000E-01  9.9993000E-01 -9.9380000E-01  6.0438000E-10 -9.9374000E-01
 1.5400000E+02  2.0499000E-01 -1.0629000E-01  9.9993000E-01 -9.9427000E-01  5.8113000E-10 -9.9421000E-01
 1.5450000E+02  2.0576000E-01 -1.0213000E-01  9.9993000E-01 -9.9470000E-01  5.5836000E-10 -9.9464000E-01
 1.5500000E+02  2.0652000E-01 -9.8054000E-02  9.9993000E-01 -9.9511000E-01  5.3609000E-10 -9.9505000E-01
 1.5550000E+02  2.0727000E-01 -9.4068000E-02  9.9993000E-01 -9.9550000E-01  5.1430000E-10 -9.9544000E-01
 1.5600000E+02  2.0801000E-01 -9.0171000E-02  9.9993000E-01 -9.9586000E-01  4.9299000E-10 -9.9580000E-01
 1.5650000E+02  2.0874000E-01 -8.6361000E-02  9.9993000E-01 -9.9620000E-01  4.7216000E-10 -9.9614000E-01
 1.5700000E+02  2.0946000E-01 -8.2639000E-02  9.9993000E-01 -9.9651000E-01  4.5181000E-10 -9.9645000E-01
 1.5750000E+02  2.1016000E-01 -7.9003000E-02  9.9993000E-01 -9.9681000E-01  4.3193000E-10 -9.9675000E-01
 1.5800000E+02  2.1086000E-01 -7.5455000E-02  9.9993000E-01 -9.9708000E-01  4.1253000E-10 -9.9702000E-01
 1.5850000E+02  2.1154000E-01 -7.1992000E-02  9.9993000E-01 -9.9734000E-01  3.9360000E-10 -9.9728000E-01
 1.5900000E+02  2.1220000E-01 -6.8616000E-02  9.9993000E-01 -9.9758000E-01  3.7514000E-10 -9.9752000E-01
 1.5950000E+02  2.1286000E-01 -6.5324000E-02  9.9994000E-01 -9.9780000E-01  3.5715000E-10 -9.9774000E-01
 1.6000000E+02  2.1350000E-01 -6.2118000E-02  9.9994000E-01 -9.9800000E-01  3.3962000E-10 -9.9794000E-01
 1.6050000E+02  2.1413000E-01 -5.8997000E-02  9.9994000E-01 -9.9819000E-01  3.2255000E-10 -9.9813000E-01
 1.6100000E+02  2.1475000E-01 -5.5960000E-02  9.9994000E-01 -9.9837000E-01  3.0594000E-10 -9.9831000E-01
 1.6150000E+02  2.1535000E-01 -5.3006000E-02  9.9994000E-01 -9.9853000E-01  2.8980000E-10 -9.9847000E-01
 1.6200000E+02  2.1594000E-01 -5.0136000E-02  9.9994000E-01 -9.9868000E-01  2.7411000E-10 -9.9862000E-01
 1.6250000E+02  2.1651000E-01 -4.7350000E-02  9.9994000E-01 -9.9881000E-01  2.5887000E-10 -9.9875000E-01
 1.6300000E+02  2.1707000E-01 -4.4646000E-02  9.9994000E-01 -9.9894000E-01  2.4409000E-10 -9.9888000E-01
 1.6350000E+02  2.1761000E-01 -4.2025000E-02  9.9994000E-01 -9.9905000E-01  2.2976000E-10 -9.9899000E-01
 1.6400000E+02  2.1815000E-01 -3.9486000E-02  9.9994000E-01 -9.9916000E-01  2.1588000E-10 -9.9910000E-01
 1.6450000E+02  2.1866000E-01 -3.7028000E-02  9.9994000E-01 -9.9925000E-01  2.0244000E-10 -9.9919000E-01
 1.6500000E+02  2.1916000E-01 -3.4652000E-02  9.9994000E-01 -9.9934000E-01  1.8945000E-10 -9.9928000E-01
 1.6550000E+02  2.1965000E-01 -3.2357000E-02  9.9994000E-01 -9.9941000E-01  1.7690000E-10 -9.9935000E-01
 1.6600000E+02  2.2012000E-01 -3.0143000E-02  9.9994000E-01 -9.9948000E-01  1.6480000E-10 -9.9942000E-01
 1.6650000E+02  2.2058000E-01 -2.8010000E-02  9.9994000E-01 -9.9955000E-01  1.5314000E-10 -9.9948000E-01
 1.6700000E+02  2.2102000E-01 -2.5957000E-02  9.9994000E-01 -9.9960000E-01  1.4191000E-10 -9.9954000E-01
 1.6750000E+02  2.2144000E-01 -2.3983000E-02  9.9994000E-01 -9.9965000E-01  1.3112000E-10 -9.9959000E-01
 1.6800000E+02  2.2185000E-01 -2.2090000E-02  9.9994000E-01 -9.9969000E-01  1.2077000E-10 -9.9963000E-01
 1.6850000E+02  2.2225000E-01 -2.0275000E-02  9.9994000E-01 -9.9973000E-01  1.1085000E-10 -9.9967000E-01
 1.6900000E+02  2.2263000E-01 -1.8540000E-02  9.9994000E-01 -9.9977000E-01  1.0136000E-10 -9.9971000E-01
 1.6950000E+02  2.2299000E-01 -1.6884000E-02  9.9994000E-01 -9.9980000E-01  9.2309000E-11 -9.9973000E-01
 1.7000000E+02  2.2333000E-01 -1.5307000E-02  9.9994000E-01 -9.9982000E-01  8.3685000E-11 -9.9976000E-01
 1.7050000E+02  2.2366000E-01 -1.3808000E-02  9.9994000E-01 -9.9984000E-01  7.5489000E-11 -9.9978000E-01
 1.7100000E+02  2.2398000E-01 -1.2387000E-02  9.9994000E-01 -9.9986000E-01  6.7720000E-11 -9.9980000E-01
 1.7150000E+02  2.2428000E-01 -1.1044000E-02  9.9994000E-01 -9.9988000E-01  6.0378000E-11 -9.9982000E-01
 1.7200000E+02  2.2456000E-01 -9.7787000E-03  9.9994000E-01 -9.9989000E-01  5.3462000E-11 -9.9983000E-01
 1.7250000E+02  2.2482000E-01 -8.5912000E-03  9.9994000E-01 -9.9990000E-01  4.6970000E-11 -9.9984000E-01
 1.7300000E+02  2.2507000E-01 -7.4812000E-03  9.9994000E-01 -9.9991000E-01  4.0901000E-11 -9.9985000E-01
 1.7350000E+02  2.2530000E-01 -6.4484000E-03  9.9994000E-01 -9.9992000E-01  3.5255000E-11 -9.9986000E-01
 1.7400000E+02  2.2551000E-01 -5.4928000E-03  9.9994000E-01 -9.9992000E-01  3.0030000E-11 -9.9986000E-01
 1.7450000E+02  2.2571000E-01 -4.6141000E-03  9.9994000E-01 -9.9993000E-01  2.5226000E-11 -9.9987000E-01
 1.7500000E+02  2.2589000E-01 -3.8123000E-03  9.9994000E-01 -9.9993000E-01  2.0843000E-11 -9.9987000E-01
 1.7550000E+02  2.2605000E-01 -3.0872000E-03  9.9994000E-01 -9.9993000E-01  1.6878000E-11 -9.9987000E-01
 1.7600000E+02  2.2620000E-01 -2.4388000E-03  9.9994000E-01 -9.9994000E-01  1.3333000E-11 -9.9988000E-01
 1.7650000E+02  2.2633000E-01 -1.8668000E-03  9.9994000E-01 -9.9994000E-01  1.0206000E-11 -9.9988000E-01
 1.7700000E+02  2.2644000E-01 -1.3713000E-03  9.9994000E-01 -9.9994000E-01  7.4972000E-12 -9.9988000E-01
 1.7750000E+02  2.2653000E-01 -9.5217000E-04  9.9994000E-01 -9.9994000E-01  5.2057000E-12 -9.9988000E-01
 1.7800000E+02  2.2661000E-01 -6.0932000E-04  9.9994000E-01 -9.9994000E-01  3.3313000E-12 -9.9988000E-01
 1.7850000E+02  2.2667000E-01 -3.4271000E-04  9.9994000E-01 -9.9994000E-01  1.8737000E-12 -9.9988000E-01
 1.7900000E+02  2.2671000E-01 -1.5231000E-04  9.9994000E-01 -9.9994000E-01  8.3268000E-13 -9.9988000E-01
 1.7950000E+02  2.2674000E-01 -3.8075000E-05  9.9994000E-01 -9.9994000E-01  2.0816000E-13 -9.9988000E-01
 1.8000000E+02  2.2675000E-01 -3.7745000E-15  9.9994000E-01 -9.9994000E-01  2.0636000E-23 -9.9988000E-01
