length scale factor
9.3494000E-02
volume cluster radius, area mean sphere radius, circumscribing radius, cross section radius
1.8828350E+00 9.3400506E-02 1.1075944E+01 1.8828350E+00
total extinction, absorption, scattering efficiencies (unpolarized incidence)
6.7256000E-01 2.1439000E-02 6.5112000E-01
theta     11          12          22          33          34          44
0.000000 8.2745000E+00 0.0000000E+00 9.9993000E-01 9.9993000E-01 0.0000000E+00 9.9986000E-01
0.500000 8.2665000E+00 -3.8240000E-05 9.9993000E-01 9.9993000E-01 1.4222000E-06 9.9986000E-01
1.000000 8.2426000E+00 -1.5297000E-04 9.9993000E-01 9.9993000E-01 5.6885000E-06 9.9986000E-01
1.500000 8.2030000E+00 -3.4422000E-04 9.9993000E-01 9.9993000E-01 1.2798000E-05 9.9986000E-01
2.000000 8.1478000E+00 -6.1205000E-04 9.9993000E-01 9.9993000E-01 2.2749000E-05 9.9986000E-01
2.500000 8.0775000E+00 -9.5653000E-04 9.9993000E-01 9.9993000E-01 3.5539000E-05 9.9986000E-01
3.000000 7.9924000E+00 -1.3778000E-03 9.9993000E-01 9.9993000E-01 5.1164000E-05 9.9986000E-01
3.500000 7.8930000E+00 -1.8759000E-03 9.9993000E-01 9.9993000E-01 6.9620000E-05 9.9986000E-01
4.000000 7.7800000E+00 -2.4510000E-03 9.9993000E-01 9.9992000E-01 9.0900000E-05 9.9985000E-01
4.500000 7.6539000E+00 -3.1032000E-03 9.9993000E-01 9.9992000E-01 1.1500000E-04 9.9985000E-01
5.000000 7.5156000E+00 -3.8328000E-03 9.9993000E-01 9.9992000E-01 1.4190000E-04 9.9984000E-01
5.500000 7.3658000E+00 -4.6400000E-03 9.9992000E-01 9.9991000E-01 1.7159000E-04 9.9984000E-01
6.000000 7.2053000E+00 -5.5250000E-03 9.9992000E-01 9.9991000E-01 2.0406000E-04 9.9983000E-01
6.500000 7.0350000E+00 -6.4879000E-03 9.9992000E-01 9.9990000E-01 2.3927000E-04 9.9982000E-01
7.000000 6.8560000E+00 -7.5292000E-03 9.9992000E-01 9.9989000E-01 2.7722000E-04 9.9981000E-01
7.500000 6.6690000E+00 -8.6490000E-03 9.9992000E-01 9.9988000E-01 3.1786000E-04 9.9980000E-01
8.000000 6.4752000E+00 -9.8476000E-03 9.9992000E-01 9.9987000E-01 3.6115000E-04 9.9978000E-01
8.500000 6.2755000E+00 -1.1125000E-02 9.9991000E-01 9.9985000E-01 4.0706000E-04 9.9977000E-01
9.000000 6.0709000E+00 -1.2483000E-02 9.9991000E-01 9.9983000E-01 4.5551000E-04 9.9974000E-01
9.500000 5.8624000E+00 -1.3920000E-02 9.9991000E-01 9.9981000E-01 5.0645000E-04 9.9972000E-01
10.000000 5.6510000E+00 -1.5437000E-02 9.9990000E-01 9.9979000E-01 5.5980000E-04 9.9969000E-01
10.500000 5.4377000E+00 -1.7035000E-02 9.9990000E-01 9.9976000E-01 6.1547000E-04 9.9966000E-01
11.000000 5.2234000E+00 -1.8714000E-02 9.9990000E-01 9.9972000E-01 6.7335000E-04 9.9962000E-01
11.500000 5.0090000E+00 -2.0475000E-02 9.9989000E-01 9.9968000E-01 7.3332000E-04 9.9958000E-01
12.000000 4.7954000E+00 -2.2316000E-02 9.9989000E-01 9.9964000E-01 7.9524000E-04 9.9954000E-01
12.500000 4.5834000E+00 -2.4241000E-02 9.9989000E-01 9.9959000E-01 8.5894000E-04 9.9948000E-01
13.000000 4.3738000E+00 -2.6247000E-02 9.9988000E-01 9.9954000E-01 9.2425000E-04 9.9942000E-01
13.500000 4.1673000E+00 -2.8336000E-02 9.9988000E-01 9.9947000E-01 9.9095000E-04 9.9936000E-01
14.000000 3.9647000E+00 -3.0509000E-02 9.9987000E-01 9.9940000E-01 1.0588000E-03 9.9928000E-01
14.500000 3.7664000E+00 -3.2764000E-02 9.9987000E-01 9.9933000E-01 1.1276000E-03 9.9920000E-01
15.000000 3.5731000E+00 -3.5104000E-02 9.9986000E-01 9.9924000E-01 1.1970000E-03 9.9911000E-01
15.500000 3.3853000E+00 -3.7527000E-02 9.9985000E-01 9.9915000E-01 1.2666000E-03 9.9901000E-01
16.000000 3.2033000E+00 -4.0035000E-02 9.9985000E-01 9.9904000E-01 1.3362000E-03 9.9890000E-01
16.500000 3.0276000E+00 -4.2626000E-02 9.9984000E-01 9.9893000E-01 1.4054000E-03 9.9878000E-01
17.000000 2.8584000E+00 -4.5301000E-02 9.9983000E-01 9.9880000E-01 1.4737000E-03 9.9865000E-01
17.500000 2.6960000E+00 -4.8061000E-02 9.9982000E-01 9.9866000E-01 1.5407000E-03 9.9850000E-01
18.000000 2.5405000E+00 -5.0904000E-02 9.9982000E-01 9.9851000E-01 1.6060000E-03 9.9835000E-01
18.500000 2.3922000E+00 -5.3831000E-02 9.9981000E-01 9.9835000E-01 1.6690000E-03 9.9818000E-01
19.000000 2.2509000E+00 -5.6841000E-02 9.9980000E-01 9.9817000E-01 1.7292000E-03 9.9799000E-01
19.500000 2.1169000E+00 -5.9934000E-02 9.9979000E-01 9.9798000E-01 1.7863000E-03 9.9779000E-01
20.000000 1.9899000E+00 -6.3108000E-02 9.9977000E-01 9.9777000E-01 1.8395000E-03 9.9757000E-01
20.500000 1.8701000E+00 -6.6363000E-02 9.9976000E-01 9.9755000E-01 1.8886000E-03 9.9734000E-01
21.000000 1.7571000E+00 -6.9698000E-02 9.9975000E-01 9.9731000E-01 1.9329000E-03 9.9709000E-01
21.500000 1.6510000E+00 -7.3112000E-02 9.9974000E-01 9.9705000E-01 1.9721000E-03 9.9682000E-01
22.000000 1.5514000E+00 -7.6603000E-02 9.9972000E-01 9.9677000E-01 2.0059000E-03 9.9653000E-01
22.500000 1.4583000E+00 -8.0171000E-02 9.9971000E-01 9.9648000E-01 2.0339000E-03 9.9622000E-01
23.000000 1.3713000E+00 -8.3813000E-02 9.9969000E-01 9.9616000E-01 2.0561000E-03 9.9589000E-01
23.500000 1.2902000E+00 -8.7529000E-02 9.9967000E-01 9.9582000E-01 2.0722000E-03 9.9554000E-01
24.000000 1.2147000E+00 -9.1317000E-02 9.9966000E-01 9.9546000E-01 2.0824000E-03 9.9517000E-01
24.500000 1.1446000E+00 -9.5175000E-02 9.9964000E-01 9.9508000E-01 2.0870000E-03 9.9478000E-01
25.000000 1.0796000E+00 -9.9103000E-02 9.9962000E-01 9.9468000E-01 2.0861000E-03 9.9436000E-01
25.500000 1.0193000E+00 -1.0310000E-01 9.9960000E-01 9.9425000E-01 2.0804000E-03 9.9392000E-01
26.000000 9.6347000E-01 -1.0716000E-01 9.9958000E-01 9.9380000E-01 2.0705000E-03 9.9345000E-01
26.500000 9.1181000E-01 -1.1129000E-01 9.9956000E-01 9.9333000E-01 2.0571000E-03 9.9296000E-01
27.000000 8.6403000E-01 -1.1549000E-01 9.9953000E-01 9.9283000E-01 2.0412000E-03 9.9244000E-01
27.500000 8.1984000E-01 -1.1975000E-01 9.9951000E-01 9.9230000E-01 2.0237000E-03 9.9189000E-01
28.000000 7.7896000E-01 -1.2408000E-01 9.9949000E-01 9.9174000E-01 2.0057000E-03 9.9132000E-01
28.500000 7.4114000E-01 -1.2848000E-01 9.9946000E-01 9.9116000E-01 1.9883000E-03 9.9072000E-01
29.000000 7.0610000E-01 -1.3295000E-01 9.9943000E-01 9.9054000E-01 1.9726000E-03 9.9008000E-01
29.500000 6.7362000E-01 -1.3749000E-01 9.9941000E-01 9.8990000E-01 1.9597000E-03 9.8942000E-01
30.000000 6.4346000E-01 -1.4210000E-01 9.9938000E-01 9.8922000E-01 1.9505000E-03 9.8872000E-01
30.500000 6.1541000E-01 -1.4679000E-01 9.9935000E-01 9.8851000E-01 1.9461000E-03 9.8799000E-01
31.000000 5.8926000E-01 -1.5156000E-01 9.9932000E-01 9.8776000E-01 1.9471000E-03 9.8722000E-01
31.500000 5.6485000E-01 -1.5640000E-01 9.9929000E-01 9.8698000E-01 1.9541000E-03 9.8642000E-01
32.000000 5.4198000E-01 -1.6133000E-01 9.9926000E-01 9.8616000E-01 1.9677000E-03 9.8557000E-01
32.500000 5.2052000E-01 -1.6635000E-01 9.9923000E-01 9.8530000E-01 1.9881000E-03 9.8469000E-01
33.000000 5.0032000E-01 -1.7146000E-01 9.9920000E-01 9.8439000E-01 2.0154000E-03 9.8376000E-01
33.500000 4.8125000E-01 -1.7666000E-01 9.9916000E-01 9.8344000E-01 2.0494000E-03 9.8278000E-01
34.000000 4.6321000E-01 -1.8196000E-01 9.9913000E-01 9.8244000E-01 2.0900000E-03 9.8176000E-01
34.500000 4.4609000E-01 -1.8736000E-01 9.9909000E-01 9.8139000E-01 2.1365000E-03 9.8068000E-01
35.000000 4.2981000E-01 -1.9286000E-01 9.9905000E-01 9.8029000E-01 2.1883000E-03 9.7955000E-01
35.500000 4.1429000E-01 -1.9846000E-01 9.9901000E-01 9.7913000E-01 2.2446000E-03 9.7837000E-01
36.000000 3.9946000E-01 -2.0418000E-01 9.9897000E-01 9.7792000E-01 2.3043000E-03 9.7713000E-01
36.500000 3.8526000E-01 -2.1001000E-01 9.9893000E-01 9.7664000E-01 2.3663000E-03 9.7583000E-01
37.000000 3.7165000E-01 -2.1595000E-01 9.9889000E-01 9.7530000E-01 2.4294000E-03 9.7446000E-01
37.500000 3.5859000E-01 -2.2201000E-01 9.9884000E-01 9.7390000E-01 2.4920000E-03 9.7302000E-01
38.000000 3.4604000E-01 -2.2818000E-01 9.9880000E-01 9.7242000E-01 2.5527000E-03 9.7151000E-01
38.500000 3.3396000E-01 -2.3448000E-01 9.9875000E-01 9.7087000E-01 2.6099000E-03 9.6993000E-01
39.000000 3.2235000E-01 -2.4091000E-01 9.9870000E-01 9.6924000E-01 2.6619000E-03 9.6828000E-01
39.500000 3.1117000E-01 -2.4746000E-01 9.9865000E-01 9.6754000E-01 2.7068000E-03 9.6654000E-01
40.000000 3.0042000E-01 -2.5413000E-01 9.9860000E-01 9.6575000E-01 2.7430000E-03 9.6471000E-01
40.500000 2.9008000E-01 -2.6094000E-01 9.9855000E-01 9.6387000E-01 2.7686000E-03 9.6280000E-01
41.000000 2.8014000E-01 -2.6787000E-01 9.9849000E-01 9.6190000E-01 2.7818000E-03 9.6080000E-01
41.500000 2.7058000E-01 -2.7494000E-01 9.9844000E-01 9.5984000E-01 2.7809000E-03 9.5870000E-01
42.000000 2.6141000E-01 -2.8213000E-01 9.9838000E-01 9.5768000E-01 2.7641000E-03 9.5651000E-01
42.500000 2.5262000E-01 -2.8946000E-01 9.9832000E-01 9.5542000E-01 2.7299000E-03 9.5421000E-01
43.000000 2.4420000E-01 -2.9692000E-01 9.9826000E-01 9.5305000E-01 2.6767000E-03 9.5181000E-01
43.500000 2.3615000E-01 -3.0451000E-01 9.9820000E-01 9.5057000E-01 2.6032000E-03 9.4930000E-01
44.000000 2.2845000E-01 -3.1223000E-01 9.9813000E-01 9.4799000E-01 2.5083000E-03 9.4668000E-01
44.500000 2.2112000E-01 -3.2008000E-01 9.9807000E-01 9.4528000E-01 2.3910000E-03 9.4394000E-01
45.000000 2.1413000E-01 -3.2806000E-01 9.9801000E-01 9.4246000E-01 2.2508000E-03 9.4108000E-01
45.500000 2.0748000E-01 -3.3616000E-01 9.9794000E-01 9.3952000E-01 2.0872000E-03 9.3811000E-01
46.000000 2.0117000E-01 -3.4437000E-01 9.9788000E-01 9.3645000E-01 1.9002000E-03 9.3500000E-01
46.500000 1.9519000E-01 -3.5271000E-01 9.9781000E-01 9.3326000E-01 1.6902000E-03 9.3178000E-01
47.000000 1.8953000E-01 -3.6116000E-01 9.9775000E-01 9.2993000E-01 1.4579000E-03 9.2842000E-01
47.500000 1.8418000E-01 -3.6971000E-01 9.9768000E-01 9.2648000E-01 1.2042000E-03 9.2494000E-01
48.000000 1.7914000E-01 -3.7836000E-01 9.9761000E-01 9.2289000E-01 9.3071000E-04 9.2132000E-01
48.500000 1.7439000E-01 -3.8711000E-01 9.9755000E-01 9.1917000E-01 6.3921000E-04 9.1757000E-01
49.000000 1.6993000E-01 -3.9595000E-01 9.9749000E-01 9.1531000E-01 3.3189000E-04 9.1369000E-01
49.500000 1.6574000E-01 -4.0487000E-01 9.9742000E-01 9.1132000E-01 1.1277000E-05 9.0967000E-01
50.000000 1.6180000E-01 -4.1387000E-01 9.9736000E-01 9.0719000E-01 -3.1980000E-04 9.0552000E-01
50.500000 1.5812000E-01 -4.2293000E-01 9.9730000E-01 9.0293000E-01 -6.5824000E-04 9.0123000E-01
51.000000 1.5468000E-01 -4.3206000E-01 9.9724000E-01 8.9852000E-01 -1.0008000E-03 8.9681000E-01
51.500000 1.5146000E-01 -4.4124000E-01 9.9718000E-01 8.9398000E-01 -1.3439000E-03 8.9225000E-01
52.000000 1.4846000E-01 -4.5046000E-01 9.9713000E-01 8.8930000E-01 -1.6840000E-03 8.8756000E-01
52.500000 1.4565000E-01 -4.5973000E-01 9.9707000E-01 8.8449000E-01 -2.0176000E-03 8.8273000E-01
53.000000 1.4303000E-01 -4.6903000E-01 9.9702000E-01 8.7954000E-01 -2.3411000E-03 8.7776000E-01
53.500000 1.4059000E-01 -4.7835000E-01 9.9697000E-01 8.7445000E-01 -2.6509000E-03 8.7266000E-01
54.000000 1.3831000E-01 -4.8769000E-01 9.9692000E-01 8.6922000E-01 -2.9436000E-03 8.6742000E-01
54.500000 1.3618000E-01 -4.9705000E-01 9.9687000E-01 8.6386000E-01 -3.2162000E-03 8.6205000E-01
55.000000 1.3419000E-01 -5.0642000E-01 9.9683000E-01 8.5835000E-01 -3.4656000E-03 8.5654000E-01
55.500000 1.3232000E-01 -5.1580000E-01 9.9679000E-01 8.5271000E-01 -3.6891000E-03 8.5089000E-01
56.000000 1.3056000E-01 -5.2518000E-01 9.9675000E-01 8.4694000E-01 -3.8842000E-03 8.4511000E-01
56.500000 1.2891000E-01 -5.3455000E-01 9.9671000E-01 8.4102000E-01 -4.0490000E-03 8.3919000E-01
57.000000 1.2734000E-01 -5.4392000E-01 9.9667000E-01 8.3496000E-01 -4.1814000E-03 8.3312000E-01
57.500000 1.2585000E-01 -5.5329000E-01 9.9663000E-01 8.2875000E-01 -4.2801000E-03 8.2692000E-01
58.000000 1.2444000E-01 -5.6264000E-01 9.9660000E-01 8.2241000E-01 -4.3438000E-03 8.2057000E-01
58.500000 1.2308000E-01 -5.7198000E-01 9.9656000E-01 8.1591000E-01 -4.3717000E-03 8.1407000E-01
59.000000 1.2176000E-01 -5.8131000E-01 9.9653000E-01 8.0927000E-01 -4.3632000E-03 8.0742000E-01
59.500000 1.2049000E-01 -5.9062000E-01 9.9649000E-01 8.0247000E-01 -4.3179000E-03 8.0063000E-01
60.000000 1.1925000E-01 -5.9992000E-01 9.9646000E-01 7.9552000E-01 -4.2357000E-03 7.9368000E-01
60.500000 1.1802000E-01 -6.0920000E-01 9.9643000E-01 7.8841000E-01 -4.1169000E-03 7.8657000E-01
61.000000 1.1682000E-01 -6.1846000E-01 9.9640000E-01 7.8114000E-01 -3.9617000E-03 7.7930000E-01
61.500000 1.1562000E-01 -6.2769000E-01 9.9637000E-01 7.7371000E-01 -3.7707000E-03 7.7186000E-01
62.000000 1.1442000E-01 -6.3691000E-01 9.9633000E-01 7.6611000E-01 -3.5446000E-03 7.6426000E-01
62.500000 1.1321000E-01 -6.4611000E-01 9.9630000E-01 7.5834000E-01 -3.2842000E-03 7.5649000E-01
63.000000 1.1200000E-01 -6.5528000E-01 9.9627000E-01 7.5039000E-01 -2.9904000E-03 7.4854000E-01
63.500000 1.1077000E-01 -6.6443000E-01 9.9624000E-01 7.4226000E-01 -2.6643000E-03 7.4041000E-01
64.000000 1.0952000E-01 -6.7355000E-01 9.9620000E-01 7.3395000E-01 -2.3070000E-03 7.3210000E-01
64.500000 1.0824000E-01 -6.8264000E-01 9.9617000E-01 7.2546000E-01 -1.9196000E-03 7.2361000E-01
65.000000 1.0695000E-01 -6.9170000E-01 9.9613000E-01 7.1677000E-01 -1.5034000E-03 7.1492000E-01
65.500000 1.0562000E-01 -7.0072000E-01 9.9609000E-01 7.0790000E-01 -1.0595000E-03 7.0604000E-01
66.000000 1.0426000E-01 -7.0971000E-01 9.9605000E-01 6.9882000E-01 -5.8941000E-04 6.9696000E-01
66.500000 1.0288000E-01 -7.1866000E-01 9.9601000E-01 6.8954000E-01 -9.4253000E-05 6.8768000E-01
67.000000 1.0146000E-01 -7.2757000E-01 9.9597000E-01 6.8006000E-01 4.2462000E-04 6.7820000E-01
67.500000 1.0001000E-01 -7.3643000E-01 9.9593000E-01 6.7037000E-01 9.6588000E-04 6.6851000E-01
68.000000 9.8526000E-02 -7.4524000E-01 9.9588000E-01 6.6047000E-01 1.5282000E-03 6.5860000E-01
68.500000 9.7013000E-02 -7.5400000E-01 9.9583000E-01 6.5036000E-01 2.1103000E-03 6.4848000E-01
69.000000 9.5471000E-02 -7.6270000E-01 9.9578000E-01 6.4002000E-01 2.7108000E-03 6.3815000E-01
69.500000 9.3901000E-02 -7.7134000E-01 9.9573000E-01 6.2947000E-01 3.3285000E-03 6.2759000E-01
70.000000 9.2304000E-02 -7.7991000E-01 9.9567000E-01 6.1869000E-01 3.9618000E-03 6.1681000E-01
70.500000 9.0684000E-02 -7.8840000E-01 9.9561000E-01 6.0769000E-01 4.6096000E-03 6.0580000E-01
71.000000 8.9042000E-02 -7.9682000E-01 9.9555000E-01 5.9647000E-01 5.2705000E-03 5.9457000E-01
71.500000 8.7382000E-02 -8.0515000E-01 9.9548000E-01 5.8501000E-01 5.9430000E-03 5.8311000E-01
72.000000 8.5706000E-02 -8.1339000E-01 9.9541000E-01 5.7332000E-01 6.6259000E-03 5.7141000E-01
72.500000 8.4017000E-02 -8.2154000E-01 9.9534000E-01 5.6140000E-01 7.3177000E-03 5.5949000E-01
73.000000 8.2319000E-02 -8.2958000E-01 9.9527000E-01 5.4924000E-01 8.0170000E-03 5.4733000E-01
73.500000 8.0615000E-02 -8.3751000E-01 9.9519000E-01 5.3685000E-01 8.7224000E-03 5.3493000E-01
74.000000 7.8909000E-02 -8.4533000E-01 9.9511000E-01 5.2423000E-01 9.4324000E-03 5.2230000E-01
74.500000 7.7203000E-02 -8.5302000E-01 9.9502000E-01 5.1137000E-01 1.0145000E-02 5.0944000E-01
75.000000 7.5502000E-02 -8.6058000E-01 9.9493000E-01 4.9828000E-01 1.0860000E-02 4.9634000E-01
75.500000 7.3808000E-02 -8.6800000E-01 9.9484000E-01 4.8495000E-01 1.1575000E-02 4.8301000E-01
76.000000 7.2126000E-02 -8.7528000E-01 9.9475000E-01 4.7138000E-01 1.2288000E-02 4.6944000E-01
76.500000 7.0458000E-02 -8.8240000E-01 9.9465000E-01 4.5759000E-01 1.2999000E-02 4.5564000E-01
77.000000 6.8807000E-02 -8.8936000E-01 9.9455000E-01 4.4357000E-01 1.3704000E-02 4.4162000E-01
77.500000 6.7177000E-02 -8.9615000E-01 9.9444000E-01 4.2932000E-01 1.4404000E-02 4.2736000E-01
78.000000 6.5570000E-02 -9.0276000E-01 9.9433000E-01 4.1484000E-01 1.5095000E-02 4.1288000E-01
78.500000 6.3989000E-02 -9.0919000E-01 9.9422000E-01 4.0014000E-01 1.5777000E-02 3.9819000E-01
79.000000 6.2436000E-02 -9.1542000E-01 9.9410000E-01 3.8523000E-01 1.6447000E-02 3.8327000E-01
79.500000 6.0914000E-02 -9.2145000E-01 9.9398000E-01 3.7011000E-01 1.7105000E-02 3.6815000E-01
80.000000 5.9425000E-02 -9.2727000E-01 9.9386000E-01 3.5478000E-01 1.7748000E-02 3.5282000E-01
80.500000 5.7971000E-02 -9.3287000E-01 9.9374000E-01 3.3924000E-01 1.8375000E-02 3.3729000E-01
81.000000 5.6553000E-02 -9.3824000E-01 9.9361000E-01 3.2352000E-01 1.8984000E-02 3.2156000E-01
81.500000 5.5172000E-02 -9.4338000E-01 9.9348000E-01 3.0760000E-01 1.9574000E-02 3.0565000E-01
82.000000 5.3830000E-02 -9.4828000E-01 9.9335000E-01 2.9151000E-01 2.0144000E-02 2.8956000E-01
82.500000 5.2528000E-02 -9.5293000E-01 9.9322000E-01 2.7524000E-01 2.0692000E-02 2.7330000E-01
83.000000 5.1267000E-02 -9.5732000E-01 9.9308000E-01 2.5881000E-01 2.1217000E-02 2.5688000E-01
83.500000 5.0047000E-02 -9.6146000E-01 9.9295000E-01 2.4222000E-01 2.1717000E-02 2.4031000E-01
84.000000 4.8868000E-02 -9.6532000E-01 9.9281000E-01 2.2550000E-01 2.2193000E-02 2.2359000E-01
84.500000 4.7731000E-02 -9.6891000E-01 9.9267000E-01 2.0863000E-01 2.2642000E-02 2.0674000E-01
85.000000 4.6636000E-02 -9.7221000E-01 9.9254000E-01 1.9165000E-01 2.3064000E-02 1.8977000E-01
85.500000 4.5582000E-02 -9.7523000E-01 9.9240000E-01 1.7455000E-01 2.3458000E-02 1.7269000E-01
86.000000 4.4570000E-02 -9.7797000E-01 9.9226000E-01 1.5735000E-01 2.3825000E-02 1.5551000E-01
86.500000 4.3597000E-02 -9.8040000E-01 9.9213000E-01 1.4006000E-01 2.4163000E-02 1.3824000E-01
87.000000 4.2665000E-02 -9.8254000E-01 9.9200000E-01 1.2269000E-01 2.4473000E-02 1.2089000E-01
87.500000 4.1772000E-02 -9.8438000E-01 9.9186000E-01 1.0526000E-01 2.4754000E-02 1.0348000E-01
88.000000 4.0918000E-02 -9.8592000E-01 9.9173000E-01 8.7772000E-02 2.5007000E-02 8.6011000E-02
88.500000 4.0101000E-02 -9.8715000E-01 9.9161000E-01 7.0240000E-02 2.5231000E-02 6.8505000E-02
89.000000 3.9320000E-02 -9.8807000E-01 9.9148000E-01 5.2678000E-02 2.5428000E-02 5.0970000E-02
89.500000 3.8575000E-02 -9.8868000E-01 9.9136000E-01 3.5095000E-02 2.5598000E-02 3.3416000E-02
90.000000 3.7864000E-02 -9.8899000E-01 9.9124000E-01 1.7505000E-02 2.5741000E-02 1.5856000E-02
90.500000 3.7186000E-02 -9.8899000E-01 9.9113000E-01 -8.3187000E-05 2.5858000E-02 -1.7006000E-03
91.000000 3.6540000E-02 -9.8868000E-01 9.9101000E-01 -1.7658000E-02 2.5950000E-02 -1.9242000E-02
91.500000 3.5924000E-02 -9.8806000E-01 9.9091000E-01 -3.5208000E-02 2.6018000E-02 -3.6757000E-02
92.000000 3.5337000E-02 -9.8714000E-01 9.9080000E-01 -5.2725000E-02 2.6062000E-02 -5.4237000E-02
92.500000 3.4779000E-02 -9.8591000E-01 9.9070000E-01 -7.0197000E-02 2.6084000E-02 -7.1672000E-02
93.000000 3.4248000E-02 -9.8438000E-01 9.9061000E-01 -8.7617000E-02 2.6085000E-02 -8.9052000E-02
93.500000 3.3742000E-02 -9.8256000E-01 9.9052000E-01 -1.0497000E-01 2.6065000E-02 -1.0637000E-01
94.000000 3.3261000E-02 -9.8043000E-01 9.9043000E-01 -1.2226000E-01 2.6026000E-02 -1.2361000E-01
94.500000 3.2803000E-02 -9.7801000E-01 9.9035000E-01 -1.3947000E-01 2.5968000E-02 -1.4078000E-01
95.000000 3.2367000E-02 -9.7530000E-01 9.9027000E-01 -1.5659000E-01 2.5893000E-02 -1.5785000E-01
95.500000 3.1952000E-02 -9.7231000E-01 9.9020000E-01 -1.7362000E-01 2.5800000E-02 -1.7483000E-01
96.000000 3.1558000E-02 -9.6903000E-01 9.9013000E-01 -1.9054000E-01 2.5692000E-02 -1.9171000E-01
96.500000 3.1182000E-02 -9.6547000E-01 9.9006000E-01 -2.0736000E-01 2.5568000E-02 -2.0848000E-01
97.000000 3.0825000E-02 -9.6164000E-01 9.9000000E-01 -2.2406000E-01 2.5429000E-02 -2.2513000E-01
97.500000 3.0485000E-02 -9.5753000E-01 9.8995000E-01 -2.4064000E-01 2.5276000E-02 -2.4166000E-01
98.000000 3.0161000E-02 -9.5316000E-01 9.8989000E-01 -2.5710000E-01 2.5109000E-02 -2.5806000E-01
98.500000 2.9853000E-02 -9.4853000E-01 9.8985000E-01 -2.7342000E-01 2.4929000E-02 -2.7432000E-01
99.000000 2.9560000E-02 -9.4364000E-01 9.8980000E-01 -2.8960000E-01 2.4736000E-02 -2.9045000E-01
99.500000 2.9281000E-02 -9.3850000E-01 9.8976000E-01 -3.0564000E-01 2.4531000E-02 -3.0643000E-01
100.000000 2.9016000E-02 -9.3311000E-01 9.8972000E-01 -3.2153000E-01 2.4314000E-02 -3.2226000E-01
100.500000 2.8764000E-02 -9.2748000E-01 9.8969000E-01 -3.3726000E-01 2.4085000E-02 -3.3793000E-01
101.000000 2.8525000E-02 -9.2161000E-01 9.8966000E-01 -3.5283000E-01 2.3844000E-02 -3.5344000E-01
101.500000 2.8297000E-02 -9.1551000E-01 9.8963000E-01 -3.6824000E-01 2.3591000E-02 -3.6879000E-01
102.000000 2.8082000E-02 -9.0919000E-01 9.8961000E-01 -3.8348000E-01 2.3328000E-02 -3.8396000E-01
102.500000 2.7878000E-02 -9.0265000E-01 9.8959000E-01 -3.9855000E-01 2.3053000E-02 -3.9896000E-01
103.000000 2.7684000E-02 -8.9589000E-01 9.8957000E-01 -4.1343000E-01 2.2766000E-02 -4.1378000E-01
103.500000 2.7502000E-02 -8.8893000E-01 9.8956000E-01 -4.2813000E-01 2.2470000E-02 -4.2841000E-01
104.000000 2.7329000E-02 -8.8177000E-01 9.8955000E-01 -4.4265000E-01 2.2162000E-02 -4.4285000E-01
104.500000 2.7167000E-02 -8.7442000E-01 9.8954000E-01 -4.5697000E-01 2.1844000E-02 -4.5710000E-01
105.000000 2.7015000E-02 -8.6688000E-01 9.8953000E-01 -4.7109000E-01 2.1515000E-02 -4.7115000E-01
105.500000 2.6872000E-02 -8.5917000E-01 9.8953000E-01 -4.8501000E-01 2.1176000E-02 -4.8500000E-01
106.000000 2.6739000E-02 -8.5128000E-01 9.8953000E-01 -4.9873000E-01 2.0827000E-02 -4.9864000E-01
106.500000 2.6616000E-02 -8.4322000E-01 9.8953000E-01 -5.1224000E-01 2.0469000E-02 -5.1207000E-01
107.000000 2.6501000E-02 -8.3501000E-01 9.8954000E-01 -5.2554000E-01 2.0101000E-02 -5.2529000E-01
107.500000 2.6396000E-02 -8.2666000E-01 9.8955000E-01 -5.3862000E-01 1.9725000E-02 -5.3830000E-01
108.000000 2.6299000E-02 -8.1816000E-01 9.8956000E-01 -5.5148000E-01 1.9340000E-02 -5.5108000E-01
108.500000 2.6212000E-02 -8.0952000E-01 9.8957000E-01 -5.6413000E-01 1.8947000E-02 -5.6364000E-01
109.000000 2.6133000E-02 -8.0076000E-01 9.8959000E-01 -5.7655000E-01 1.8546000E-02 -5.7598000E-01
109.500000 2.6062000E-02 -7.9189000E-01 9.8960000E-01 -5.8874000E-01 1.8139000E-02 -5.8809000E-01
110.000000 2.6001000E-02 -7.8290000E-01 9.8962000E-01 -6.0070000E-01 1.7725000E-02 -5.9997000E-01
110.500000 2.5947000E-02 -7.7381000E-01 9.8965000E-01 -6.1244000E-01 1.7306000E-02 -6.1162000E-01
111.000000 2.5902000E-02 -7.6463000E-01 9.8967000E-01 -6.2394000E-01 1.6881000E-02 -6.2304000E-01
111.500000 2.5865000E-02 -7.5536000E-01 9.8970000E-01 -6.3521000E-01 1.6452000E-02 -6.3423000E-01
112.000000 2.5836000E-02 -7.4602000E-01 9.8972000E-01 -6.4625000E-01 1.6020000E-02 -6.4518000E-01
112.500000 2.5814000E-02 -7.3660000E-01 9.8975000E-01 -6.5706000E-01 1.5584000E-02 -6.5590000E-01
113.000000 2.5801000E-02 -7.2712000E-01 9.8979000E-01 -6.6763000E-01 1.5147000E-02 -6.6638000E-01
113.500000 2.5795000E-02 -7.1759000E-01 9.8982000E-01 -6.7796000E-01 1.4708000E-02 -6.7663000E-01
114.000000 2.5796000E-02 -7.0800000E-01 9.8985000E-01 -6.8807000E-01 1.4268000E-02 -6.8664000E-01
114.500000 2.5805000E-02 -6.9838000E-01 9.8989000E-01 -6.9794000E-01 1.3829000E-02 -6.9643000E-01
115.000000 2.5821000E-02 -6.8872000E-01 9.8993000E-01 -7.0758000E-01 1.3391000E-02 -7.0598000E-01
115.500000 2.5844000E-02 -6.7904000E-01 9.8997000E-01 -7.1699000E-01 1.2954000E-02 -7.1530000E-01
116.000000 2.5873000E-02 -6.6933000E-01 9.9001000E-01 -7.2616000E-01 1.2520000E-02 -7.2439000E-01
116.500000 2.5909000E-02 -6.5961000E-01 9.9005000E-01 -7.3512000E-01 1.2088000E-02 -7.3325000E-01
117.000000 2.5951000E-02 -6.4989000E-01 9.9009000E-01 -7.4384000E-01 1.1661000E-02 -7.4189000E-01
117.500000 2.5999000E-02 -6.4016000E-01 9.9013000E-01 -7.5235000E-01 1.1238000E-02 -7.5031000E-01
118.000000 2.6053000E-02 -6.3043000E-01 9.9017000E-01 -7.6063000E-01 1.0819000E-02 -7.5850000E-01
118.500000 2.6113000E-02 -6.2072000E-01 9.9022000E-01 -7.6869000E-01 1.0407000E-02 -7.6648000E-01
119.000000 2.6178000E-02 -6.1101000E-01 9.9026000E-01 -7.7654000E-01 1.0000000E-02 -7.7424000E-01
119.500000 2.6249000E-02 -6.0133000E-01 9.9031000E-01 -7.8418000E-01 9.5997000E-03 -7.8180000E-01
120.000000 2.6324000E-02 -5.9167000E-01 9.9035000E-01 -7.9160000E-01 9.2064000E-03 -7.8914000E-01
120.500000 2.6404000E-02 -5.8204000E-01 9.9040000E-01 -7.9882000E-01 8.8203000E-03 -7.9627000E-01
121.000000 2.6488000E-02 -5.7244000E-01 9.9044000E-01 -8.0584000E-01 8.4419000E-03 -8.0321000E-01
121.500000 2.6577000E-02 -5.6288000E-01 9.9049000E-01 -8.1266000E-01 8.0713000E-03 -8.0994000E-01
122.000000 2.6670000E-02 -5.5336000E-01 9.9053000E-01 -8.1928000E-01 7.7089000E-03 -8.1648000E-01
122.500000 2.6766000E-02 -5.4389000E-01 9.9058000E-01 -8.2571000E-01 7.3547000E-03 -8.2283000E-01
123.000000 2.6866000E-02 -5.3446000E-01 9.9062000E-01 -8.3195000E-01 7.0091000E-03 -8.2898000E-01
123.500000 2.6969000E-02 -5.2509000E-01 9.9066000E-01 -8.3800000E-01 6.6719000E-03 -8.3496000E-01
124.000000 2.7075000E-02 -5.1576000E-01 9.9071000E-01 -8.4387000E-01 6.3435000E-03 -8.4075000E-01
124.500000 2.7183000E-02 -5.0650000E-01 9.9075000E-01 -8.4957000E-01 6.0236000E-03 -8.4636000E-01
125.000000 2.7294000E-02 -4.9730000E-01 9.9079000E-01 -8.5508000E-01 5.7125000E-03 -8.5180000E-01
125.500000 2.7408000E-02 -4.8816000E-01 9.9083000E-01 -8.6043000E-01 5.4100000E-03 -8.5707000E-01
126.000000 2.7523000E-02 -4.7908000E-01 9.9087000E-01 -8.6561000E-01 5.1161000E-03 -8.6217000E-01
126.500000 2.7641000E-02 -4.7007000E-01 9.9091000E-01 -8.7063000E-01 4.8307000E-03 -8.6712000E-01
127.000000 2.7760000E-02 -4.6114000E-01 9.9095000E-01 -8.7549000E-01 4.5537000E-03 -8.7190000E-01
127.500000 2.7880000E-02 -4.5227000E-01 9.9099000E-01 -8.8019000E-01 4.2850000E-03 -8.7652000E-01
128.000000 2.8001000E-02 -4.4348000E-01 9.9103000E-01 -8.8474000E-01 4.0244000E-03 -8.8100000E-01
128.500000 2.8124000E-02 -4.3476000E-01 9.9107000E-01 -8.8913000E-01 3.7719000E-03 -8.8532000E-01
129.000000 2.8247000E-02 -4.2612000E-01 9.9110000E-01 -8.9339000E-01 3.5272000E-03 -8.8950000E-01
129.500000 2.8371000E-02 -4.1756000E-01 9.9114000E-01 -8.9750000E-01 3.2902000E-03 -8.9354000E-01
130.000000 2.8495000E-02 -4.0908000E-01 9.9117000E-01 -9.0147000E-01 3.0608000E-03 -8.9744000E-01
130.500000 2.8620000E-02 -4.0068000E-01 9.9121000E-01 -9.0531000E-01 2.8386000E-03 -9.0121000E-01
131.000000 2.8745000E-02 -3.9237000E-01 9.9124000E-01 -9.0902000E-01 2.6237000E-03 -9.0485000E-01
131.500000 2.8869000E-02 -3.8413000E-01 9.9127000E-01 -9.1260000E-01 2.4158000E-03 -9.0836000E-01
132.000000 2.8994000E-02 -3.7598000E-01 9.9130000E-01 -9.1605000E-01 2.2147000E-03 -9.1175000E-01
132.500000 2.9118000E-02 -3.6792000E-01 9.9133000E-01 -9.1939000E-01 2.0202000E-03 -9.1501000E-01
133.000000 2.9242000E-02 -3.5995000E-01 9.9136000E-01 -9.2260000E-01 1.8323000E-03 -9.1816000E-01
133.500000 2.9365000E-02 -3.5206000E-01 9.9139000E-01 -9.2570000E-01 1.6508000E-03 -9.2119000E-01
134.000000 2.9488000E-02 -3.4425000E-01 9.9142000E-01 -9.2869000E-01 1.4754000E-03 -9.2412000E-01
134.500000 2.9609000E-02 -3.3654000E-01 9.9144000E-01 -9.3157000E-01 1.3061000E-03 -9.2693000E-01
135.000000 2.9730000E-02 -3.2892000E-01 9.9147000E-01 -9.3434000E-01 1.1427000E-03 -9.2964000E-01
135.500000 2.9850000E-02 -3.2138000E-01 9.9149000E-01 -9.3701000E-01 9.8511000E-04 -9.3225000E-01
136.000000 2.9969000E-02 -3.1394000E-01 9.9152000E-01 -9.3958000E-01 8.3318000E-04 -9.3476000E-01
136.500000 3.0087000E-02 -3.0658000E-01 9.9154000E-01 -9.4206000E-01 6.8680000E-04 -9.3717000E-01
137.000000 3.0204000E-02 -2.9932000E-01 9.9156000E-01 -9.4444000E-01 5.4586000E-04 -9.3949000E-01
137.500000 3.0319000E-02 -2.9215000E-01 9.9159000E-01 -9.4673000E-01 4.1025000E-04 -9.4172000E-01
138.000000 3.0433000E-02 -2.8506000E-01 9.9161000E-01 -9.4893000E-01 2.7988000E-04 -9.4386000E-01
138.500000 3.0546000E-02 -2.7807000E-01 9.9163000E-01 -9.5105000E-01 1.5466000E-04 -9.4592000E-01
139.000000 3.0658000E-02 -2.7117000E-01 9.9165000E-01 -9.5308000E-01 3.4496000E-05 -9.4789000E-01
139.500000 3.0768000E-02 -2.6436000E-01 9.9167000E-01 -9.5503000E-01 -8.0690000E-05 -9.4979000E-01
140.000000 3.0876000E-02 -2.5764000E-01 9.9169000E-01 -9.5690000E-01 -1.9098000E-04 -9.5160000E-01
140.500000 3.0983000E-02 -2.5101000E-01 9.9171000E-01 -9.5870000E-01 -2.9644000E-04 -9.5334000E-01
141.000000 3.1089000E-02 -2.4447000E-01 9.9172000E-01 -9.6042000E-01 -3.9715000E-04 -9.5501000E-01
141.500000 3.1193000E-02 -2.3803000E-01 9.9174000E-01 -9.6208000E-01 -4.9318000E-04 -9.5661000E-01
142.000000 3.1295000E-02 -2.3167000E-01 9.9176000E-01 -9.6366000E-01 -5.8459000E-04 -9.5814000E-01
142.500000 3.1396000E-02 -2.2541000E-01 9.9177000E-01 -9.6518000E-01 -6.7145000E-04 -9.5960000E-01
143.000000 3.1496000E-02 -2.1923000E-01 9.9179000E-01 -9.6663000E-01 -7.5383000E-04 -9.6100000E-01
143.500000 3.1594000E-02 -2.1315000E-01 9.9181000E-01 -9.6802000E-01 -8.3180000E-04 -9.6233000E-01
144.000000 3.1690000E-02 -2.0716000E-01 9.9182000E-01 -9.6935000E-01 -9.0541000E-04 -9.6361000E-01
144.500000 3.1785000E-02 -2.0126000E-01 9.9183000E-01 -9.7062000E-01 -9.7473000E-04 -9.6483000E-01
145.000000 3.1878000E-02 -1.9545000E-01 9.9185000E-01 -9.7183000E-01 -1.0398000E-03 -9.6599000E-01
145.500000 3.1969000E-02 -1.8972000E-01 9.9186000E-01 -9.7299000E-01 -1.1008000E-03 -9.6710000E-01
146.000000 3.2059000E-02 -1.8409000E-01 9.9187000E-01 -9.7410000E-01 -1.1576000E-03 -9.6816000E-01
146.500000 3.2148000E-02 -1.7855000E-01 9.9188000E-01 -9.7516000E-01 -1.2105000E-03 -9.6917000E-01
147.000000 3.2235000E-02 -1.7310000E-01 9.9189000E-01 -9.7616000E-01 -1.2593000E-03 -9.7012000E-01
147.500000 3.2320000E-02 -1.6773000E-01 9.9191000E-01 -9.7712000E-01 -1.3043000E-03 -9.7103000E-01
148.000000 3.2404000E-02 -1.6246000E-01 9.9192000E-01 -9.7804000E-01 -1.3455000E-03 -9.7190000E-01
148.500000 3.2486000E-02 -1.5728000E-01 9.9192000E-01 -9.7891000E-01 -1.3829000E-03 -9.7272000E-01
149.000000 3.2567000E-02 -1.5218000E-01 9.9193000E-01 -9.7973000E-01 -1.4166000E-03 -9.7350000E-01
149.500000 3.2647000E-02 -1.4717000E-01 9.9194000E-01 -9.8052000E-01 -1.4468000E-03 -9.7423000E-01
150.000000 3.2724000E-02 -1.4225000E-01 9.9195000E-01 -9.8126000E-01 -1.4734000E-03 -9.7493000E-01
150.500000 3.2801000E-02 -1.3742000E-01 9.9195000E-01 -9.8197000E-01 -1.4965000E-03 -9.7559000E-01
151.000000 3.2876000E-02 -1.3268000E-01 9.9196000E-01 -9.8264000E-01 -1.5163000E-03 -9.7621000E-01
151.500000 3.2949000E-02 -1.2803000E-01 9.9197000E-01 -9.8328000E-01 -1.5327000E-03 -9.7680000E-01
152.000000 3.3021000E-02 -1.2346000E-01 9.9197000E-01 -9.8388000E-01 -1.5459000E-03 -9.7735000E-01
152.500000 3.3092000E-02 -1.1898000E-01 9.9197000E-01 -9.8445000E-01 -1.5559000E-03 -9.7788000E-01
153.000000 3.3161000E-02 -1.1459000E-01 9.9198000E-01 -9.8498000E-01 -1.5628000E-03 -9.7836000E-01
153.500000 3.3229000E-02 -1.1028000E-01 9.9198000E-01 -9.8549000E-01 -1.5666000E-03 -9.7882000E-01
154.000000 3.3295000E-02 -1.0607000E-01 9.9198000E-01 -9.8597000E-01 -1.5675000E-03 -9.7925000E-01
154.500000 3.3361000E-02 -1.0193000E-01 9.9198000E-01 -9.8641000E-01 -1.5655000E-03 -9.7966000E-01
155.000000 3.3424000E-02 -9.7889000E-02 9.9198000E-01 -9.8684000E-01 -1.5607000E-03 -9.8003000E-01
155.500000 3.3487000E-02 -9.3930000E-02 9.9198000E-01 -9.8723000E-01 -1.5531000E-03 -9.8038000E-01
156.000000 3.3548000E-02 -9.0056000E-02 9.9197000E-01 -9.8760000E-01 -1.5429000E-03 -9.8070000E-01
156.500000 3.3608000E-02 -8.6268000E-02 9.9197000E-01 -9.8795000E-01 -1.5300000E-03 -9.8100000E-01
157.000000 3.3667000E-02 -8.2565000E-02 9.9197000E-01 -9.8828000E-01 -1.5145000E-03 -9.8128000E-01
157.500000 3.3724000E-02 -7.8947000E-02 9.9196000E-01 -9.8858000E-01 -1.4967000E-03 -9.8154000E-01
158.000000 3.3780000E-02 -7.5414000E-02 9.9195000E-01 -9.8886000E-01 -1.4764000E-03 -9.8177000E-01
158.500000 3.3835000E-02 -7.1965000E-02 9.9195000E-01 -9.8912000E-01 -1.4538000E-03 -9.8198000E-01
159.000000 3.3889000E-02 -6.8601000E-02 9.9194000E-01 -9.8937000E-01 -1.4289000E-03 -9.8218000E-01
159.500000 3.3941000E-02 -6.5321000E-02 9.9193000E-01 -9.8959000E-01 -1.4020000E-03 -9.8236000E-01
160.000000 3.3992000E-02 -6.2124000E-02 9.9192000E-01 -9.8980000E-01 -1.3729000E-03 -9.8252000E-01
160.500000 3.4042000E-02 -5.9010000E-02 9.9191000E-01 -9.8999000E-01 -1.3419000E-03 -9.8266000E-01
161.000000 3.4091000E-02 -5.5980000E-02 9.9190000E-01 -9.9017000E-01 -1.3089000E-03 -9.8279000E-01
161.500000 3.4139000E-02 -5.3032000E-02 9.9189000E-01 -9.9033000E-01 -1.2742000E-03 -9.8290000E-01
162.000000 3.4185000E-02 -5.0167000E-02 9.9187000E-01 -9.9048000E-01 -1.2378000E-03 -9.8300000E-01
162.500000 3.4230000E-02 -4.7385000E-02 9.9186000E-01 -9.9061000E-01 -1.1998000E-03 -9.8309000E-01
163.000000 3.4274000E-02 -4.4684000E-02 9.9185000E-01 -9.9073000E-01 -1.1604000E-03 -9.8316000E-01
163.500000 3.4317000E-02 -4.2065000E-02 9.9183000E-01 -9.9084000E-01 -1.1196000E-03 -9.8322000E-01
164.000000 3.4359000E-02 -3.9528000E-02 9.9182000E-01 -9.9094000E-01 -1.0775000E-03 -9.8327000E-01
164.500000 3.4399000E-02 -3.7071000E-02 9.9180000E-01 -9.9103000E-01 -1.0344000E-03 -9.8331000E-01
165.000000 3.4438000E-02 -3.4696000E-02 9.9178000E-01 -9.9110000E-01 -9.9027000E-04 -9.8334000E-01
165.500000 3.4477000E-02 -3.2401000E-02 9.9177000E-01 -9.9117000E-01 -9.4533000E-04 -9.8337000E-01
166.000000 3.4513000E-02 -3.0187000E-02 9.9175000E-01 -9.9123000E-01 -8.9970000E-04 -9.8338000E-01
166.500000 3.4549000E-02 -2.8053000E-02 9.9173000E-01 -9.9128000E-01 -8.5353000E-04 -9.8339000E-01
167.000000 3.4584000E-02 -2.5998000E-02 9.9171000E-01 -9.9133000E-01 -8.0699000E-04 -9.8339000E-01
167.500000 3.4617000E-02 -2.4024000E-02 9.9170000E-01 -9.9137000E-01 -7.6022000E-04 -9.8338000E-01
168.000000 3.4649000E-02 -2.2129000E-02 9.9168000E-01 -9.9140000E-01 -7.1341000E-04 -9.8337000E-01
168.500000 3.4680000E-02 -2.0313000E-02 9.9166000E-01 -9.9142000E-01 -6.6670000E-04 -9.8336000E-01
169.000000 3.4710000E-02 -1.8576000E-02 9.9164000E-01 -9.9144000E-01 -6.2028000E-04 -9.8334000E-01
169.500000 3.4738000E-02 -1.6917000E-02 9.9162000E-01 -9.9146000E-01 -5.7431000E-04 -9.8331000E-01
170.000000 3.4766000E-02 -1.5338000E-02 9.9161000E-01 -9.9147000E-01 -5.2897000E-04 -9.8328000E-01
170.500000 3.4792000E-02 -1.3836000E-02 9.9159000E-01 -9.9148000E-01 -4.8445000E-04 -9.8325000E-01
171.000000 3.4816000E-02 -1.2413000E-02 9.9157000E-01 -9.9148000E-01 -4.4090000E-04 -9.8322000E-01
171.500000 3.4840000E-02 -1.1068000E-02 9.9156000E-01 -9.9148000E-01 -3.9851000E-04 -9.8319000E-01
172.000000 3.4862000E-02 -9.8006000E-03 9.9154000E-01 -9.9148000E-01 -3.5745000E-04 -9.8316000E-01
172.500000 3.4883000E-02 -8.6108000E-03 9.9152000E-01 -9.9148000E-01 -3.1789000E-04 -9.8312000E-01
173.000000 3.4903000E-02 -7.4986000E-03 9.9151000E-01 -9.9148000E-01 -2.8000000E-04 -9.8309000E-01
173.500000 3.4921000E-02 -6.4637000E-03 9.9149000E-01 -9.9147000E-01 -2.4393000E-04 -9.8305000E-01
174.000000 3.4938000E-02 -5.5060000E-03 9.9148000E-01 -9.9146000E-01 -2.0985000E-04 -9.8302000E-01
174.500000 3.4954000E-02 -4.6254000E-03 9.9147000E-01 -9.9146000E-01 -1.7790000E-04 -9.8299000E-01
175.000000 3.4968000E-02 -3.8217000E-03 9.9146000E-01 -9.9145000E-01 -1.4822000E-04 -9.8296000E-01
175.500000 3.4981000E-02 -3.0949000E-03 9.9145000E-01 -9.9144000E-01 -1.2094000E-04 -9.8293000E-01
176.000000 3.4993000E-02 -2.4449000E-03 9.9144000E-01 -9.9143000E-01 -9.6185000E-05 -9.8290000E-01
176.500000 3.5003000E-02 -1.8716000E-03 9.9143000E-01 -9.9143000E-01 -7.4070000E-05 -9.8288000E-01
177.000000 3.5012000E-02 -1.3748000E-03 9.9142000E-01 -9.9142000E-01 -5.4694000E-05 -9.8286000E-01
177.500000 3.5019000E-02 -9.5463000E-04 9.9141000E-01 -9.9141000E-01 -3.8144000E-05 -9.8284000E-01
178.000000 3.5026000E-02 -6.1090000E-04 9.9141000E-01 -9.9141000E-01 -2.4498000E-05 -9.8282000E-01
178.500000 3.5031000E-02 -3.4361000E-04 9.9140000E-01 -9.9140000E-01 -1.3817000E-05 -9.8281000E-01
179.000000 3.5034000E-02 -1.5270000E-04 9.9140000E-01 -9.9140000E-01 -6.1530000E-06 -9.8280000E-01
179.500000 3.5036000E-02 -3.8175000E-05 9.9140000E-01 -9.9140000E-01 -1.5400000E-06 -9.8280000E-01
180.000000 3.5037000E-02 -3.7844000E-15 9.9140000E-01 -9.9140000E-01 -1.5273000E-16 -9.8280000E-01
