length scale factor
1.0388200E-01
volume cluster radius, area mean sphere radius, circumscribing radius, cross section radius
2.0920342E+00 1.0377812E-01 1.2306578E+01 2.0920342E+00
total extinction, absorption, scattering efficiencies (unpolarized incidence)
8.6304000E-01 2.4152000E-02 8.3889000E-01
theta     11          12          22          33          34          44
0.000000 9.8781000E+00 0.0000000E+00 9.9993000E-01 9.9993000E-01 0.0000000E+00 9.9987000E-01
0.500000 9.8665000E+00 -3.8506000E-05 9.9993000E-01 9.9993000E-01 1.7289000E-06 9.9987000E-01
1.000000 9.8315000E+00 -1.5404000E-04 9.9993000E-01 9.9993000E-01 6.9147000E-06 9.9987000E-01
1.500000 9.7736000E+00 -3.4663000E-04 9.9993000E-01 9.9993000E-01 1.5554000E-05 9.9987000E-01
2.000000 9.6930000E+00 -6.1636000E-04 9.9993000E-01 9.9993000E-01 2.7643000E-05 9.9986000E-01
2.500000 9.5905000E+00 -9.6331000E-04 9.9993000E-01 9.9993000E-01 4.3174000E-05 9.9986000E-01
3.000000 9.4667000E+00 -1.3876000E-03 9.9993000E-01 9.9993000E-01 6.2136000E-05 9.9986000E-01
3.500000 9.3226000E+00 -1.8894000E-03 9.9993000E-01 9.9993000E-01 8.4516000E-05 9.9986000E-01
4.000000 9.1592000E+00 -2.4688000E-03 9.9993000E-01 9.9993000E-01 1.1030000E-04 9.9986000E-01
4.500000 8.9777000E+00 -3.1261000E-03 9.9993000E-01 9.9992000E-01 1.3946000E-04 9.9985000E-01
5.000000 8.7792000E+00 -3.8615000E-03 9.9993000E-01 9.9992000E-01 1.7198000E-04 9.9985000E-01
5.500000 8.5653000E+00 -4.6752000E-03 9.9992000E-01 9.9991000E-01 2.0781000E-04 9.9984000E-01
6.000000 8.3373000E+00 -5.5674000E-03 9.9992000E-01 9.9991000E-01 2.4693000E-04 9.9983000E-01
6.500000 8.0968000E+00 -6.5386000E-03 9.9992000E-01 9.9990000E-01 2.8928000E-04 9.9982000E-01
7.000000 7.8453000E+00 -7.5889000E-03 9.9992000E-01 9.9989000E-01 3.3480000E-04 9.9981000E-01
7.500000 7.5844000E+00 -8.7188000E-03 9.9992000E-01 9.9988000E-01 3.8342000E-04 9.9980000E-01
8.000000 7.3158000E+00 -9.9285000E-03 9.9991000E-01 9.9986000E-01 4.3506000E-04 9.9978000E-01
8.500000 7.0411000E+00 -1.1218000E-02 9.9991000E-01 9.9985000E-01 4.8962000E-04 9.9976000E-01
9.000000 6.7619000E+00 -1.2589000E-02 9.9991000E-01 9.9983000E-01 5.4698000E-04 9.9974000E-01
9.500000 6.4797000E+00 -1.4041000E-02 9.9990000E-01 9.9981000E-01 6.0701000E-04 9.9971000E-01
10.000000 6.1962000E+00 -1.5573000E-02 9.9990000E-01 9.9978000E-01 6.6953000E-04 9.9968000E-01
10.500000 5.9127000E+00 -1.7188000E-02 9.9990000E-01 9.9975000E-01 7.3438000E-04 9.9965000E-01
11.000000 5.6307000E+00 -1.8885000E-02 9.9989000E-01 9.9971000E-01 8.0134000E-04 9.9961000E-01
11.500000 5.3515000E+00 -2.0664000E-02 9.9989000E-01 9.9967000E-01 8.7016000E-04 9.9957000E-01
12.000000 5.0763000E+00 -2.2526000E-02 9.9988000E-01 9.9963000E-01 9.4056000E-04 9.9952000E-01
12.500000 4.8063000E+00 -2.4471000E-02 9.9988000E-01 9.9958000E-01 1.0122000E-03 9.9946000E-01
13.000000 4.5425000E+00 -2.6499000E-02 9.9987000E-01 9.9952000E-01 1.0848000E-03 9.9940000E-01
13.500000 4.2858000E+00 -2.8611000E-02 9.9987000E-01 9.9945000E-01 1.1580000E-03 9.9933000E-01
14.000000 4.0371000E+00 -3.0806000E-02 9.9986000E-01 9.9938000E-01 1.2312000E-03 9.9925000E-01
14.500000 3.7970000E+00 -3.3085000E-02 9.9985000E-01 9.9930000E-01 1.3040000E-03 9.9916000E-01
15.000000 3.5661000E+00 -3.5447000E-02 9.9984000E-01 9.9921000E-01 1.3760000E-03 9.9907000E-01
15.500000 3.3449000E+00 -3.7892000E-02 9.9983000E-01 9.9911000E-01 1.4465000E-03 9.9896000E-01
16.000000 3.1338000E+00 -4.0419000E-02 9.9983000E-01 9.9900000E-01 1.5150000E-03 9.9884000E-01
16.500000 2.9330000E+00 -4.3029000E-02 9.9982000E-01 9.9888000E-01 1.5808000E-03 9.9872000E-01
17.000000 2.7427000E+00 -4.5719000E-02 9.9981000E-01 9.9875000E-01 1.6433000E-03 9.9858000E-01
17.500000 2.5629000E+00 -4.8490000E-02 9.9979000E-01 9.9861000E-01 1.7020000E-03 9.9843000E-01
18.000000 2.3935000E+00 -5.1339000E-02 9.9978000E-01 9.9845000E-01 1.7561000E-03 9.9826000E-01
18.500000 2.2346000E+00 -5.4266000E-02 9.9977000E-01 9.9829000E-01 1.8052000E-03 9.9808000E-01
19.000000 2.0859000E+00 -5.7269000E-02 9.9976000E-01 9.9810000E-01 1.8486000E-03 9.9789000E-01
19.500000 1.9471000E+00 -6.0345000E-02 9.9974000E-01 9.9791000E-01 1.8859000E-03 9.9768000E-01
20.000000 1.8180000E+00 -6.3493000E-02 9.9973000E-01 9.9770000E-01 1.9169000E-03 9.9746000E-01
20.500000 1.6981000E+00 -6.6710000E-02 9.9971000E-01 9.9747000E-01 1.9412000E-03 9.9722000E-01
21.000000 1.5872000E+00 -6.9995000E-02 9.9969000E-01 9.9722000E-01 1.9590000E-03 9.9696000E-01
21.500000 1.4847000E+00 -7.3346000E-02 9.9967000E-01 9.9696000E-01 1.9703000E-03 9.9668000E-01
22.000000 1.3902000E+00 -7.6759000E-02 9.9965000E-01 9.9669000E-01 1.9755000E-03 9.9639000E-01
22.500000 1.3032000E+00 -8.0234000E-02 9.9963000E-01 9.9639000E-01 1.9751000E-03 9.9608000E-01
23.000000 1.2233000E+00 -8.3769000E-02 9.9961000E-01 9.9608000E-01 1.9700000E-03 9.9575000E-01
23.500000 1.1499000E+00 -8.7362000E-02 9.9959000E-01 9.9575000E-01 1.9612000E-03 9.9540000E-01
24.000000 1.0827000E+00 -9.1014000E-02 9.9957000E-01 9.9540000E-01 1.9498000E-03 9.9504000E-01
24.500000 1.0210000E+00 -9.4723000E-02 9.9954000E-01 9.9503000E-01 1.9371000E-03 9.9465000E-01
25.000000 9.6442000E-01 -9.8491000E-02 9.9952000E-01 9.9464000E-01 1.9246000E-03 9.9424000E-01
25.500000 9.1255000E-01 -1.0232000E-01 9.9949000E-01 9.9422000E-01 1.9137000E-03 9.9381000E-01
26.000000 8.6493000E-01 -1.0621000E-01 9.9946000E-01 9.9379000E-01 1.9058000E-03 9.9335000E-01
26.500000 8.2117000E-01 -1.1016000E-01 9.9943000E-01 9.9333000E-01 1.9024000E-03 9.9287000E-01
27.000000 7.8088000E-01 -1.1418000E-01 9.9940000E-01 9.9285000E-01 1.9046000E-03 9.9237000E-01
27.500000 7.4370000E-01 -1.1827000E-01 9.9937000E-01 9.9234000E-01 1.9136000E-03 9.9184000E-01
28.000000 7.0931000E-01 -1.2244000E-01 9.9934000E-01 9.9181000E-01 1.9302000E-03 9.9128000E-01
28.500000 6.7741000E-01 -1.2668000E-01 9.9931000E-01 9.9125000E-01 1.9549000E-03 9.9070000E-01
29.000000 6.4772000E-01 -1.3101000E-01 9.9928000E-01 9.9065000E-01 1.9880000E-03 9.9008000E-01
29.500000 6.2000000E-01 -1.3542000E-01 9.9924000E-01 9.9003000E-01 2.0296000E-03 9.8943000E-01
30.000000 5.9403000E-01 -1.3992000E-01 9.9921000E-01 9.8937000E-01 2.0793000E-03 9.8874000E-01
30.500000 5.6961000E-01 -1.4453000E-01 9.9917000E-01 9.8867000E-01 2.1364000E-03 9.8802000E-01
31.000000 5.4659000E-01 -1.4923000E-01 9.9913000E-01 9.8794000E-01 2.2001000E-03 9.8726000E-01
31.500000 5.2480000E-01 -1.5404000E-01 9.9909000E-01 9.8716000E-01 2.2692000E-03 9.8646000E-01
32.000000 5.0412000E-01 -1.5895000E-01 9.9905000E-01 9.8635000E-01 2.3421000E-03 9.8561000E-01
32.500000 4.8445000E-01 -1.6398000E-01 9.9900000E-01 9.8548000E-01 2.4172000E-03 9.8471000E-01
33.000000 4.6569000E-01 -1.6913000E-01 9.9896000E-01 9.8457000E-01 2.4925000E-03 9.8377000E-01
33.500000 4.4776000E-01 -1.7440000E-01 9.9891000E-01 9.8360000E-01 2.5660000E-03 9.8277000E-01
34.000000 4.3062000E-01 -1.7980000E-01 9.9887000E-01 9.8258000E-01 2.6352000E-03 9.8172000E-01
34.500000 4.1420000E-01 -1.8532000E-01 9.9882000E-01 9.8150000E-01 2.6977000E-03 9.8060000E-01
35.000000 3.9846000E-01 -1.9097000E-01 9.9876000E-01 9.8036000E-01 2.7511000E-03 9.7943000E-01
35.500000 3.8338000E-01 -1.9676000E-01 9.9871000E-01 9.7916000E-01 2.7925000E-03 9.7819000E-01
36.000000 3.6893000E-01 -2.0268000E-01 9.9865000E-01 9.7789000E-01 2.8194000E-03 9.7689000E-01
36.500000 3.5508000E-01 -2.0875000E-01 9.9860000E-01 9.7655000E-01 2.8290000E-03 9.7551000E-01
37.000000 3.4183000E-01 -2.1495000E-01 9.9854000E-01 9.7514000E-01 2.8187000E-03 9.7406000E-01
37.500000 3.2916000E-01 -2.2129000E-01 9.9848000E-01 9.7365000E-01 2.7859000E-03 9.7253000E-01
38.000000 3.1706000E-01 -2.2778000E-01 9.9842000E-01 9.7208000E-01 2.7283000E-03 9.7092000E-01
38.500000 3.0552000E-01 -2.3441000E-01 9.9835000E-01 9.7042000E-01 2.6437000E-03 9.6923000E-01
39.000000 2.9453000E-01 -2.4118000E-01 9.9829000E-01 9.6868000E-01 2.5302000E-03 9.6745000E-01
39.500000 2.8410000E-01 -2.4810000E-01 9.9822000E-01 9.6685000E-01 2.3863000E-03 9.6558000E-01
40.000000 2.7420000E-01 -2.5515000E-01 9.9815000E-01 9.6493000E-01 2.2109000E-03 9.6362000E-01
40.500000 2.6483000E-01 -2.6235000E-01 9.9809000E-01 9.6291000E-01 2.0034000E-03 9.6157000E-01
41.000000 2.5599000E-01 -2.6967000E-01 9.9802000E-01 9.6080000E-01 1.7637000E-03 9.5942000E-01
41.500000 2.4765000E-01 -2.7713000E-01 9.9795000E-01 9.5859000E-01 1.4923000E-03 9.5717000E-01
42.000000 2.3981000E-01 -2.8471000E-01 9.9788000E-01 9.5628000E-01 1.1905000E-03 9.5483000E-01
42.500000 2.3245000E-01 -2.9242000E-01 9.9781000E-01 9.5386000E-01 8.6013000E-04 9.5238000E-01
43.000000 2.2557000E-01 -3.0023000E-01 9.9774000E-01 9.5135000E-01 5.0366000E-04 9.4983000E-01
43.500000 2.1913000E-01 -3.0816000E-01 9.9767000E-01 9.4872000E-01 1.2427000E-04 9.4717000E-01
44.000000 2.1313000E-01 -3.1618000E-01 9.9761000E-01 9.4600000E-01 -2.7425000E-04 9.4442000E-01
44.500000 2.0755000E-01 -3.2430000E-01 9.9754000E-01 9.4317000E-01 -6.8756000E-04 9.4156000E-01
45.000000 2.0237000E-01 -3.3249000E-01 9.9748000E-01 9.4024000E-01 -1.1108000E-03 9.3860000E-01
45.500000 1.9756000E-01 -3.4077000E-01 9.9742000E-01 9.3720000E-01 -1.5389000E-03 9.3554000E-01
46.000000 1.9311000E-01 -3.4910000E-01 9.9735000E-01 9.3406000E-01 -1.9662000E-03 9.3237000E-01
46.500000 1.8900000E-01 -3.5750000E-01 9.9730000E-01 9.3081000E-01 -2.3871000E-03 9.2911000E-01
47.000000 1.8519000E-01 -3.6595000E-01 9.9724000E-01 9.2746000E-01 -2.7959000E-03 9.2574000E-01
47.500000 1.8168000E-01 -3.7444000E-01 9.9719000E-01 9.2402000E-01 -3.1872000E-03 9.2228000E-01
48.000000 1.7843000E-01 -3.8296000E-01 9.9713000E-01 9.2047000E-01 -3.5553000E-03 9.1871000E-01
48.500000 1.7543000E-01 -3.9152000E-01 9.9708000E-01 9.1681000E-01 -3.8954000E-03 9.1505000E-01
49.000000 1.7265000E-01 -4.0010000E-01 9.9703000E-01 9.1306000E-01 -4.2026000E-03 9.1128000E-01
49.500000 1.7008000E-01 -4.0870000E-01 9.9699000E-01 9.0921000E-01 -4.4727000E-03 9.0742000E-01
50.000000 1.6768000E-01 -4.1732000E-01 9.9694000E-01 9.0525000E-01 -4.7022000E-03 9.0345000E-01
50.500000 1.6543000E-01 -4.2595000E-01 9.9690000E-01 9.0119000E-01 -4.8877000E-03 8.9938000E-01
51.000000 1.6332000E-01 -4.3460000E-01 9.9686000E-01 8.9703000E-01 -5.0268000E-03 8.9521000E-01
51.500000 1.6133000E-01 -4.4325000E-01 9.9682000E-01 8.9276000E-01 -5.1175000E-03 8.9094000E-01
52.000000 1.5943000E-01 -4.5191000E-01 9.9678000E-01 8.8839000E-01 -5.1584000E-03 8.8655000E-01
52.500000 1.5762000E-01 -4.6059000E-01 9.9675000E-01 8.8390000E-01 -5.1486000E-03 8.8206000E-01
53.000000 1.5586000E-01 -4.6927000E-01 9.9671000E-01 8.7930000E-01 -5.0878000E-03 8.7745000E-01
53.500000 1.5414000E-01 -4.7797000E-01 9.9667000E-01 8.7458000E-01 -4.9761000E-03 8.7273000E-01
54.000000 1.5245000E-01 -4.8667000E-01 9.9664000E-01 8.6974000E-01 -4.8141000E-03 8.6789000E-01
54.500000 1.5077000E-01 -4.9539000E-01 9.9660000E-01 8.6478000E-01 -4.6026000E-03 8.6292000E-01
55.000000 1.4910000E-01 -5.0413000E-01 9.9657000E-01 8.5969000E-01 -4.3429000E-03 8.5783000E-01
55.500000 1.4741000E-01 -5.1288000E-01 9.9653000E-01 8.5447000E-01 -4.0364000E-03 8.5260000E-01
56.000000 1.4569000E-01 -5.2165000E-01 9.9649000E-01 8.4912000E-01 -3.6848000E-03 8.4724000E-01
56.500000 1.4395000E-01 -5.3044000E-01 9.9646000E-01 8.4362000E-01 -3.2901000E-03 8.4173000E-01
57.000000 1.4216000E-01 -5.3925000E-01 9.9642000E-01 8.3797000E-01 -2.8542000E-03 8.3608000E-01
57.500000 1.4032000E-01 -5.4808000E-01 9.9638000E-01 8.3218000E-01 -2.3793000E-03 8.3027000E-01
58.000000 1.3843000E-01 -5.5694000E-01 9.9633000E-01 8.2623000E-01 -1.8675000E-03 8.2431000E-01
58.500000 1.3648000E-01 -5.6582000E-01 9.9629000E-01 8.2012000E-01 -1.3212000E-03 8.1819000E-01
59.000000 1.3447000E-01 -5.7472000E-01 9.9624000E-01 8.1384000E-01 -7.4244000E-04 8.1190000E-01
59.500000 1.3239000E-01 -5.8365000E-01 9.9619000E-01 8.0739000E-01 -1.3367000E-04 8.0544000E-01
60.000000 1.3025000E-01 -5.9261000E-01 9.9614000E-01 8.0076000E-01 5.0286000E-04 7.9880000E-01
60.500000 1.2805000E-01 -6.0159000E-01 9.9609000E-01 7.9395000E-01 1.1649000E-03 7.9198000E-01
61.000000 1.2578000E-01 -6.1059000E-01 9.9603000E-01 7.8695000E-01 1.8501000E-03 7.8497000E-01
61.500000 1.2345000E-01 -6.1962000E-01 9.9596000E-01 7.7976000E-01 2.5564000E-03 7.7776000E-01
62.000000 1.2106000E-01 -6.2867000E-01 9.9590000E-01 7.7237000E-01 3.2813000E-03 7.7035000E-01
62.500000 1.1862000E-01 -6.3773000E-01 9.9583000E-01 7.6477000E-01 4.0228000E-03 7.6274000E-01
63.000000 1.1614000E-01 -6.4682000E-01 9.9576000E-01 7.5697000E-01 4.7786000E-03 7.5492000E-01
63.500000 1.1361000E-01 -6.5592000E-01 9.9568000E-01 7.4895000E-01 5.5466000E-03 7.4688000E-01
64.000000 1.1104000E-01 -6.6503000E-01 9.9560000E-01 7.4071000E-01 6.3245000E-03 7.3862000E-01
64.500000 1.0845000E-01 -6.7415000E-01 9.9551000E-01 7.3225000E-01 7.1101000E-03 7.3014000E-01
65.000000 1.0583000E-01 -6.8327000E-01 9.9542000E-01 7.2355000E-01 7.9014000E-03 7.2142000E-01
65.500000 1.0320000E-01 -6.9240000E-01 9.9532000E-01 7.1462000E-01 8.6960000E-03 7.1247000E-01
66.000000 1.0056000E-01 -7.0152000E-01 9.9522000E-01 7.0546000E-01 9.4918000E-03 7.0328000E-01
66.500000 9.7923000E-02 -7.1063000E-01 9.9511000E-01 6.9604000E-01 1.0287000E-02 6.9384000E-01
67.000000 9.5291000E-02 -7.1973000E-01 9.9500000E-01 6.8638000E-01 1.1078000E-02 6.8416000E-01
67.500000 9.2673000E-02 -7.2881000E-01 9.9488000E-01 6.7647000E-01 1.1865000E-02 6.7422000E-01
68.000000 9.0077000E-02 -7.3786000E-01 9.9475000E-01 6.6630000E-01 1.2643000E-02 6.6403000E-01
68.500000 8.7510000E-02 -7.4688000E-01 9.9463000E-01 6.5588000E-01 1.3412000E-02 6.5358000E-01
69.000000 8.4978000E-02 -7.5586000E-01 9.9449000E-01 6.4519000E-01 1.4170000E-02 6.4287000E-01
69.500000 8.2488000E-02 -7.6479000E-01 9.9435000E-01 6.3425000E-01 1.4913000E-02 6.3189000E-01
70.000000 8.0044000E-02 -7.7366000E-01 9.9420000E-01 6.2304000E-01 1.5641000E-02 6.2065000E-01
70.500000 7.7652000E-02 -7.8248000E-01 9.9405000E-01 6.1156000E-01 1.6350000E-02 6.0915000E-01
71.000000 7.5317000E-02 -7.9122000E-01 9.9390000E-01 5.9982000E-01 1.7041000E-02 5.9738000E-01
71.500000 7.3044000E-02 -7.9988000E-01 9.9374000E-01 5.8781000E-01 1.7710000E-02 5.8535000E-01
72.000000 7.0834000E-02 -8.0844000E-01 9.9357000E-01 5.7554000E-01 1.8356000E-02 5.7306000E-01
72.500000 6.8692000E-02 -8.1691000E-01 9.9340000E-01 5.6302000E-01 1.8977000E-02 5.6050000E-01
73.000000 6.6621000E-02 -8.2527000E-01 9.9323000E-01 5.5023000E-01 1.9574000E-02 5.4769000E-01
73.500000 6.4621000E-02 -8.3350000E-01 9.9305000E-01 5.3719000E-01 2.0144000E-02 5.3462000E-01
74.000000 6.2694000E-02 -8.4161000E-01 9.9287000E-01 5.2390000E-01 2.0687000E-02 5.2131000E-01
74.500000 6.0841000E-02 -8.4957000E-01 9.9269000E-01 5.1036000E-01 2.1202000E-02 5.0775000E-01
75.000000 5.9063000E-02 -8.5739000E-01 9.9251000E-01 4.9658000E-01 2.1689000E-02 4.9396000E-01
75.500000 5.7359000E-02 -8.6504000E-01 9.9232000E-01 4.8258000E-01 2.2149000E-02 4.7993000E-01
76.000000 5.5728000E-02 -8.7252000E-01 9.9213000E-01 4.6835000E-01 2.2580000E-02 4.6568000E-01
76.500000 5.4170000E-02 -8.7982000E-01 9.9195000E-01 4.5390000E-01 2.2984000E-02 4.5121000E-01
77.000000 5.2684000E-02 -8.8693000E-01 9.9176000E-01 4.3924000E-01 2.3362000E-02 4.3654000E-01
77.500000 5.1267000E-02 -8.9383000E-01 9.9157000E-01 4.2438000E-01 2.3714000E-02 4.2167000E-01
78.000000 4.9918000E-02 -9.0053000E-01 9.9139000E-01 4.0933000E-01 2.4040000E-02 4.0661000E-01
78.500000 4.8634000E-02 -9.0701000E-01 9.9120000E-01 3.9410000E-01 2.4344000E-02 3.9137000E-01
79.000000 4.7414000E-02 -9.1327000E-01 9.9102000E-01 3.7870000E-01 2.4624000E-02 3.7596000E-01
79.500000 4.6255000E-02 -9.1930000E-01 9.9085000E-01 3.6313000E-01 2.4884000E-02 3.6038000E-01
80.000000 4.5153000E-02 -9.2508000E-01 9.9067000E-01 3.4740000E-01 2.5123000E-02 3.4465000E-01
80.500000 4.4107000E-02 -9.3062000E-01 9.9050000E-01 3.3153000E-01 2.5344000E-02 3.2878000E-01
81.000000 4.3114000E-02 -9.3591000E-01 9.9033000E-01 3.1551000E-01 2.5547000E-02 3.1277000E-01
81.500000 4.2172000E-02 -9.4095000E-01 9.9017000E-01 2.9937000E-01 2.5734000E-02 2.9663000E-01
82.000000 4.1276000E-02 -9.4572000E-01 9.9001000E-01 2.8310000E-01 2.5905000E-02 2.8037000E-01
82.500000 4.0425000E-02 -9.5022000E-01 9.8985000E-01 2.6672000E-01 2.6061000E-02 2.6399000E-01
83.000000 3.9617000E-02 -9.5446000E-01 9.8970000E-01 2.5023000E-01 2.6202000E-02 2.4751000E-01
83.500000 3.8848000E-02 -9.5842000E-01 9.8956000E-01 2.3363000E-01 2.6330000E-02 2.3093000E-01
84.000000 3.8117000E-02 -9.6211000E-01 9.8942000E-01 2.1694000E-01 2.6443000E-02 2.1425000E-01
84.500000 3.7421000E-02 -9.6552000E-01 9.8928000E-01 2.0015000E-01 2.6541000E-02 1.9749000E-01
85.000000 3.6757000E-02 -9.6864000E-01 9.8915000E-01 1.8329000E-01 2.6625000E-02 1.8064000E-01
85.500000 3.6125000E-02 -9.7148000E-01 9.8902000E-01 1.6634000E-01 2.6693000E-02 1.6372000E-01
86.000000 3.5523000E-02 -9.7403000E-01 9.8890000E-01 1.4931000E-01 2.6746000E-02 1.4672000E-01
86.500000 3.4948000E-02 -9.7629000E-01 9.8878000E-01 1.3222000E-01 2.6781000E-02 1.2966000E-01
87.000000 3.4399000E-02 -9.7827000E-01 9.8867000E-01 1.1507000E-01 2.6797000E-02 1.1253000E-01
87.500000 3.3875000E-02 -9.7994000E-01 9.8856000E-01 9.7856000E-02 2.6794000E-02 9.5353000E-02
88.000000 3.3374000E-02 -9.8132000E-01 9.8845000E-01 8.0592000E-02 2.6770000E-02 7.8125000E-02
88.500000 3.2896000E-02 -9.8241000E-01 9.8835000E-01 6.3283000E-02 2.6724000E-02 6.0855000E-02
89.000000 3.2439000E-02 -9.8320000E-01 9.8825000E-01 4.5934000E-02 2.6653000E-02 4.3548000E-02
89.500000 3.2003000E-02 -9.8369000E-01 9.8816000E-01 2.8554000E-02 2.6558000E-02 2.6212000E-02
90.000000 3.1587000E-02 -9.8388000E-01 9.8807000E-01 1.1148000E-02 2.6437000E-02 8.8540000E-03
90.500000 3.1190000E-02 -9.8376000E-01 9.8799000E-01 -6.2748000E-03 2.6288000E-02 -8.5190000E-03
91.000000 3.0812000E-02 -9.8335000E-01 9.8791000E-01 -2.3707000E-02 2.6111000E-02 -2.5899000E-02
91.500000 3.0452000E-02 -9.8264000E-01 9.8784000E-01 -4.1141000E-02 2.5905000E-02 -4.3276000E-02
92.000000 3.0109000E-02 -9.8163000E-01 9.8777000E-01 -5.8567000E-02 2.5668000E-02 -6.0643000E-02
92.500000 2.9784000E-02 -9.8031000E-01 9.8770000E-01 -7.5975000E-02 2.5402000E-02 -7.7990000E-02
93.000000 2.9477000E-02 -9.7870000E-01 9.8764000E-01 -9.3357000E-02 2.5106000E-02 -9.5308000E-02
93.500000 2.9186000E-02 -9.7679000E-01 9.8758000E-01 -1.1070000E-01 2.4779000E-02 -1.1259000E-01
94.000000 2.8911000E-02 -9.7459000E-01 9.8753000E-01 -1.2800000E-01 2.4423000E-02 -1.2981000E-01
94.500000 2.8653000E-02 -9.7209000E-01 9.8748000E-01 -1.4524000E-01 2.4038000E-02 -1.4698000E-01
95.000000 2.8411000E-02 -9.6931000E-01 9.8744000E-01 -1.6242000E-01 2.3626000E-02 -1.6408000E-01
95.500000 2.8185000E-02 -9.6624000E-01 9.8740000E-01 -1.7951000E-01 2.3187000E-02 -1.8110000E-01
96.000000 2.7975000E-02 -9.6288000E-01 9.8737000E-01 -1.9652000E-01 2.2724000E-02 -1.9802000E-01
96.500000 2.7779000E-02 -9.5925000E-01 9.8734000E-01 -2.1342000E-01 2.2238000E-02 -2.1484000E-01
97.000000 2.7599000E-02 -9.5534000E-01 9.8732000E-01 -2.3022000E-01 2.1731000E-02 -2.3155000E-01
97.500000 2.7433000E-02 -9.5117000E-01 9.8730000E-01 -2.4689000E-01 2.1206000E-02 -2.4813000E-01
98.000000 2.7282000E-02 -9.4673000E-01 9.8729000E-01 -2.6343000E-01 2.0665000E-02 -2.6459000E-01
98.500000 2.7145000E-02 -9.4203000E-01 9.8728000E-01 -2.7983000E-01 2.0110000E-02 -2.8090000E-01
99.000000 2.7021000E-02 -9.3709000E-01 9.8727000E-01 -2.9609000E-01 1.9546000E-02 -2.9705000E-01
99.500000 2.6911000E-02 -9.3189000E-01 9.8727000E-01 -3.1218000E-01 1.8973000E-02 -3.1305000E-01
100.000000 2.6814000E-02 -9.2646000E-01 9.8728000E-01 -3.2810000E-01 1.8395000E-02 -3.2887000E-01
100.500000 2.6729000E-02 -9.2080000E-01 9.8728000E-01 -3.4385000E-01 1.7814000E-02 -3.4452000E-01
101.000000 2.6655000E-02 -9.1491000E-01 9.8730000E-01 -3.5942000E-01 1.7234000E-02 -3.5999000E-01
101.500000 2.6594000E-02 -9.0881000E-01 9.8731000E-01 -3.7479000E-01 1.6657000E-02 -3.7526000E-01
102.000000 2.6543000E-02 -9.0250000E-01 9.8733000E-01 -3.8997000E-01 1.6085000E-02 -3.9034000E-01
102.500000 2.6502000E-02 -8.9598000E-01 9.8736000E-01 -4.0495000E-01 1.5520000E-02 -4.0521000E-01
103.000000 2.6471000E-02 -8.8927000E-01 9.8738000E-01 -4.1972000E-01 1.4965000E-02 -4.1988000E-01
103.500000 2.6450000E-02 -8.8237000E-01 9.8741000E-01 -4.3428000E-01 1.4422000E-02 -4.3433000E-01
104.000000 2.6436000E-02 -8.7528000E-01 9.8744000E-01 -4.4862000E-01 1.3892000E-02 -4.4857000E-01
104.500000 2.6431000E-02 -8.6803000E-01 9.8747000E-01 -4.6274000E-01 1.3376000E-02 -4.6258000E-01
105.000000 2.6434000E-02 -8.6061000E-01 9.8751000E-01 -4.7664000E-01 1.2877000E-02 -4.7638000E-01
105.500000 2.6443000E-02 -8.5303000E-01 9.8755000E-01 -4.9031000E-01 1.2394000E-02 -4.8995000E-01
106.000000 2.6459000E-02 -8.4530000E-01 9.8758000E-01 -5.0376000E-01 1.1929000E-02 -5.0329000E-01
106.500000 2.6480000E-02 -8.3742000E-01 9.8763000E-01 -5.1698000E-01 1.1482000E-02 -5.1640000E-01
107.000000 2.6507000E-02 -8.2940000E-01 9.8767000E-01 -5.2997000E-01 1.1053000E-02 -5.2929000E-01
107.500000 2.6538000E-02 -8.2126000E-01 9.8771000E-01 -5.4273000E-01 1.0643000E-02 -5.4194000E-01
108.000000 2.6573000E-02 -8.1299000E-01 9.8775000E-01 -5.5526000E-01 1.0252000E-02 -5.5437000E-01
108.500000 2.6612000E-02 -8.0460000E-01 9.8779000E-01 -5.6755000E-01 9.8795000E-03 -5.6656000E-01
109.000000 2.6655000E-02 -7.9610000E-01 9.8784000E-01 -5.7962000E-01 9.5247000E-03 -5.7852000E-01
109.500000 2.6699000E-02 -7.8749000E-01 9.8788000E-01 -5.9145000E-01 9.1875000E-03 -5.9025000E-01
110.000000 2.6746000E-02 -7.7879000E-01 9.8793000E-01 -6.0305000E-01 8.8670000E-03 -6.0176000E-01
110.500000 2.6795000E-02 -7.7000000E-01 9.8797000E-01 -6.1443000E-01 8.5627000E-03 -6.1303000E-01
111.000000 2.6846000E-02 -7.6112000E-01 9.8801000E-01 -6.2557000E-01 8.2738000E-03 -6.2407000E-01
111.500000 2.6898000E-02 -7.5216000E-01 9.8806000E-01 -6.3648000E-01 7.9992000E-03 -6.3489000E-01
112.000000 2.6950000E-02 -7.4312000E-01 9.8810000E-01 -6.4717000E-01 7.7382000E-03 -6.4548000E-01
112.500000 2.7003000E-02 -7.3402000E-01 9.8814000E-01 -6.5763000E-01 7.4898000E-03 -6.5584000E-01
113.000000 2.7057000E-02 -7.2486000E-01 9.8819000E-01 -6.6787000E-01 7.2529000E-03 -6.6598000E-01
113.500000 2.7110000E-02 -7.1564000E-01 9.8823000E-01 -6.7788000E-01 7.0266000E-03 -6.7590000E-01
114.000000 2.7163000E-02 -7.0637000E-01 9.8827000E-01 -6.8767000E-01 6.8100000E-03 -6.8560000E-01
114.500000 2.7217000E-02 -6.9705000E-01 9.8831000E-01 -6.9725000E-01 6.6021000E-03 -6.9508000E-01
115.000000 2.7269000E-02 -6.8770000E-01 9.8835000E-01 -7.0660000E-01 6.4020000E-03 -7.0434000E-01
115.500000 2.7321000E-02 -6.7831000E-01 9.8840000E-01 -7.1574000E-01 6.2088000E-03 -7.1339000E-01
116.000000 2.7373000E-02 -6.6890000E-01 9.8844000E-01 -7.2467000E-01 6.0217000E-03 -7.2222000E-01
116.500000 2.7424000E-02 -6.5946000E-01 9.8848000E-01 -7.3338000E-01 5.8400000E-03 -7.3085000E-01
117.000000 2.7474000E-02 -6.5000000E-01 9.8852000E-01 -7.4189000E-01 5.6628000E-03 -7.3926000E-01
117.500000 2.7524000E-02 -6.4053000E-01 9.8856000E-01 -7.5019000E-01 5.4896000E-03 -7.4747000E-01
118.000000 2.7572000E-02 -6.3105000E-01 9.8860000E-01 -7.5828000E-01 5.3197000E-03 -7.5548000E-01
118.500000 2.7620000E-02 -6.2157000E-01 9.8863000E-01 -7.6617000E-01 5.1527000E-03 -7.6328000E-01
119.000000 2.7668000E-02 -6.1209000E-01 9.8867000E-01 -7.7386000E-01 4.9880000E-03 -7.7089000E-01
119.500000 2.7714000E-02 -6.0262000E-01 9.8871000E-01 -7.8135000E-01 4.8254000E-03 -7.7830000E-01
120.000000 2.7760000E-02 -5.9316000E-01 9.8875000E-01 -7.8865000E-01 4.6643000E-03 -7.8551000E-01
120.500000 2.7806000E-02 -5.8371000E-01 9.8879000E-01 -7.9576000E-01 4.5047000E-03 -7.9254000E-01
121.000000 2.7851000E-02 -5.7429000E-01 9.8883000E-01 -8.0268000E-01 4.3462000E-03 -7.9937000E-01
121.500000 2.7896000E-02 -5.6488000E-01 9.8887000E-01 -8.0941000E-01 4.1888000E-03 -8.0602000E-01
122.000000 2.7940000E-02 -5.5551000E-01 9.8891000E-01 -8.1595000E-01 4.0324000E-03 -8.1249000E-01
122.500000 2.7985000E-02 -5.4617000E-01 9.8895000E-01 -8.2232000E-01 3.8768000E-03 -8.1878000E-01
123.000000 2.8029000E-02 -5.3687000E-01 9.8899000E-01 -8.2851000E-01 3.7222000E-03 -8.2488000E-01
123.500000 2.8073000E-02 -5.2760000E-01 9.8903000E-01 -8.3452000E-01 3.5685000E-03 -8.3082000E-01
124.000000 2.8117000E-02 -5.1838000E-01 9.8907000E-01 -8.4036000E-01 3.4158000E-03 -8.3658000E-01
124.500000 2.8162000E-02 -5.0920000E-01 9.8911000E-01 -8.4603000E-01 3.2644000E-03 -8.4218000E-01
125.000000 2.8207000E-02 -5.0008000E-01 9.8915000E-01 -8.5153000E-01 3.1142000E-03 -8.4761000E-01
125.500000 2.8252000E-02 -4.9101000E-01 9.8919000E-01 -8.5687000E-01 2.9655000E-03 -8.5287000E-01
126.000000 2.8298000E-02 -4.8199000E-01 9.8923000E-01 -8.6206000E-01 2.8185000E-03 -8.5798000E-01
126.500000 2.8344000E-02 -4.7303000E-01 9.8927000E-01 -8.6708000E-01 2.6734000E-03 -8.6293000E-01
127.000000 2.8391000E-02 -4.6414000E-01 9.8931000E-01 -8.7195000E-01 2.5303000E-03 -8.6773000E-01
127.500000 2.8438000E-02 -4.5531000E-01 9.8936000E-01 -8.7667000E-01 2.3896000E-03 -8.7238000E-01
128.000000 2.8487000E-02 -4.4655000E-01 9.8940000E-01 -8.8124000E-01 2.2515000E-03 -8.7688000E-01
128.500000 2.8536000E-02 -4.3785000E-01 9.8944000E-01 -8.8567000E-01 2.1161000E-03 -8.8124000E-01
129.000000 2.8586000E-02 -4.2923000E-01 9.8948000E-01 -8.8995000E-01 1.9837000E-03 -8.8545000E-01
129.500000 2.8637000E-02 -4.2068000E-01 9.8952000E-01 -8.9410000E-01 1.8546000E-03 -8.8953000E-01
130.000000 2.8689000E-02 -4.1221000E-01 9.8957000E-01 -8.9811000E-01 1.7289000E-03 -8.9347000E-01
130.500000 2.8742000E-02 -4.0381000E-01 9.8961000E-01 -9.0199000E-01 1.6068000E-03 -8.9729000E-01
131.000000 2.8796000E-02 -3.9549000E-01 9.8965000E-01 -9.0574000E-01 1.4885000E-03 -9.0097000E-01
131.500000 2.8851000E-02 -3.8725000E-01 9.8969000E-01 -9.0936000E-01 1.3742000E-03 -9.0453000E-01
132.000000 2.8906000E-02 -3.7909000E-01 9.8974000E-01 -9.1287000E-01 1.2640000E-03 -9.0797000E-01
132.500000 2.8963000E-02 -3.7102000E-01 9.8978000E-01 -9.1625000E-01 1.1581000E-03 -9.1128000E-01
133.000000 2.9021000E-02 -3.6303000E-01 9.8982000E-01 -9.1951000E-01 1.0566000E-03 -9.1449000E-01
133.500000 2.9080000E-02 -3.5512000E-01 9.8986000E-01 -9.2266000E-01 9.5960000E-04 -9.1757000E-01
134.000000 2.9140000E-02 -3.4730000E-01 9.8990000E-01 -9.2570000E-01 8.6712000E-04 -9.2055000E-01
134.500000 2.9201000E-02 -3.3956000E-01 9.8994000E-01 -9.2863000E-01 7.7926000E-04 -9.2342000E-01
135.000000 2.9263000E-02 -3.3192000E-01 9.8998000E-01 -9.3146000E-01 6.9605000E-04 -9.2618000E-01
135.500000 2.9326000E-02 -3.2436000E-01 9.9002000E-01 -9.3418000E-01 6.1750000E-04 -9.2885000E-01
136.000000 2.9389000E-02 -3.1688000E-01 9.9006000E-01 -9.3681000E-01 5.4362000E-04 -9.3141000E-01
136.500000 2.9454000E-02 -3.0950000E-01 9.9010000E-01 -9.3933000E-01 4.7438000E-04 -9.3387000E-01
137.000000 2.9519000E-02 -3.0221000E-01 9.9014000E-01 -9.4177000E-01 4.0974000E-04 -9.3625000E-01
137.500000 2.9584000E-02 -2.9500000E-01 9.9018000E-01 -9.4411000E-01 3.4963000E-04 -9.3853000E-01
138.000000 2.9651000E-02 -2.8789000E-01 9.9022000E-01 -9.4636000E-01 2.9400000E-04 -9.4072000E-01
138.500000 2.9718000E-02 -2.8086000E-01 9.9025000E-01 -9.4853000E-01 2.4273000E-04 -9.4283000E-01
139.000000 2.9785000E-02 -2.7392000E-01 9.9029000E-01 -9.5061000E-01 1.9573000E-04 -9.4485000E-01
139.500000 2.9854000E-02 -2.6708000E-01 9.9032000E-01 -9.5261000E-01 1.5288000E-04 -9.4679000E-01
140.000000 2.9922000E-02 -2.6032000E-01 9.9036000E-01 -9.5453000E-01 1.1403000E-04 -9.4866000E-01
140.500000 2.9991000E-02 -2.5366000E-01 9.9039000E-01 -9.5637000E-01 7.9036000E-05 -9.5044000E-01
141.000000 3.0060000E-02 -2.4708000E-01 9.9042000E-01 -9.5814000E-01 4.7748000E-05 -9.5215000E-01
141.500000 3.0129000E-02 -2.4060000E-01 9.9045000E-01 -9.5984000E-01 1.9996000E-05 -9.5379000E-01
142.000000 3.0198000E-02 -2.3420000E-01 9.9048000E-01 -9.6147000E-01 -4.3987000E-06 -9.5536000E-01
142.500000 3.0268000E-02 -2.2789000E-01 9.9051000E-01 -9.6303000E-01 -2.5618000E-05 -9.5687000E-01
143.000000 3.0337000E-02 -2.2168000E-01 9.9054000E-01 -9.6452000E-01 -4.3852000E-05 -9.5830000E-01
143.500000 3.0407000E-02 -2.1555000E-01 9.9056000E-01 -9.6596000E-01 -5.9293000E-05 -9.5968000E-01
144.000000 3.0476000E-02 -2.0951000E-01 9.9059000E-01 -9.6733000E-01 -7.2141000E-05 -9.6099000E-01
144.500000 3.0545000E-02 -2.0356000E-01 9.9061000E-01 -9.6864000E-01 -8.2593000E-05 -9.6224000E-01
145.000000 3.0614000E-02 -1.9770000E-01 9.9064000E-01 -9.6989000E-01 -9.0851000E-05 -9.6343000E-01
145.500000 3.0683000E-02 -1.9193000E-01 9.9066000E-01 -9.7108000E-01 -9.7114000E-05 -9.6457000E-01
146.000000 3.0751000E-02 -1.8625000E-01 9.9068000E-01 -9.7223000E-01 -1.0158000E-04 -9.6566000E-01
146.500000 3.0819000E-02 -1.8065000E-01 9.9070000E-01 -9.7332000E-01 -1.0445000E-04 -9.6669000E-01
147.000000 3.0887000E-02 -1.7515000E-01 9.9072000E-01 -9.7436000E-01 -1.0590000E-04 -9.6767000E-01
147.500000 3.0954000E-02 -1.6973000E-01 9.9073000E-01 -9.7535000E-01 -1.0614000E-04 -9.6860000E-01
148.000000 3.1020000E-02 -1.6440000E-01 9.9075000E-01 -9.7629000E-01 -1.0533000E-04 -9.6949000E-01
148.500000 3.1086000E-02 -1.5916000E-01 9.9076000E-01 -9.7719000E-01 -1.0364000E-04 -9.7033000E-01
149.000000 3.1151000E-02 -1.5401000E-01 9.9077000E-01 -9.7804000E-01 -1.0126000E-04 -9.7112000E-01
149.500000 3.1216000E-02 -1.4894000E-01 9.9079000E-01 -9.7886000E-01 -9.8324000E-05 -9.7188000E-01
150.000000 3.1280000E-02 -1.4396000E-01 9.9080000E-01 -9.7963000E-01 -9.4986000E-05 -9.7259000E-01
150.500000 3.1343000E-02 -1.3907000E-01 9.9080000E-01 -9.8036000E-01 -9.1381000E-05 -9.7326000E-01
151.000000 3.1405000E-02 -1.3427000E-01 9.9081000E-01 -9.8105000E-01 -8.7634000E-05 -9.7389000E-01
151.500000 3.1467000E-02 -1.2955000E-01 9.9082000E-01 -9.8171000E-01 -8.3857000E-05 -9.7449000E-01
152.000000 3.1527000E-02 -1.2493000E-01 9.9082000E-01 -9.8233000E-01 -8.0154000E-05 -9.7505000E-01
152.500000 3.1587000E-02 -1.2038000E-01 9.9082000E-01 -9.8292000E-01 -7.6612000E-05 -9.7558000E-01
153.000000 3.1646000E-02 -1.1593000E-01 9.9083000E-01 -9.8347000E-01 -7.3308000E-05 -9.7607000E-01
153.500000 3.1704000E-02 -1.1156000E-01 9.9083000E-01 -9.8399000E-01 -7.0308000E-05 -9.7653000E-01
154.000000 3.1761000E-02 -1.0728000E-01 9.9082000E-01 -9.8448000E-01 -6.7663000E-05 -9.7696000E-01
154.500000 3.1818000E-02 -1.0308000E-01 9.9082000E-01 -9.8495000E-01 -6.5414000E-05 -9.7736000E-01
155.000000 3.1873000E-02 -9.8976000E-02 9.9082000E-01 -9.8538000E-01 -6.3589000E-05 -9.7773000E-01
155.500000 3.1927000E-02 -9.4954000E-02 9.9081000E-01 -9.8579000E-01 -6.2205000E-05 -9.7808000E-01
156.000000 3.1981000E-02 -9.1018000E-02 9.9080000E-01 -9.8617000E-01 -6.1267000E-05 -9.7840000E-01
156.500000 3.2033000E-02 -8.7169000E-02 9.9079000E-01 -9.8653000E-01 -6.0771000E-05 -9.7869000E-01
157.000000 3.2084000E-02 -8.3405000E-02 9.9078000E-01 -9.8686000E-01 -6.0703000E-05 -9.7896000E-01
157.500000 3.2135000E-02 -7.9728000E-02 9.9077000E-01 -9.8717000E-01 -6.1041000E-05 -9.7920000E-01
158.000000 3.2184000E-02 -7.6136000E-02 9.9076000E-01 -9.8746000E-01 -6.1752000E-05 -9.7942000E-01
158.500000 3.2233000E-02 -7.2631000E-02 9.9074000E-01 -9.8773000E-01 -6.2800000E-05 -9.7962000E-01
159.000000 3.2280000E-02 -6.9211000E-02 9.9072000E-01 -9.8798000E-01 -6.4140000E-05 -9.7980000E-01
159.500000 3.2327000E-02 -6.5876000E-02 9.9070000E-01 -9.8820000E-01 -6.5722000E-05 -9.7996000E-01
160.000000 3.2372000E-02 -6.2627000E-02 9.9068000E-01 -9.8841000E-01 -6.7494000E-05 -9.8010000E-01
160.500000 3.2417000E-02 -5.9463000E-02 9.9066000E-01 -9.8860000E-01 -6.9399000E-05 -9.8023000E-01
161.000000 3.2460000E-02 -5.6384000E-02 9.9064000E-01 -9.8878000E-01 -7.1379000E-05 -9.8033000E-01
161.500000 3.2503000E-02 -5.3391000E-02 9.9061000E-01 -9.8894000E-01 -7.3376000E-05 -9.8042000E-01
162.000000 3.2544000E-02 -5.0482000E-02 9.9059000E-01 -9.8908000E-01 -7.5330000E-05 -9.8050000E-01
162.500000 3.2584000E-02 -4.7658000E-02 9.9056000E-01 -9.8921000E-01 -7.7184000E-05 -9.8056000E-01
163.000000 3.2624000E-02 -4.4918000E-02 9.9053000E-01 -9.8933000E-01 -7.8883000E-05 -9.8060000E-01
163.500000 3.2662000E-02 -4.2262000E-02 9.9050000E-01 -9.8943000E-01 -8.0375000E-05 -9.8063000E-01
164.000000 3.2700000E-02 -3.9690000E-02 9.9047000E-01 -9.8952000E-01 -8.1611000E-05 -9.8065000E-01
164.500000 3.2736000E-02 -3.7202000E-02 9.9044000E-01 -9.8960000E-01 -8.2548000E-05 -9.8066000E-01
165.000000 3.2772000E-02 -3.4798000E-02 9.9041000E-01 -9.8967000E-01 -8.3148000E-05 -9.8066000E-01
165.500000 3.2806000E-02 -3.2477000E-02 9.9037000E-01 -9.8973000E-01 -8.3378000E-05 -9.8065000E-01
166.000000 3.2840000E-02 -3.0239000E-02 9.9034000E-01 -9.8978000E-01 -8.3213000E-05 -9.8063000E-01
166.500000 3.2872000E-02 -2.8083000E-02 9.9031000E-01 -9.8982000E-01 -8.2634000E-05 -9.8060000E-01
167.000000 3.2903000E-02 -2.6010000E-02 9.9027000E-01 -9.8985000E-01 -8.1629000E-05 -9.8056000E-01
167.500000 3.2934000E-02 -2.4020000E-02 9.9024000E-01 -9.8987000E-01 -8.0193000E-05 -9.8052000E-01
168.000000 3.2963000E-02 -2.2111000E-02 9.9020000E-01 -9.8989000E-01 -7.8329000E-05 -9.8047000E-01
168.500000 3.2991000E-02 -2.0283000E-02 9.9016000E-01 -9.8990000E-01 -7.6046000E-05 -9.8042000E-01
169.000000 3.3018000E-02 -1.8537000E-02 9.9013000E-01 -9.8991000E-01 -7.3361000E-05 -9.8036000E-01
169.500000 3.3044000E-02 -1.6871000E-02 9.9009000E-01 -9.8991000E-01 -7.0298000E-05 -9.8030000E-01
170.000000 3.3069000E-02 -1.5286000E-02 9.9006000E-01 -9.8991000E-01 -6.6887000E-05 -9.8023000E-01
170.500000 3.3093000E-02 -1.3782000E-02 9.9002000E-01 -9.8990000E-01 -6.3163000E-05 -9.8017000E-01
171.000000 3.3116000E-02 -1.2357000E-02 9.8999000E-01 -9.8989000E-01 -5.9168000E-05 -9.8010000E-01
171.500000 3.3137000E-02 -1.1011000E-02 9.8996000E-01 -9.8988000E-01 -5.4946000E-05 -9.8003000E-01
172.000000 3.3158000E-02 -9.7446000E-03 9.8992000E-01 -9.8986000E-01 -5.0548000E-05 -9.7996000E-01
172.500000 3.3177000E-02 -8.5569000E-03 9.8989000E-01 -9.8984000E-01 -4.6027000E-05 -9.7989000E-01
173.000000 3.3195000E-02 -7.4477000E-03 9.8986000E-01 -9.8983000E-01 -4.1439000E-05 -9.7982000E-01
173.500000 3.3212000E-02 -6.4166000E-03 9.8983000E-01 -9.8981000E-01 -3.6840000E-05 -9.7976000E-01
174.000000 3.3228000E-02 -5.4632000E-03 9.8981000E-01 -9.8979000E-01 -3.2289000E-05 -9.7969000E-01
174.500000 3.3243000E-02 -4.5874000E-03 9.8978000E-01 -9.8977000E-01 -2.7842000E-05 -9.7963000E-01
175.000000 3.3256000E-02 -3.7888000E-03 9.8976000E-01 -9.8975000E-01 -2.3558000E-05 -9.7957000E-01
175.500000 3.3268000E-02 -3.0671000E-03 9.8974000E-01 -9.8973000E-01 -1.9492000E-05 -9.7952000E-01
176.000000 3.3279000E-02 -2.4221000E-03 9.8972000E-01 -9.8971000E-01 -1.5696000E-05 -9.7947000E-01
176.500000 3.3289000E-02 -1.8535000E-03 9.8970000E-01 -9.8970000E-01 -1.2219000E-05 -9.7943000E-01
177.000000 3.3297000E-02 -1.3612000E-03 9.8968000E-01 -9.8968000E-01 -9.1077000E-06 -9.7939000E-01
177.500000 3.3304000E-02 -9.4493000E-04 9.8967000E-01 -9.8967000E-01 -6.4024000E-06 -9.7936000E-01
178.000000 3.3310000E-02 -6.0458000E-04 9.8966000E-01 -9.8966000E-01 -4.1385000E-06 -9.7933000E-01
178.500000 3.3315000E-02 -3.4000000E-04 9.8965000E-01 -9.8965000E-01 -2.3460000E-06 -9.7931000E-01
179.000000 3.3318000E-02 -1.5108000E-04 9.8964000E-01 -9.8964000E-01 -1.0484000E-06 -9.7929000E-01
179.500000 3.3320000E-02 -3.7767000E-05 9.8964000E-01 -9.8964000E-01 -2.6297000E-07 -9.7928000E-01
180.000000 3.3320000E-02 -3.7439000E-15 9.8964000E-01 -9.8964000E-01 -2.6099000E-17 -9.7928000E-01
