length scale factor
1.7912860E-02
volume cluster radius, area mean sphere radius, circumscribing radius, cross section radius
3.6073991E-01 1.7894947E-02 1.2182610E+00 3.6073991E-01
total extinction, absorption, scattering efficiencies (unpolarized incidence)
2.3438000E-02 1.0254000E-02 1.3183000E-02
theta     11          12          22          33          34          44
 0.0000000E+00  1.6372000E-01  0.0000000E+00  9.9996000E-01  9.9996000E-01  0.0000000E+00  9.9992000E-01
 5.0000000E-01  1.6371000E-01 -3.7852000E-05  9.9996000E-01  9.9996000E-01  2.2709000E-09  9.9992000E-01
 1.0000000E+00  1.6369000E-01 -1.5141000E-04  9.9996000E-01  9.9996000E-01  9.0840000E-09  9.9992000E-01
 1.5000000E+00  1.6365000E-01 -3.4070000E-04  9.9996000E-01  9.9996000E-01  2.0440000E-08  9.9992000E-01
 2.0000000E+00  1.6359000E-01 -6.0575000E-04  9.9996000E-01  9.9996000E-01  3.6341000E-08  9.9992000E-01
 2.5000000E+00  1.6351000E-01 -9.4659000E-04  9.9996000E-01  9.9996000E-01  5.6789000E-08  9.9992000E-01
 3.0000000E+00  1.6342000E-01 -1.3633000E-03  9.9996000E-01  9.9996000E-01  8.1787000E-08  9.9992000E-01
 3.5000000E+00  1.6332000E-01 -1.8559000E-03  9.9996000E-01  9.9996000E-01  1.1134000E-07  9.9992000E-01
 4.0000000E+00  1.6319000E-01 -2.4245000E-03  9.9996000E-01  9.9996000E-01  1.4545000E-07  9.9992000E-01
 4.5000000E+00  1.6305000E-01 -3.0691000E-03  9.9996000E-01  9.9996000E-01  1.8412000E-07  9.9992000E-01
 5.0000000E+00  1.6290000E-01 -3.7899000E-03  9.9996000E-01  9.9995000E-01  2.2736000E-07  9.9991000E-01
 5.5000000E+00  1.6272000E-01 -4.5870000E-03  9.9996000E-01  9.9995000E-01  2.7517000E-07  9.9991000E-01
 6.0000000E+00  1.6253000E-01 -5.4605000E-03  9.9996000E-01  9.9995000E-01  3.2756000E-07  9.9991000E-01
 6.5000000E+00  1.6233000E-01 -6.4106000E-03  9.9996000E-01  9.9994000E-01  3.8454000E-07  9.9990000E-01
 7.0000000E+00  1.6211000E-01 -7.4373000E-03  9.9996000E-01  9.9993000E-01  4.4612000E-07  9.9989000E-01
 7.5000000E+00  1.6187000E-01 -8.5408000E-03  9.9996000E-01  9.9992000E-01  5.1230000E-07  9.9988000E-01
 8.0000000E+00  1.6162000E-01 -9.7213000E-03  9.9996000E-01  9.9991000E-01  5.8309000E-07  9.9987000E-01
 8.5000000E+00  1.6135000E-01 -1.0979000E-02  9.9996000E-01  9.9990000E-01  6.5851000E-07  9.9986000E-01
 9.0000000E+00  1.6107000E-01 -1.2314000E-02  9.9996000E-01  9.9988000E-01  7.3856000E-07  9.9984000E-01
 9.5000000E+00  1.6077000E-01 -1.3727000E-02  9.9996000E-01  9.9987000E-01  8.2325000E-07  9.9983000E-01
 1.0000000E+01  1.6045000E-01 -1.5217000E-02  9.9996000E-01  9.9984000E-01  9.1260000E-07  9.9980000E-01
 1.0500000E+01  1.6012000E-01 -1.6785000E-02  9.9996000E-01  9.9982000E-01  1.0066000E-06  9.9978000E-01
 1.1000000E+01  1.5977000E-01 -1.8432000E-02  9.9996000E-01  9.9979000E-01  1.1053000E-06  9.9975000E-01
 1.1500000E+01  1.5941000E-01 -2.0156000E-02  9.9996000E-01  9.9976000E-01  1.2087000E-06  9.9972000E-01
 1.2000000E+01  1.5904000E-01 -2.1960000E-02  9.9996000E-01  9.9972000E-01  1.3168000E-06  9.9968000E-01
 1.2500000E+01  1.5865000E-01 -2.3842000E-02  9.9996000E-01  9.9968000E-01  1.4296000E-06  9.9964000E-01
 1.3000000E+01  1.5824000E-01 -2.5804000E-02  9.9996000E-01  9.9963000E-01  1.5472000E-06  9.9959000E-01
 1.3500000E+01  1.5782000E-01 -2.7845000E-02  9.9996000E-01  9.9957000E-01  1.6695000E-06  9.9953000E-01
 1.4000000E+01  1.5739000E-01 -2.9966000E-02  9.9996000E-01  9.9951000E-01  1.7965000E-06  9.9947000E-01
 1.4500000E+01  1.5694000E-01 -3.2167000E-02  9.9996000E-01  9.9944000E-01  1.9284000E-06  9.9940000E-01
 1.5000000E+01  1.5648000E-01 -3.4449000E-02  9.9996000E-01  9.9937000E-01  2.0650000E-06  9.9933000E-01
 1.5500000E+01  1.5600000E-01 -3.6811000E-02  9.9996000E-01  9.9928000E-01  2.2065000E-06  9.9924000E-01
 1.6000000E+01  1.5551000E-01 -3.9253000E-02  9.9996000E-01  9.9919000E-01  2.3528000E-06  9.9915000E-01
 1.6500000E+01  1.5501000E-01 -4.1778000E-02  9.9996000E-01  9.9909000E-01  2.5039000E-06  9.9905000E-01
 1.7000000E+01  1.5449000E-01 -4.4384000E-02  9.9996000E-01  9.9897000E-01  2.6599000E-06  9.9893000E-01
 1.7500000E+01  1.5396000E-01 -4.7072000E-02  9.9996000E-01  9.9885000E-01  2.8208000E-06  9.9881000E-01
 1.8000000E+01  1.5342000E-01 -4.9842000E-02  9.9996000E-01  9.9872000E-01  2.9866000E-06  9.9868000E-01
 1.8500000E+01  1.5286000E-01 -5.2695000E-02  9.9996000E-01  9.9857000E-01  3.1574000E-06  9.9853000E-01
 1.9000000E+01  1.5229000E-01 -5.5631000E-02  9.9996000E-01  9.9841000E-01  3.3330000E-06  9.9837000E-01
 1.9500000E+01  1.5171000E-01 -5.8650000E-02  9.9996000E-01  9.9824000E-01  3.5137000E-06  9.9820000E-01
 2.0000000E+01  1.5112000E-01 -6.1753000E-02  9.9996000E-01  9.9805000E-01  3.6993000E-06  9.9801000E-01
 2.0500000E+01  1.5051000E-01 -6.4940000E-02  9.9996000E-01  9.9785000E-01  3.8899000E-06  9.9781000E-01
 2.1000000E+01  1.4990000E-01 -6.8212000E-02  9.9996000E-01  9.9763000E-01  4.0855000E-06  9.9759000E-01
 2.1500000E+01  1.4927000E-01 -7.1569000E-02  9.9996000E-01  9.9739000E-01  4.2862000E-06  9.9735000E-01
 2.2000000E+01  1.4863000E-01 -7.5011000E-02  9.9996000E-01  9.9714000E-01  4.4919000E-06  9.9710000E-01
 2.2500000E+01  1.4798000E-01 -7.8539000E-02  9.9996000E-01  9.9687000E-01  4.7028000E-06  9.9683000E-01
 2.3000000E+01  1.4732000E-01 -8.2153000E-02  9.9996000E-01  9.9658000E-01  4.9187000E-06  9.9654000E-01
 2.3500000E+01  1.4665000E-01 -8.5853000E-02  9.9996000E-01  9.9626000E-01  5.1397000E-06  9.9622000E-01
 2.4000000E+01  1.4597000E-01 -8.9640000E-02  9.9996000E-01  9.9593000E-01  5.3659000E-06  9.9589000E-01
 2.4500000E+01  1.4528000E-01 -9.3515000E-02  9.9996000E-01  9.9557000E-01  5.5973000E-06  9.9553000E-01
 2.5000000E+01  1.4457000E-01 -9.7477000E-02  9.9996000E-01  9.9519000E-01  5.8338000E-06  9.9515000E-01
 2.5500000E+01  1.4386000E-01 -1.0153000E-01  9.9996000E-01  9.9479000E-01  6.0755000E-06  9.9475000E-01
 2.6000000E+01  1.4314000E-01 -1.0567000E-01  9.9996000E-01  9.9436000E-01  6.3225000E-06  9.9432000E-01
 2.6500000E+01  1.4241000E-01 -1.0989000E-01  9.9996000E-01  9.9390000E-01  6.5747000E-06  9.9386000E-01
 2.7000000E+01  1.4167000E-01 -1.1421000E-01  9.9995000E-01  9.9341000E-01  6.8322000E-06  9.9337000E-01
 2.7500000E+01  1.4093000E-01 -1.1862000E-01  9.9995000E-01  9.9289000E-01  7.0949000E-06  9.9285000E-01
 2.8000000E+01  1.4017000E-01 -1.2311000E-01  9.9995000E-01  9.9235000E-01  7.3629000E-06  9.9230000E-01
 2.8500000E+01  1.3941000E-01 -1.2770000E-01  9.9995000E-01  9.9177000E-01  7.6363000E-06  9.9172000E-01
 2.9000000E+01  1.3864000E-01 -1.3238000E-01  9.9995000E-01  9.9115000E-01  7.9150000E-06  9.9111000E-01
 2.9500000E+01  1.3786000E-01 -1.3715000E-01  9.9995000E-01  9.9050000E-01  8.1990000E-06  9.9046000E-01
 3.0000000E+01  1.3707000E-01 -1.4201000E-01  9.9995000E-01  9.8982000E-01  8.4884000E-06  9.8978000E-01
 3.0500000E+01  1.3628000E-01 -1.4696000E-01  9.9995000E-01  9.8909000E-01  8.7831000E-06  9.8905000E-01
 3.1000000E+01  1.3548000E-01 -1.5201000E-01  9.9995000E-01  9.8833000E-01  9.0833000E-06  9.8829000E-01
 3.1500000E+01  1.3467000E-01 -1.5714000E-01  9.9995000E-01  9.8753000E-01  9.3889000E-06  9.8749000E-01
 3.2000000E+01  1.3386000E-01 -1.6237000E-01  9.9995000E-01  9.8668000E-01  9.6999000E-06  9.8664000E-01
 3.2500000E+01  1.3304000E-01 -1.6770000E-01  9.9995000E-01  9.8579000E-01  1.0016000E-05  9.8575000E-01
 3.3000000E+01  1.3222000E-01 -1.7311000E-01  9.9995000E-01  9.8485000E-01  1.0338000E-05  9.8481000E-01
 3.3500000E+01  1.3139000E-01 -1.7862000E-01  9.9995000E-01  9.8387000E-01  1.0665000E-05  9.8383000E-01
 3.4000000E+01  1.3056000E-01 -1.8423000E-01  9.9995000E-01  9.8283000E-01  1.0998000E-05  9.8279000E-01
 3.4500000E+01  1.2972000E-01 -1.8993000E-01  9.9995000E-01  9.8175000E-01  1.1336000E-05  9.8171000E-01
 3.5000000E+01  1.2887000E-01 -1.9572000E-01  9.9995000E-01  9.8061000E-01  1.1680000E-05  9.8057000E-01
 3.5500000E+01  1.2802000E-01 -2.0161000E-01  9.9995000E-01  9.7942000E-01  1.2029000E-05  9.7937000E-01
 3.6000000E+01  1.2717000E-01 -2.0759000E-01  9.9995000E-01  9.7817000E-01  1.2384000E-05  9.7812000E-01
 3.6500000E+01  1.2632000E-01 -2.1366000E-01  9.9995000E-01  9.7686000E-01  1.2744000E-05  9.7681000E-01
 3.7000000E+01  1.2546000E-01 -2.1984000E-01  9.9995000E-01  9.7548000E-01  1.3109000E-05  9.7544000E-01
 3.7500000E+01  1.2459000E-01 -2.2610000E-01  9.9995000E-01  9.7405000E-01  1.3480000E-05  9.7401000E-01
 3.8000000E+01  1.2373000E-01 -2.3246000E-01  9.9995000E-01  9.7255000E-01  1.3857000E-05  9.7251000E-01
 3.8500000E+01  1.2286000E-01 -2.3892000E-01  9.9995000E-01  9.7099000E-01  1.4239000E-05  9.7094000E-01
 3.9000000E+01  1.2199000E-01 -2.4547000E-01  9.9995000E-01  9.6935000E-01  1.4626000E-05  9.6931000E-01
 3.9500000E+01  1.2112000E-01 -2.5212000E-01  9.9995000E-01  9.6764000E-01  1.5019000E-05  9.6760000E-01
 4.0000000E+01  1.2024000E-01 -2.5886000E-01  9.9995000E-01  9.6586000E-01  1.5417000E-05  9.6582000E-01
 4.0500000E+01  1.1937000E-01 -2.6569000E-01  9.9995000E-01  9.6400000E-01  1.5821000E-05  9.6396000E-01
 4.1000000E+01  1.1849000E-01 -2.7262000E-01  9.9995000E-01  9.6206000E-01  1.6229000E-05  9.6202000E-01
 4.1500000E+01  1.1761000E-01 -2.7965000E-01  9.9995000E-01  9.6005000E-01  1.6644000E-05  9.6000000E-01
 4.2000000E+01  1.1673000E-01 -2.8677000E-01  9.9995000E-01  9.5794000E-01  1.7063000E-05  9.5790000E-01
 4.2500000E+01  1.1585000E-01 -2.9398000E-01  9.9995000E-01  9.5575000E-01  1.7488000E-05  9.5571000E-01
 4.3000000E+01  1.1497000E-01 -3.0128000E-01  9.9994000E-01  9.5348000E-01  1.7918000E-05  9.5343000E-01
 4.3500000E+01  1.1409000E-01 -3.0868000E-01  9.9994000E-01  9.5111000E-01  1.8353000E-05  9.5106000E-01
 4.4000000E+01  1.1321000E-01 -3.1617000E-01  9.9994000E-01  9.4864000E-01  1.8794000E-05  9.4860000E-01
 4.4500000E+01  1.1233000E-01 -3.2375000E-01  9.9994000E-01  9.4608000E-01  1.9239000E-05  9.4604000E-01
 4.5000000E+01  1.1146000E-01 -3.3142000E-01  9.9994000E-01  9.4342000E-01  1.9690000E-05  9.4338000E-01
 4.5500000E+01  1.1058000E-01 -3.3918000E-01  9.9994000E-01  9.4066000E-01  2.0145000E-05  9.4062000E-01
 4.6000000E+01  1.0970000E-01 -3.4704000E-01  9.9994000E-01  9.3779000E-01  2.0606000E-05  9.3775000E-01
 4.6500000E+01  1.0883000E-01 -3.5497000E-01  9.9994000E-01  9.3481000E-01  2.1071000E-05  9.3477000E-01
 4.7000000E+01  1.0796000E-01 -3.6300000E-01  9.9994000E-01  9.3173000E-01  2.1541000E-05  9.3168000E-01
 4.7500000E+01  1.0709000E-01 -3.7112000E-01  9.9994000E-01  9.2852000E-01  2.2016000E-05  9.2848000E-01
 4.8000000E+01  1.0622000E-01 -3.7931000E-01  9.9994000E-01  9.2520000E-01  2.2496000E-05  9.2516000E-01
 4.8500000E+01  1.0535000E-01 -3.8760000E-01  9.9994000E-01  9.2176000E-01  2.2980000E-05  9.2172000E-01
 4.9000000E+01  1.0449000E-01 -3.9596000E-01  9.9994000E-01  9.1820000E-01  2.3469000E-05  9.1816000E-01
 4.9500000E+01  1.0363000E-01 -4.0441000E-01  9.9994000E-01  9.1451000E-01  2.3962000E-05  9.1447000E-01
 5.0000000E+01  1.0277000E-01 -4.1294000E-01  9.9994000E-01  9.1069000E-01  2.4459000E-05  9.1065000E-01
 5.0500000E+01  1.0192000E-01 -4.2155000E-01  9.9994000E-01  9.0674000E-01  2.4960000E-05  9.0669000E-01
 5.1000000E+01  1.0107000E-01 -4.3023000E-01  9.9994000E-01  9.0265000E-01  2.5466000E-05  9.0261000E-01
 5.1500000E+01  1.0022000E-01 -4.3899000E-01  9.9994000E-01  8.9842000E-01  2.5975000E-05  8.9838000E-01
 5.2000000E+01  9.9383000E-02 -4.4782000E-01  9.9994000E-01  8.9405000E-01  2.6489000E-05  8.9401000E-01
 5.2500000E+01  9.8545000E-02 -4.5672000E-01  9.9994000E-01  8.8954000E-01  2.7005000E-05  8.8949000E-01
 5.3000000E+01  9.7713000E-02 -4.6569000E-01  9.9994000E-01  8.8487000E-01  2.7526000E-05  8.8483000E-01
 5.3500000E+01  9.6885000E-02 -4.7473000E-01  9.9993000E-01  8.8006000E-01  2.8050000E-05  8.8001000E-01
 5.4000000E+01  9.6062000E-02 -4.8383000E-01  9.9993000E-01  8.7509000E-01  2.8577000E-05  8.7504000E-01
 5.4500000E+01  9.5244000E-02 -4.9299000E-01  9.9993000E-01  8.6996000E-01  2.9107000E-05  8.6991000E-01
 5.5000000E+01  9.4431000E-02 -5.0221000E-01  9.9993000E-01  8.6467000E-01  2.9640000E-05  8.6462000E-01
 5.5500000E+01  9.3624000E-02 -5.1149000E-01  9.9993000E-01  8.5921000E-01  3.0175000E-05  8.5916000E-01
 5.6000000E+01  9.2823000E-02 -5.2083000E-01  9.9993000E-01  8.5358000E-01  3.0714000E-05  8.5354000E-01
 5.6500000E+01  9.2028000E-02 -5.3021000E-01  9.9993000E-01  8.4779000E-01  3.1254000E-05  8.4774000E-01
 5.7000000E+01  9.1239000E-02 -5.3964000E-01  9.9993000E-01  8.4181000E-01  3.1797000E-05  8.4177000E-01
 5.7500000E+01  9.0456000E-02 -5.4911000E-01  9.9993000E-01  8.3567000E-01  3.2341000E-05  8.3562000E-01
 5.8000000E+01  8.9679000E-02 -5.5863000E-01  9.9993000E-01  8.2933000E-01  3.2888000E-05  8.2929000E-01
 5.8500000E+01  8.8910000E-02 -5.6818000E-01  9.9993000E-01  8.2282000E-01  3.3435000E-05  8.2278000E-01
 5.9000000E+01  8.8147000E-02 -5.7776000E-01  9.9993000E-01  8.1612000E-01  3.3984000E-05  8.1607000E-01
 5.9500000E+01  8.7391000E-02 -5.8738000E-01  9.9993000E-01  8.0923000E-01  3.4534000E-05  8.0918000E-01
 6.0000000E+01  8.6642000E-02 -5.9701000E-01  9.9993000E-01  8.0214000E-01  3.5085000E-05  8.0210000E-01
 6.0500000E+01  8.5900000E-02 -6.0667000E-01  9.9993000E-01  7.9486000E-01  3.5636000E-05  7.9482000E-01
 6.1000000E+01  8.5166000E-02 -6.1635000E-01  9.9993000E-01  7.8738000E-01  3.6188000E-05  7.8734000E-01
 6.1500000E+01  8.4439000E-02 -6.2604000E-01  9.9993000E-01  7.7970000E-01  3.6739000E-05  7.7965000E-01
 6.2000000E+01  8.3720000E-02 -6.3573000E-01  9.9993000E-01  7.7181000E-01  3.7290000E-05  7.7177000E-01
 6.2500000E+01  8.3009000E-02 -6.4543000E-01  9.9992000E-01  7.6372000E-01  3.7840000E-05  7.6368000E-01
 6.3000000E+01  8.2306000E-02 -6.5513000E-01  9.9992000E-01  7.5542000E-01  3.8389000E-05  7.5538000E-01
 6.3500000E+01  8.1611000E-02 -6.6481000E-01  9.9992000E-01  7.4691000E-01  3.8937000E-05  7.4686000E-01
 6.4000000E+01  8.0924000E-02 -6.7449000E-01  9.9992000E-01  7.3818000E-01  3.9484000E-05  7.3814000E-01
 6.4500000E+01  8.0246000E-02 -6.8415000E-01  9.9992000E-01  7.2924000E-01  4.0028000E-05  7.2920000E-01
 6.5000000E+01  7.9576000E-02 -6.9378000E-01  9.9992000E-01  7.2008000E-01  4.0570000E-05  7.2004000E-01
 6.5500000E+01  7.8915000E-02 -7.0338000E-01  9.9992000E-01  7.1070000E-01  4.1110000E-05  7.1066000E-01
 6.6000000E+01  7.8262000E-02 -7.1295000E-01  9.9992000E-01  7.0110000E-01  4.1646000E-05  7.0106000E-01
 6.6500000E+01  7.7619000E-02 -7.2248000E-01  9.9992000E-01  6.9128000E-01  4.2180000E-05  6.9124000E-01
 6.7000000E+01  7.6984000E-02 -7.3195000E-01  9.9992000E-01  6.8123000E-01  4.2709000E-05  6.8119000E-01
 6.7500000E+01  7.6358000E-02 -7.4138000E-01  9.9992000E-01  6.7096000E-01  4.3235000E-05  6.7092000E-01
 6.8000000E+01  7.5742000E-02 -7.5074000E-01  9.9992000E-01  6.6047000E-01  4.3756000E-05  6.6043000E-01
 6.8500000E+01  7.5134000E-02 -7.6004000E-01  9.9992000E-01  6.4975000E-01  4.4272000E-05  6.4971000E-01
 6.9000000E+01  7.4536000E-02 -7.6926000E-01  9.9992000E-01  6.3880000E-01  4.4783000E-05  6.3876000E-01
 6.9500000E+01  7.3948000E-02 -7.7841000E-01  9.9992000E-01  6.2762000E-01  4.5288000E-05  6.2758000E-01
 7.0000000E+01  7.3368000E-02 -7.8746000E-01  9.9992000E-01  6.1622000E-01  4.5787000E-05  6.1618000E-01
 7.0500000E+01  7.2799000E-02 -7.9643000E-01  9.9991000E-01  6.0459000E-01  4.6280000E-05  6.0455000E-01
 7.1000000E+01  7.2238000E-02 -8.0529000E-01  9.9991000E-01  5.9274000E-01  4.6766000E-05  5.9270000E-01
 7.1500000E+01  7.1688000E-02 -8.1404000E-01  9.9991000E-01  5.8065000E-01  4.7245000E-05  5.8062000E-01
 7.2000000E+01  7.1147000E-02 -8.2268000E-01  9.9991000E-01  5.6835000E-01  4.7716000E-05  5.6831000E-01
 7.2500000E+01  7.0616000E-02 -8.3120000E-01  9.9991000E-01  5.5582000E-01  4.8179000E-05  5.5578000E-01
 7.3000000E+01  7.0095000E-02 -8.3959000E-01  9.9991000E-01  5.4306000E-01  4.8633000E-05  5.4303000E-01
 7.3500000E+01  6.9584000E-02 -8.4784000E-01  9.9991000E-01  5.3009000E-01  4.9079000E-05  5.3005000E-01
 7.4000000E+01  6.9082000E-02 -8.5594000E-01  9.9991000E-01  5.1690000E-01  4.9515000E-05  5.1686000E-01
 7.4500000E+01  6.8591000E-02 -8.6390000E-01  9.9991000E-01  5.0349000E-01  4.9942000E-05  5.0345000E-01
 7.5000000E+01  6.8109000E-02 -8.7169000E-01  9.9991000E-01  4.8987000E-01  5.0358000E-05  4.8983000E-01
 7.5500000E+01  6.7638000E-02 -8.7932000E-01  9.9991000E-01  4.7604000E-01  5.0764000E-05  4.7600000E-01
 7.6000000E+01  6.7177000E-02 -8.8678000E-01  9.9991000E-01  4.6199000E-01  5.1159000E-05  4.6196000E-01
 7.6500000E+01  6.6725000E-02 -8.9405000E-01  9.9991000E-01  4.4775000E-01  5.1542000E-05  4.4772000E-01
 7.7000000E+01  6.6284000E-02 -9.0114000E-01  9.9991000E-01  4.3331000E-01  5.1914000E-05  4.3327000E-01
 7.7500000E+01  6.5853000E-02 -9.0804000E-01  9.9991000E-01  4.1866000E-01  5.2273000E-05  4.1863000E-01
 7.8000000E+01  6.5432000E-02 -9.1473000E-01  9.9991000E-01  4.0383000E-01  5.2620000E-05  4.0380000E-01
 7.8500000E+01  6.5021000E-02 -9.2121000E-01  9.9991000E-01  3.8881000E-01  5.2954000E-05  3.8878000E-01
 7.9000000E+01  6.4621000E-02 -9.2748000E-01  9.9990000E-01  3.7361000E-01  5.3275000E-05  3.7358000E-01
 7.9500000E+01  6.4230000E-02 -9.3353000E-01  9.9990000E-01  3.5823000E-01  5.3582000E-05  3.5820000E-01
 8.0000000E+01  6.3850000E-02 -9.3935000E-01  9.9990000E-01  3.4267000E-01  5.3875000E-05  3.4265000E-01
 8.0500000E+01  6.3480000E-02 -9.4494000E-01  9.9990000E-01  3.2696000E-01  5.4153000E-05  3.2693000E-01
 8.1000000E+01  6.3120000E-02 -9.5028000E-01  9.9990000E-01  3.1108000E-01  5.4417000E-05  3.1105000E-01
 8.1500000E+01  6.2770000E-02 -9.5538000E-01  9.9990000E-01  2.9505000E-01  5.4667000E-05  2.9502000E-01
 8.2000000E+01  6.2430000E-02 -9.6022000E-01  9.9990000E-01  2.7887000E-01  5.4900000E-05  2.7885000E-01
 8.2500000E+01  6.2100000E-02 -9.6481000E-01  9.9990000E-01  2.6256000E-01  5.5119000E-05  2.6253000E-01
 8.3000000E+01  6.1781000E-02 -9.6914000E-01  9.9990000E-01  2.4611000E-01  5.5321000E-05  2.4608000E-01
 8.3500000E+01  6.1471000E-02 -9.7320000E-01  9.9990000E-01  2.2953000E-01  5.5508000E-05  2.2951000E-01
 8.4000000E+01  6.1171000E-02 -9.7698000E-01  9.9990000E-01  2.1284000E-01  5.5678000E-05  2.1282000E-01
 8.4500000E+01  6.0882000E-02 -9.8049000E-01  9.9990000E-01  1.9604000E-01  5.5831000E-05  1.9601000E-01
 8.5000000E+01  6.0602000E-02 -9.8372000E-01  9.9990000E-01  1.7913000E-01  5.5968000E-05  1.7911000E-01
 8.5500000E+01  6.0332000E-02 -9.8666000E-01  9.9990000E-01  1.6214000E-01  5.6088000E-05  1.6212000E-01
 8.6000000E+01  6.0072000E-02 -9.8932000E-01  9.9990000E-01  1.4506000E-01  5.6191000E-05  1.4503000E-01
 8.6500000E+01  5.9822000E-02 -9.9168000E-01  9.9990000E-01  1.2790000E-01  5.6277000E-05  1.2788000E-01
 8.7000000E+01  5.9582000E-02 -9.9375000E-01  9.9990000E-01  1.1067000E-01  5.6346000E-05  1.1065000E-01
 8.7500000E+01  5.9352000E-02 -9.9553000E-01  9.9990000E-01  9.3387000E-02  5.6397000E-05  9.3368000E-02
 8.8000000E+01  5.9131000E-02 -9.9700000E-01  9.9990000E-01  7.6052000E-02  5.6430000E-05  7.6035000E-02
 8.8500000E+01  5.8920000E-02 -9.9817000E-01  9.9990000E-01  5.8677000E-02  5.6446000E-05  5.8660000E-02
 8.9000000E+01  5.8718000E-02 -9.9904000E-01  9.9990000E-01  4.1270000E-02  5.6445000E-05  4.1254000E-02
 8.9500000E+01  5.8526000E-02 -9.9961000E-01  9.9990000E-01  2.3841000E-02  5.6426000E-05  2.3825000E-02
 9.0000000E+01  5.8343000E-02 -9.9987000E-01  9.9990000E-01  6.3981000E-03  5.6389000E-05  6.3838000E-03
 9.0500000E+01  5.8170000E-02 -9.9983000E-01  9.9990000E-01 -1.1048000E-02  5.6335000E-05 -1.1062000E-02
 9.1000000E+01  5.8006000E-02 -9.9949000E-01  9.9989000E-01 -2.8489000E-02  5.6264000E-05 -2.8502000E-02
 9.1500000E+01  5.7851000E-02 -9.9884000E-01  9.9989000E-01 -4.5916000E-02  5.6175000E-05 -4.5927000E-02
 9.2000000E+01  5.7705000E-02 -9.9789000E-01  9.9989000E-01 -6.3318000E-02  5.6068000E-05 -6.3329000E-02
 9.2500000E+01  5.7569000E-02 -9.9663000E-01  9.9989000E-01 -8.0687000E-02  5.5945000E-05 -8.0697000E-02
 9.3000000E+01  5.7441000E-02 -9.9508000E-01  9.9989000E-01 -9.8014000E-02  5.5804000E-05 -9.8023000E-02
 9.3500000E+01  5.7323000E-02 -9.9322000E-01  9.9989000E-01 -1.1529000E-01  5.5647000E-05 -1.1530000E-01
 9.4000000E+01  5.7213000E-02 -9.9107000E-01  9.9989000E-01 -1.3251000E-01  5.5473000E-05 -1.3251000E-01
 9.4500000E+01  5.7112000E-02 -9.8863000E-01  9.9989000E-01 -1.4965000E-01  5.5282000E-05 -1.4966000E-01
 9.5000000E+01  5.7020000E-02 -9.8590000E-01  9.9989000E-01 -1.6672000E-01  5.5075000E-05 -1.6672000E-01
 9.5500000E+01  5.6937000E-02 -9.8287000E-01  9.9989000E-01 -1.8370000E-01  5.4852000E-05 -1.8371000E-01
 9.6000000E+01  5.6862000E-02 -9.7957000E-01  9.9989000E-01 -2.0059000E-01  5.4613000E-05 -2.0059000E-01
 9.6500000E+01  5.6795000E-02 -9.7598000E-01  9.9989000E-01 -2.1737000E-01  5.4359000E-05 -2.1737000E-01
 9.7000000E+01  5.6737000E-02 -9.7211000E-01  9.9989000E-01 -2.3405000E-01  5.4089000E-05 -2.3405000E-01
 9.7500000E+01  5.6687000E-02 -9.6798000E-01  9.9989000E-01 -2.5060000E-01  5.3804000E-05 -2.5060000E-01
 9.8000000E+01  5.6645000E-02 -9.6358000E-01  9.9989000E-01 -2.6703000E-01  5.3505000E-05 -2.6703000E-01
 9.8500000E+01  5.6611000E-02 -9.5891000E-01  9.9989000E-01 -2.8332000E-01  5.3191000E-05 -2.8332000E-01
 9.9000000E+01  5.6585000E-02 -9.5399000E-01  9.9989000E-01 -2.9947000E-01  5.2864000E-05 -2.9947000E-01
 9.9500000E+01  5.6567000E-02 -9.4882000E-01  9.9989000E-01 -3.1548000E-01  5.2523000E-05 -3.1547000E-01
 1.0000000E+02  5.6557000E-02 -9.4340000E-01  9.9989000E-01 -3.3133000E-01  5.2169000E-05 -3.3132000E-01
 1.0050000E+02  5.6554000E-02 -9.3774000E-01  9.9989000E-01 -3.4702000E-01  5.1801000E-05 -3.4701000E-01
 1.0100000E+02  5.6559000E-02 -9.3185000E-01  9.9989000E-01 -3.6254000E-01  5.1422000E-05 -3.6253000E-01
 1.0150000E+02  5.6572000E-02 -9.2573000E-01  9.9989000E-01 -3.7789000E-01  5.1030000E-05 -3.7788000E-01
 1.0200000E+02  5.6591000E-02 -9.1940000E-01  9.9989000E-01 -3.9306000E-01  5.0627000E-05 -3.9305000E-01
 1.0250000E+02  5.6618000E-02 -9.1284000E-01  9.9989000E-01 -4.0805000E-01  5.0212000E-05 -4.0804000E-01
 1.0300000E+02  5.6653000E-02 -9.0608000E-01  9.9989000E-01 -4.2285000E-01  4.9787000E-05 -4.2284000E-01
 1.0350000E+02  5.6694000E-02 -8.9912000E-01  9.9989000E-01 -4.3745000E-01  4.9351000E-05 -4.3744000E-01
 1.0400000E+02  5.6742000E-02 -8.9197000E-01  9.9989000E-01 -4.5186000E-01  4.8905000E-05 -4.5185000E-01
 1.0450000E+02  5.6796000E-02 -8.8463000E-01  9.9989000E-01 -4.6607000E-01  4.8450000E-05 -4.6606000E-01
 1.0500000E+02  5.6858000E-02 -8.7711000E-01  9.9989000E-01 -4.8007000E-01  4.7985000E-05 -4.8006000E-01
 1.0550000E+02  5.6926000E-02 -8.6942000E-01  9.9989000E-01 -4.9387000E-01  4.7512000E-05 -4.9385000E-01
 1.0600000E+02  5.7001000E-02 -8.6156000E-01  9.9989000E-01 -5.0745000E-01  4.7031000E-05 -5.0743000E-01
 1.0650000E+02  5.7081000E-02 -8.5354000E-01  9.9989000E-01 -5.2082000E-01  4.6542000E-05 -5.2080000E-01
 1.0700000E+02  5.7169000E-02 -8.4538000E-01  9.9989000E-01 -5.3397000E-01  4.6046000E-05 -5.3395000E-01
 1.0750000E+02  5.7262000E-02 -8.3707000E-01  9.9989000E-01 -5.4690000E-01  4.5542000E-05 -5.4688000E-01
 1.0800000E+02  5.7361000E-02 -8.2863000E-01  9.9990000E-01 -5.5961000E-01  4.5033000E-05 -5.5959000E-01
 1.0850000E+02  5.7466000E-02 -8.2006000E-01  9.9990000E-01 -5.7210000E-01  4.4517000E-05 -5.7208000E-01
 1.0900000E+02  5.7577000E-02 -8.1137000E-01  9.9990000E-01 -5.8436000E-01  4.3995000E-05 -5.8434000E-01
 1.0950000E+02  5.7693000E-02 -8.0256000E-01  9.9990000E-01 -5.9640000E-01  4.3469000E-05 -5.9637000E-01
 1.1000000E+02  5.7815000E-02 -7.9365000E-01  9.9990000E-01 -6.0821000E-01  4.2937000E-05 -6.0818000E-01
 1.1050000E+02  5.7943000E-02 -7.8463000E-01  9.9990000E-01 -6.1979000E-01  4.2401000E-05 -6.1977000E-01
 1.1100000E+02  5.8076000E-02 -7.7553000E-01  9.9990000E-01 -6.3115000E-01  4.1862000E-05 -6.3112000E-01
 1.1150000E+02  5.8214000E-02 -7.6634000E-01  9.9990000E-01 -6.4228000E-01  4.1318000E-05 -6.4225000E-01
 1.1200000E+02  5.8356000E-02 -7.5707000E-01  9.9990000E-01 -6.5318000E-01  4.0772000E-05 -6.5315000E-01
 1.1250000E+02  5.8504000E-02 -7.4773000E-01  9.9990000E-01 -6.6385000E-01  4.0222000E-05 -6.6383000E-01
 1.1300000E+02  5.8657000E-02 -7.3832000E-01  9.9990000E-01 -6.7430000E-01  3.9671000E-05 -6.7427000E-01
 1.1350000E+02  5.8815000E-02 -7.2885000E-01  9.9990000E-01 -6.8452000E-01  3.9117000E-05 -6.8449000E-01
 1.1400000E+02  5.8977000E-02 -7.1933000E-01  9.9990000E-01 -6.9452000E-01  3.8561000E-05 -6.9449000E-01
 1.1450000E+02  5.9143000E-02 -7.0977000E-01  9.9990000E-01 -7.0429000E-01  3.8005000E-05 -7.0426000E-01
 1.1500000E+02  5.9314000E-02 -7.0016000E-01  9.9990000E-01 -7.1384000E-01  3.7447000E-05 -7.1381000E-01
 1.1550000E+02  5.9489000E-02 -6.9052000E-01  9.9990000E-01 -7.2317000E-01  3.6889000E-05 -7.2314000E-01
 1.1600000E+02  5.9668000E-02 -6.8085000E-01  9.9990000E-01 -7.3228000E-01  3.6330000E-05 -7.3225000E-01
 1.1650000E+02  5.9851000E-02 -6.7116000E-01  9.9990000E-01 -7.4117000E-01  3.5771000E-05 -7.4114000E-01
 1.1700000E+02  6.0038000E-02 -6.6146000E-01  9.9990000E-01 -7.4985000E-01  3.5213000E-05 -7.4982000E-01
 1.1750000E+02  6.0229000E-02 -6.5174000E-01  9.9990000E-01 -7.5831000E-01  3.4655000E-05 -7.5828000E-01
 1.1800000E+02  6.0423000E-02 -6.4201000E-01  9.9990000E-01 -7.6657000E-01  3.4098000E-05 -7.6653000E-01
 1.1850000E+02  6.0621000E-02 -6.3228000E-01  9.9990000E-01 -7.7461000E-01  3.3542000E-05 -7.7457000E-01
 1.1900000E+02  6.0822000E-02 -6.2256000E-01  9.9990000E-01 -7.8244000E-01  3.2988000E-05 -7.8241000E-01
 1.1950000E+02  6.1027000E-02 -6.1285000E-01  9.9990000E-01 -7.9008000E-01  3.2435000E-05 -7.9004000E-01
 1.2000000E+02  6.1235000E-02 -6.0315000E-01  9.9990000E-01 -7.9751000E-01  3.1885000E-05 -7.9747000E-01
 1.2050000E+02  6.1446000E-02 -5.9346000E-01  9.9990000E-01 -8.0474000E-01  3.1336000E-05 -8.0470000E-01
 1.2100000E+02  6.1659000E-02 -5.8380000E-01  9.9990000E-01 -8.1178000E-01  3.0790000E-05 -8.1174000E-01
 1.2150000E+02  6.1876000E-02 -5.7417000E-01  9.9990000E-01 -8.1862000E-01  3.0246000E-05 -8.1858000E-01
 1.2200000E+02  6.2095000E-02 -5.6456000E-01  9.9990000E-01 -8.2527000E-01  2.9706000E-05 -8.2523000E-01
 1.2250000E+02  6.2317000E-02 -5.5499000E-01  9.9990000E-01 -8.3174000E-01  2.9168000E-05 -8.3170000E-01
 1.2300000E+02  6.2542000E-02 -5.4546000E-01  9.9990000E-01 -8.3802000E-01  2.8634000E-05 -8.3798000E-01
 1.2350000E+02  6.2768000E-02 -5.3597000E-01  9.9991000E-01 -8.4412000E-01  2.8103000E-05 -8.4408000E-01
 1.2400000E+02  6.2997000E-02 -5.2653000E-01  9.9991000E-01 -8.5005000E-01  2.7576000E-05 -8.5000000E-01
 1.2450000E+02  6.3228000E-02 -5.1713000E-01  9.9991000E-01 -8.5580000E-01  2.7052000E-05 -8.5575000E-01
 1.2500000E+02  6.3462000E-02 -5.0778000E-01  9.9991000E-01 -8.6138000E-01  2.6532000E-05 -8.6133000E-01
 1.2550000E+02  6.3697000E-02 -4.9849000E-01  9.9991000E-01 -8.6679000E-01  2.6017000E-05 -8.6674000E-01
 1.2600000E+02  6.3934000E-02 -4.8926000E-01  9.9991000E-01 -8.7203000E-01  2.5505000E-05 -8.7198000E-01
 1.2650000E+02  6.4172000E-02 -4.8009000E-01  9.9991000E-01 -8.7711000E-01  2.4998000E-05 -8.7707000E-01
 1.2700000E+02  6.4412000E-02 -4.7098000E-01  9.9991000E-01 -8.8204000E-01  2.4496000E-05 -8.8199000E-01
 1.2750000E+02  6.4654000E-02 -4.6193000E-01  9.9991000E-01 -8.8681000E-01  2.3998000E-05 -8.8676000E-01
 1.2800000E+02  6.4897000E-02 -4.5296000E-01  9.9991000E-01 -8.9143000E-01  2.3504000E-05 -8.9138000E-01
 1.2850000E+02  6.5142000E-02 -4.4405000E-01  9.9991000E-01 -8.9590000E-01  2.3016000E-05 -8.9585000E-01
 1.2900000E+02  6.5387000E-02 -4.3521000E-01  9.9991000E-01 -9.0023000E-01  2.2532000E-05 -9.0018000E-01
 1.2950000E+02  6.5634000E-02 -4.2645000E-01  9.9991000E-01 -9.0441000E-01  2.2054000E-05 -9.0436000E-01
 1.3000000E+02  6.5882000E-02 -4.1777000E-01  9.9991000E-01 -9.0845000E-01  2.1580000E-05 -9.0840000E-01
 1.3050000E+02  6.6130000E-02 -4.0916000E-01  9.9991000E-01 -9.1236000E-01  2.1112000E-05 -9.1231000E-01
 1.3100000E+02  6.6379000E-02 -4.0063000E-01  9.9991000E-01 -9.1614000E-01  2.0648000E-05 -9.1609000E-01
 1.3150000E+02  6.6629000E-02 -3.9219000E-01  9.9991000E-01 -9.1979000E-01  2.0190000E-05 -9.1974000E-01
 1.3200000E+02  6.6880000E-02 -3.8382000E-01  9.9991000E-01 -9.2331000E-01  1.9738000E-05 -9.2326000E-01
 1.3250000E+02  6.7131000E-02 -3.7554000E-01  9.9991000E-01 -9.2671000E-01  1.9290000E-05 -9.2666000E-01
 1.3300000E+02  6.7382000E-02 -3.6735000E-01  9.9991000E-01 -9.2999000E-01  1.8848000E-05 -9.2994000E-01
 1.3350000E+02  6.7634000E-02 -3.5924000E-01  9.9991000E-01 -9.3315000E-01  1.8412000E-05 -9.3310000E-01
 1.3400000E+02  6.7885000E-02 -3.5122000E-01  9.9991000E-01 -9.3620000E-01  1.7981000E-05 -9.3615000E-01
 1.3450000E+02  6.8137000E-02 -3.4328000E-01  9.9991000E-01 -9.3914000E-01  1.7556000E-05 -9.3908000E-01
 1.3500000E+02  6.8389000E-02 -3.3544000E-01  9.9991000E-01 -9.4197000E-01  1.7136000E-05 -9.4191000E-01
 1.3550000E+02  6.8641000E-02 -3.2769000E-01  9.9991000E-01 -9.4470000E-01  1.6722000E-05 -9.4464000E-01
 1.3600000E+02  6.8893000E-02 -3.2003000E-01  9.9991000E-01 -9.4732000E-01  1.6313000E-05 -9.4726000E-01
 1.3650000E+02  6.9144000E-02 -3.1245000E-01  9.9991000E-01 -9.4984000E-01  1.5910000E-05 -9.4979000E-01
 1.3700000E+02  6.9395000E-02 -3.0498000E-01  9.9992000E-01 -9.5227000E-01  1.5513000E-05 -9.5221000E-01
 1.3750000E+02  6.9645000E-02 -2.9759000E-01  9.9992000E-01 -9.5460000E-01  1.5121000E-05 -9.5455000E-01
 1.3800000E+02  6.9895000E-02 -2.9030000E-01  9.9992000E-01 -9.5685000E-01  1.4735000E-05 -9.5679000E-01
 1.3850000E+02  7.0145000E-02 -2.8310000E-01  9.9992000E-01 -9.5900000E-01  1.4355000E-05 -9.5895000E-01
 1.3900000E+02  7.0393000E-02 -2.7600000E-01  9.9992000E-01 -9.6107000E-01  1.3980000E-05 -9.6101000E-01
 1.3950000E+02  7.0641000E-02 -2.6899000E-01  9.9992000E-01 -9.6306000E-01  1.3611000E-05 -9.6300000E-01
 1.4000000E+02  7.0888000E-02 -2.6207000E-01  9.9992000E-01 -9.6496000E-01  1.3247000E-05 -9.6490000E-01
 1.4050000E+02  7.1134000E-02 -2.5526000E-01  9.9992000E-01 -9.6679000E-01  1.2890000E-05 -9.6673000E-01
 1.4100000E+02  7.1379000E-02 -2.4853000E-01  9.9992000E-01 -9.6854000E-01  1.2537000E-05 -9.6848000E-01
 1.4150000E+02  7.1623000E-02 -2.4190000E-01  9.9992000E-01 -9.7022000E-01  1.2191000E-05 -9.7016000E-01
 1.4200000E+02  7.1865000E-02 -2.3537000E-01  9.9992000E-01 -9.7182000E-01  1.1850000E-05 -9.7176000E-01
 1.4250000E+02  7.2106000E-02 -2.2894000E-01  9.9992000E-01 -9.7336000E-01  1.1514000E-05 -9.7330000E-01
 1.4300000E+02  7.2346000E-02 -2.2260000E-01  9.9992000E-01 -9.7483000E-01  1.1185000E-05 -9.7477000E-01
 1.4350000E+02  7.2585000E-02 -2.1635000E-01  9.9992000E-01 -9.7623000E-01  1.0860000E-05 -9.7617000E-01
 1.4400000E+02  7.2822000E-02 -2.1020000E-01  9.9992000E-01 -9.7758000E-01  1.0541000E-05 -9.7751000E-01
 1.4450000E+02  7.3057000E-02 -2.0415000E-01  9.9992000E-01 -9.7886000E-01  1.0228000E-05 -9.7880000E-01
 1.4500000E+02  7.3291000E-02 -1.9819000E-01  9.9992000E-01 -9.8008000E-01  9.9203000E-06 -9.8002000E-01
 1.4550000E+02  7.3523000E-02 -1.9233000E-01  9.9992000E-01 -9.8125000E-01  9.6178000E-06 -9.8119000E-01
 1.4600000E+02  7.3753000E-02 -1.8656000E-01  9.9992000E-01 -9.8236000E-01  9.3208000E-06 -9.8230000E-01
 1.4650000E+02  7.3982000E-02 -1.8089000E-01  9.9992000E-01 -9.8342000E-01  9.0291000E-06 -9.8336000E-01
 1.4700000E+02  7.4208000E-02 -1.7531000E-01  9.9992000E-01 -9.8443000E-01  8.7427000E-06 -9.8437000E-01
 1.4750000E+02  7.4433000E-02 -1.6983000E-01  9.9992000E-01 -9.8539000E-01  8.4617000E-06 -9.8533000E-01
 1.4800000E+02  7.4655000E-02 -1.6444000E-01  9.9992000E-01 -9.8631000E-01  8.1859000E-06 -9.8625000E-01
 1.4850000E+02  7.4875000E-02 -1.5914000E-01  9.9992000E-01 -9.8718000E-01  7.9154000E-06 -9.8711000E-01
 1.4900000E+02  7.5093000E-02 -1.5394000E-01  9.9992000E-01 -9.8800000E-01  7.6501000E-06 -9.8794000E-01
 1.4950000E+02  7.5309000E-02 -1.4883000E-01  9.9992000E-01 -9.8878000E-01  7.3900000E-06 -9.8872000E-01
 1.5000000E+02  7.5523000E-02 -1.4382000E-01  9.9992000E-01 -9.8953000E-01  7.1350000E-06 -9.8946000E-01
 1.5050000E+02  7.5734000E-02 -1.3890000E-01  9.9992000E-01 -9.9023000E-01  6.8851000E-06 -9.9016000E-01
 1.5100000E+02  7.5943000E-02 -1.3407000E-01  9.9992000E-01 -9.9089000E-01  6.6403000E-06 -9.9083000E-01
 1.5150000E+02  7.6149000E-02 -1.2933000E-01  9.9992000E-01 -9.9152000E-01  6.4005000E-06 -9.9146000E-01
 1.5200000E+02  7.6352000E-02 -1.2469000E-01  9.9992000E-01 -9.9212000E-01  6.1657000E-06 -9.9205000E-01
 1.5250000E+02  7.6554000E-02 -1.2013000E-01  9.9992000E-01 -9.9268000E-01  5.9358000E-06 -9.9262000E-01
 1.5300000E+02  7.6752000E-02 -1.1567000E-01  9.9992000E-01 -9.9321000E-01  5.7109000E-06 -9.9315000E-01
 1.5350000E+02  7.6948000E-02 -1.1130000E-01  9.9992000E-01 -9.9371000E-01  5.4908000E-06 -9.9365000E-01
 1.5400000E+02  7.7141000E-02 -1.0702000E-01  9.9992000E-01 -9.9418000E-01  5.2757000E-06 -9.9412000E-01
 1.5450000E+02  7.7331000E-02 -1.0283000E-01  9.9992000E-01 -9.9462000E-01  5.0653000E-06 -9.9456000E-01
 1.5500000E+02  7.7518000E-02 -9.8727000E-02  9.9992000E-01 -9.9504000E-01  4.8597000E-06 -9.9497000E-01
 1.5550000E+02  7.7702000E-02 -9.4714000E-02  9.9993000E-01 -9.9543000E-01  4.6588000E-06 -9.9536000E-01
 1.5600000E+02  7.7884000E-02 -9.0790000E-02  9.9993000E-01 -9.9580000E-01  4.4627000E-06 -9.9573000E-01
 1.5650000E+02  7.8062000E-02 -8.6955000E-02  9.9993000E-01 -9.9614000E-01  4.2712000E-06 -9.9607000E-01
 1.5700000E+02  7.8237000E-02 -8.3207000E-02  9.9993000E-01 -9.9646000E-01  4.0843000E-06 -9.9639000E-01
 1.5750000E+02  7.8409000E-02 -7.9547000E-02  9.9993000E-01 -9.9676000E-01  3.9020000E-06 -9.9669000E-01
 1.5800000E+02  7.8578000E-02 -7.5974000E-02  9.9993000E-01 -9.9704000E-01  3.7243000E-06 -9.9697000E-01
 1.5850000E+02  7.8744000E-02 -7.2488000E-02  9.9993000E-01 -9.9730000E-01  3.5512000E-06 -9.9723000E-01
 1.5900000E+02  7.8907000E-02 -6.9089000E-02  9.9993000E-01 -9.9754000E-01  3.3825000E-06 -9.9747000E-01
 1.5950000E+02  7.9066000E-02 -6.5775000E-02  9.9993000E-01 -9.9776000E-01  3.2183000E-06 -9.9769000E-01
 1.6000000E+02  7.9222000E-02 -6.2547000E-02  9.9993000E-01 -9.9797000E-01  3.0585000E-06 -9.9790000E-01
 1.6050000E+02  7.9375000E-02 -5.9404000E-02  9.9993000E-01 -9.9816000E-01  2.9031000E-06 -9.9809000E-01
 1.6100000E+02  7.9524000E-02 -5.6346000E-02  9.9993000E-01 -9.9834000E-01  2.7521000E-06 -9.9827000E-01
 1.6150000E+02  7.9670000E-02 -5.3372000E-02  9.9993000E-01 -9.9850000E-01  2.6054000E-06 -9.9843000E-01
 1.6200000E+02  7.9812000E-02 -5.0483000E-02  9.9993000E-01 -9.9865000E-01  2.4629000E-06 -9.9858000E-01
 1.6250000E+02  7.9951000E-02 -4.7677000E-02  9.9993000E-01 -9.9879000E-01  2.3248000E-06 -9.9872000E-01
 1.6300000E+02  8.0087000E-02 -4.4955000E-02  9.9993000E-01 -9.9892000E-01  2.1909000E-06 -9.9885000E-01
 1.6350000E+02  8.0218000E-02 -4.2315000E-02  9.9993000E-01 -9.9903000E-01  2.0612000E-06 -9.9896000E-01
 1.6400000E+02  8.0347000E-02 -3.9759000E-02  9.9993000E-01 -9.9914000E-01  1.9358000E-06 -9.9907000E-01
 1.6450000E+02  8.0471000E-02 -3.7284000E-02  9.9993000E-01 -9.9923000E-01  1.8144000E-06 -9.9916000E-01
 1.6500000E+02  8.0592000E-02 -3.4892000E-02  9.9993000E-01 -9.9932000E-01  1.6972000E-06 -9.9925000E-01
 1.6550000E+02  8.0709000E-02 -3.2581000E-02  9.9993000E-01 -9.9940000E-01  1.5841000E-06 -9.9933000E-01
 1.6600000E+02  8.0823000E-02 -3.0352000E-02  9.9993000E-01 -9.9947000E-01  1.4751000E-06 -9.9940000E-01
 1.6650000E+02  8.0933000E-02 -2.8204000E-02  9.9993000E-01 -9.9953000E-01  1.3701000E-06 -9.9946000E-01
 1.6700000E+02  8.1038000E-02 -2.6136000E-02  9.9993000E-01 -9.9959000E-01  1.2691000E-06 -9.9952000E-01
 1.6750000E+02  8.1141000E-02 -2.4149000E-02  9.9993000E-01 -9.9964000E-01  1.1722000E-06 -9.9957000E-01
 1.6800000E+02  8.1239000E-02 -2.2243000E-02  9.9993000E-01 -9.9968000E-01  1.0792000E-06 -9.9961000E-01
 1.6850000E+02  8.1334000E-02 -2.0416000E-02  9.9993000E-01 -9.9972000E-01  9.9025000E-07 -9.9965000E-01
 1.6900000E+02  8.1424000E-02 -1.8669000E-02  9.9993000E-01 -9.9975000E-01  9.0519000E-07 -9.9969000E-01
 1.6950000E+02  8.1511000E-02 -1.7001000E-02  9.9993000E-01 -9.9978000E-01  8.2406000E-07 -9.9972000E-01
 1.7000000E+02  8.1594000E-02 -1.5413000E-02  9.9993000E-01 -9.9981000E-01  7.4683000E-07 -9.9974000E-01
 1.7050000E+02  8.1673000E-02 -1.3903000E-02  9.9993000E-01 -9.9983000E-01  6.7348000E-07 -9.9976000E-01
 1.7100000E+02  8.1748000E-02 -1.2473000E-02  9.9993000E-01 -9.9985000E-01  6.0401000E-07 -9.9978000E-01
 1.7150000E+02  8.1819000E-02 -1.1120000E-02  9.9993000E-01 -9.9987000E-01  5.3838000E-07 -9.9980000E-01
 1.7200000E+02  8.1886000E-02 -9.8465000E-03  9.9993000E-01 -9.9988000E-01  4.7658000E-07 -9.9981000E-01
 1.7250000E+02  8.1949000E-02 -8.6508000E-03  9.9993000E-01 -9.9989000E-01  4.1861000E-07 -9.9982000E-01
 1.7300000E+02  8.2008000E-02 -7.5331000E-03  9.9993000E-01 -9.9990000E-01  3.6444000E-07 -9.9983000E-01
 1.7350000E+02  8.2063000E-02 -6.4931000E-03  9.9993000E-01 -9.9991000E-01  3.1406000E-07 -9.9984000E-01
 1.7400000E+02  8.2115000E-02 -5.5309000E-03  9.9993000E-01 -9.9991000E-01  2.6747000E-07 -9.9984000E-01
 1.7450000E+02  8.2162000E-02 -4.6461000E-03  9.9993000E-01 -9.9992000E-01  2.2464000E-07 -9.9985000E-01
 1.7500000E+02  8.2204000E-02 -3.8388000E-03  9.9993000E-01 -9.9992000E-01  1.8557000E-07 -9.9985000E-01
 1.7550000E+02  8.2243000E-02 -3.1086000E-03  9.9993000E-01 -9.9992000E-01  1.5026000E-07 -9.9985000E-01
 1.7600000E+02  8.2278000E-02 -2.4557000E-03  9.9993000E-01 -9.9993000E-01  1.1868000E-07 -9.9986000E-01
 1.7650000E+02  8.2309000E-02 -1.8798000E-03  9.9993000E-01 -9.9993000E-01  9.0837000E-08 -9.9986000E-01
 1.7700000E+02  8.2336000E-02 -1.3808000E-03  9.9993000E-01 -9.9993000E-01  6.6719000E-08 -9.9986000E-01
 1.7750000E+02  8.2358000E-02 -9.5878000E-04  9.9993000E-01 -9.9993000E-01  4.6322000E-08 -9.9986000E-01
 1.7800000E+02  8.2377000E-02 -6.1355000E-04  9.9993000E-01 -9.9993000E-01  2.9641000E-08 -9.9986000E-01
 1.7850000E+02  8.2391000E-02 -3.4509000E-04  9.9993000E-01 -9.9993000E-01  1.6671000E-08 -9.9986000E-01
 1.7900000E+02  8.2401000E-02 -1.5336000E-04  9.9993000E-01 -9.9993000E-01  7.4083000E-09 -9.9986000E-01
 1.7950000E+02  8.2407000E-02 -3.8339000E-05  9.9993000E-01 -9.9993000E-01  1.8520000E-09 -9.9986000E-01
 1.8000000E+02  8.2410000E-02 -3.8007000E-15  9.9993000E-01 -9.9993000E-01  1.8359000E-19 -9.9986000E-01
