length scale factor
7.1651400E-03
volume cluster radius, area mean sphere radius, circumscribing radius, cross section radius
1.4429602E-01 7.1579749E-03 8.4883190E-01 1.4429602E-01
total extinction, absorption, scattering efficiencies (unpolarized incidence)
6.0450000E-03 5.5305000E-03 5.1450000E-04
theta     11          12          22          33          34          44
 0.0000000E+00  1.3607000E-01  0.0000000E+00  9.9991000E-01  9.9991000E-01  0.0000000E+00  9.9983000E-01
 5.0000000E-01  1.3607000E-01 -3.8066000E-05  9.9991000E-01  9.9991000E-01  1.2697000E-10  9.9983000E-01
 1.0000000E+00  1.3605000E-01 -1.5227000E-04  9.9991000E-01  9.9991000E-01  5.0790000E-10  9.9983000E-01
 1.5000000E+00  1.3602000E-01 -3.4263000E-04  9.9991000E-01  9.9991000E-01  1.1428000E-09  9.9983000E-01
 2.0000000E+00  1.3598000E-01 -6.0918000E-04  9.9991000E-01  9.9991000E-01  2.0319000E-09  9.9983000E-01
 2.5000000E+00  1.3593000E-01 -9.5195000E-04  9.9991000E-01  9.9991000E-01  3.1752000E-09  9.9983000E-01
 3.0000000E+00  1.3586000E-01 -1.3710000E-03  9.9991000E-01  9.9991000E-01  4.5729000E-09  9.9983000E-01
 3.5000000E+00  1.3578000E-01 -1.8664000E-03  9.9991000E-01  9.9991000E-01  6.2252000E-09  9.9983000E-01
 4.0000000E+00  1.3570000E-01 -2.4382000E-03  9.9991000E-01  9.9991000E-01  8.1324000E-09  9.9983000E-01
 4.5000000E+00  1.3560000E-01 -3.0865000E-03  9.9991000E-01  9.9991000E-01  1.0295000E-08  9.9982000E-01
 5.0000000E+00  1.3548000E-01 -3.8114000E-03  9.9991000E-01  9.9991000E-01  1.2713000E-08  9.9982000E-01
 5.5000000E+00  1.3536000E-01 -4.6130000E-03  9.9991000E-01  9.9990000E-01  1.5386000E-08  9.9982000E-01
 6.0000000E+00  1.3523000E-01 -5.4915000E-03  9.9991000E-01  9.9990000E-01  1.8316000E-08  9.9981000E-01
 6.5000000E+00  1.3508000E-01 -6.4469000E-03  9.9991000E-01  9.9989000E-01  2.1502000E-08  9.9981000E-01
 7.0000000E+00  1.3492000E-01 -7.4794000E-03  9.9991000E-01  9.9989000E-01  2.4946000E-08  9.9980000E-01
 7.5000000E+00  1.3475000E-01 -8.5892000E-03  9.9991000E-01  9.9988000E-01  2.8647000E-08  9.9979000E-01
 8.0000000E+00  1.3457000E-01 -9.7764000E-03  9.9991000E-01  9.9987000E-01  3.2606000E-08  9.9978000E-01
 8.5000000E+00  1.3438000E-01 -1.1041000E-02  9.9991000E-01  9.9985000E-01  3.6824000E-08  9.9977000E-01
 9.0000000E+00  1.3417000E-01 -1.2384000E-02  9.9991000E-01  9.9984000E-01  4.1301000E-08  9.9975000E-01
 9.5000000E+00  1.3396000E-01 -1.3804000E-02  9.9991000E-01  9.9982000E-01  4.6039000E-08  9.9973000E-01
 1.0000000E+01  1.3373000E-01 -1.5303000E-02  9.9991000E-01  9.9980000E-01  5.1036000E-08  9.9971000E-01
 1.0500000E+01  1.3350000E-01 -1.6880000E-02  9.9991000E-01  9.9977000E-01  5.6296000E-08  9.9968000E-01
 1.1000000E+01  1.3325000E-01 -1.8536000E-02  9.9991000E-01  9.9974000E-01  6.1817000E-08  9.9965000E-01
 1.1500000E+01  1.3299000E-01 -2.0271000E-02  9.9991000E-01  9.9971000E-01  6.7601000E-08  9.9962000E-01
 1.2000000E+01  1.3272000E-01 -2.2084000E-02  9.9991000E-01  9.9967000E-01  7.3648000E-08  9.9958000E-01
 1.2500000E+01  1.3244000E-01 -2.3978000E-02  9.9991000E-01  9.9962000E-01  7.9960000E-08  9.9954000E-01
 1.3000000E+01  1.3215000E-01 -2.5950000E-02  9.9991000E-01  9.9958000E-01  8.6538000E-08  9.9949000E-01
 1.3500000E+01  1.3185000E-01 -2.8003000E-02  9.9991000E-01  9.9952000E-01  9.3381000E-08  9.9943000E-01
 1.4000000E+01  1.3154000E-01 -3.0136000E-02  9.9991000E-01  9.9946000E-01  1.0049000E-07  9.9937000E-01
 1.4500000E+01  1.3121000E-01 -3.2350000E-02  9.9991000E-01  9.9939000E-01  1.0787000E-07  9.9930000E-01
 1.5000000E+01  1.3088000E-01 -3.4644000E-02  9.9991000E-01  9.9931000E-01  1.1552000E-07  9.9922000E-01
 1.5500000E+01  1.3054000E-01 -3.7019000E-02  9.9991000E-01  9.9923000E-01  1.2344000E-07  9.9914000E-01
 1.6000000E+01  1.3019000E-01 -3.9476000E-02  9.9991000E-01  9.9913000E-01  1.3163000E-07  9.9904000E-01
 1.6500000E+01  1.2983000E-01 -4.2015000E-02  9.9991000E-01  9.9903000E-01  1.4009000E-07  9.9894000E-01
 1.7000000E+01  1.2945000E-01 -4.4635000E-02  9.9991000E-01  9.9891000E-01  1.4882000E-07  9.9883000E-01
 1.7500000E+01  1.2907000E-01 -4.7339000E-02  9.9991000E-01  9.9879000E-01  1.5783000E-07  9.9870000E-01
 1.8000000E+01  1.2868000E-01 -5.0125000E-02  9.9991000E-01  9.9865000E-01  1.6712000E-07  9.9857000E-01
 1.8500000E+01  1.2828000E-01 -5.2994000E-02  9.9991000E-01  9.9850000E-01  1.7668000E-07  9.9842000E-01
 1.9000000E+01  1.2787000E-01 -5.5946000E-02  9.9991000E-01  9.9834000E-01  1.8652000E-07  9.9826000E-01
 1.9500000E+01  1.2745000E-01 -5.8983000E-02  9.9991000E-01  9.9817000E-01  1.9663000E-07  9.9808000E-01
 2.0000000E+01  1.2702000E-01 -6.2104000E-02  9.9991000E-01  9.9798000E-01  2.0703000E-07  9.9789000E-01
 2.0500000E+01  1.2659000E-01 -6.5309000E-02  9.9991000E-01  9.9777000E-01  2.1771000E-07  9.9769000E-01
 2.1000000E+01  1.2614000E-01 -6.8599000E-02  9.9991000E-01  9.9755000E-01  2.2867000E-07  9.9747000E-01
 2.1500000E+01  1.2569000E-01 -7.1975000E-02  9.9991000E-01  9.9731000E-01  2.3992000E-07  9.9723000E-01
 2.2000000E+01  1.2523000E-01 -7.5437000E-02  9.9991000E-01  9.9706000E-01  2.5145000E-07  9.9697000E-01
 2.2500000E+01  1.2476000E-01 -7.8985000E-02  9.9991000E-01  9.9678000E-01  2.6327000E-07  9.9670000E-01
 2.3000000E+01  1.2428000E-01 -8.2619000E-02  9.9991000E-01  9.9649000E-01  2.7537000E-07  9.9640000E-01
 2.3500000E+01  1.2379000E-01 -8.6340000E-02  9.9991000E-01  9.9617000E-01  2.8777000E-07  9.9609000E-01
 2.4000000E+01  1.2330000E-01 -9.0149000E-02  9.9991000E-01  9.9583000E-01  3.0045000E-07  9.9575000E-01
 2.4500000E+01  1.2280000E-01 -9.4045000E-02  9.9991000E-01  9.9547000E-01  3.1343000E-07  9.9539000E-01
 2.5000000E+01  1.2229000E-01 -9.8030000E-02  9.9990000E-01  9.9509000E-01  3.2670000E-07  9.9500000E-01
 2.5500000E+01  1.2177000E-01 -1.0210000E-01  9.9990000E-01  9.9468000E-01  3.4026000E-07  9.9459000E-01
 2.6000000E+01  1.2125000E-01 -1.0627000E-01  9.9990000E-01  9.9424000E-01  3.5412000E-07  9.9416000E-01
 2.6500000E+01  1.2072000E-01 -1.1052000E-01  9.9990000E-01  9.9378000E-01  3.6827000E-07  9.9369000E-01
 2.7000000E+01  1.2018000E-01 -1.1486000E-01  9.9990000E-01  9.9328000E-01  3.8272000E-07  9.9320000E-01
 2.7500000E+01  1.1964000E-01 -1.1929000E-01  9.9990000E-01  9.9276000E-01  3.9747000E-07  9.9268000E-01
 2.8000000E+01  1.1909000E-01 -1.2381000E-01  9.9990000E-01  9.9221000E-01  4.1253000E-07  9.9212000E-01
 2.8500000E+01  1.1853000E-01 -1.2843000E-01  9.9990000E-01  9.9162000E-01  4.2788000E-07  9.9153000E-01
 2.9000000E+01  1.1797000E-01 -1.3313000E-01  9.9990000E-01  9.9100000E-01  4.4353000E-07  9.9091000E-01
 2.9500000E+01  1.1740000E-01 -1.3793000E-01  9.9990000E-01  9.9034000E-01  4.5949000E-07  9.9026000E-01
 3.0000000E+01  1.1682000E-01 -1.4281000E-01  9.9990000E-01  9.8965000E-01  4.7576000E-07  9.8956000E-01
 3.0500000E+01  1.1625000E-01 -1.4779000E-01  9.9990000E-01  9.8892000E-01  4.9233000E-07  9.8883000E-01
 3.1000000E+01  1.1566000E-01 -1.5287000E-01  9.9990000E-01  9.8815000E-01  5.0920000E-07  9.8806000E-01
 3.1500000E+01  1.1507000E-01 -1.5803000E-01  9.9990000E-01  9.8733000E-01  5.2639000E-07  9.8725000E-01
 3.2000000E+01  1.1448000E-01 -1.6329000E-01  9.9990000E-01  9.8648000E-01  5.4388000E-07  9.8639000E-01
 3.2500000E+01  1.1388000E-01 -1.6864000E-01  9.9990000E-01  9.8557000E-01  5.6168000E-07  9.8549000E-01
 3.3000000E+01  1.1327000E-01 -1.7409000E-01  9.9990000E-01  9.8463000E-01  5.7980000E-07  9.8454000E-01
 3.3500000E+01  1.1266000E-01 -1.7963000E-01  9.9990000E-01  9.8363000E-01  5.9822000E-07  9.8354000E-01
 3.4000000E+01  1.1205000E-01 -1.8527000E-01  9.9990000E-01  9.8258000E-01  6.1696000E-07  9.8250000E-01
 3.4500000E+01  1.1143000E-01 -1.9100000E-01  9.9990000E-01  9.8149000E-01  6.3601000E-07  9.8140000E-01
 3.5000000E+01  1.1081000E-01 -1.9682000E-01  9.9990000E-01  9.8033000E-01  6.5537000E-07  9.8025000E-01
 3.5500000E+01  1.1019000E-01 -2.0274000E-01  9.9989000E-01  9.7913000E-01  6.7505000E-07  9.7904000E-01
 3.6000000E+01  1.0956000E-01 -2.0875000E-01  9.9989000E-01  9.7786000E-01  6.9504000E-07  9.7777000E-01
 3.6500000E+01  1.0893000E-01 -2.1486000E-01  9.9989000E-01  9.7654000E-01  7.1534000E-07  9.7645000E-01
 3.7000000E+01  1.0830000E-01 -2.2107000E-01  9.9989000E-01  9.7515000E-01  7.3596000E-07  9.7506000E-01
 3.7500000E+01  1.0766000E-01 -2.2737000E-01  9.9989000E-01  9.7370000E-01  7.5689000E-07  9.7361000E-01
 3.8000000E+01  1.0702000E-01 -2.3376000E-01  9.9989000E-01  9.7218000E-01  7.7814000E-07  9.7210000E-01
 3.8500000E+01  1.0638000E-01 -2.4025000E-01  9.9989000E-01  9.7060000E-01  7.9971000E-07  9.7051000E-01
 3.9000000E+01  1.0574000E-01 -2.4684000E-01  9.9989000E-01  9.6894000E-01  8.2158000E-07  9.6886000E-01
 3.9500000E+01  1.0509000E-01 -2.5352000E-01  9.9989000E-01  9.6722000E-01  8.4377000E-07  9.6713000E-01
 4.0000000E+01  1.0444000E-01 -2.6030000E-01  9.9989000E-01  9.6541000E-01  8.6628000E-07  9.6533000E-01
 4.0500000E+01  1.0379000E-01 -2.6717000E-01  9.9989000E-01  9.6353000E-01  8.8910000E-07  9.6345000E-01
 4.1000000E+01  1.0314000E-01 -2.7413000E-01  9.9989000E-01  9.6157000E-01  9.1223000E-07  9.6149000E-01
 4.1500000E+01  1.0249000E-01 -2.8119000E-01  9.9989000E-01  9.5953000E-01  9.3567000E-07  9.5945000E-01
 4.2000000E+01  1.0184000E-01 -2.8835000E-01  9.9989000E-01  9.5741000E-01  9.5942000E-07  9.5732000E-01
 4.2500000E+01  1.0118000E-01 -2.9560000E-01  9.9989000E-01  9.5519000E-01  9.8347000E-07  9.5511000E-01
 4.3000000E+01  1.0053000E-01 -3.0294000E-01  9.9989000E-01  9.5289000E-01  1.0078000E-06  9.5280000E-01
 4.3500000E+01  9.9873000E-02 -3.1037000E-01  9.9988000E-01  9.5049000E-01  1.0325000E-06  9.5041000E-01
 4.4000000E+01  9.9218000E-02 -3.1790000E-01  9.9988000E-01  9.4800000E-01  1.0575000E-06  9.4792000E-01
 4.4500000E+01  9.8562000E-02 -3.2552000E-01  9.9988000E-01  9.4541000E-01  1.0828000E-06  9.4533000E-01
 4.5000000E+01  9.7907000E-02 -3.3323000E-01  9.9988000E-01  9.4272000E-01  1.1083000E-06  9.4264000E-01
 4.5500000E+01  9.7252000E-02 -3.4103000E-01  9.9988000E-01  9.3993000E-01  1.1342000E-06  9.3984000E-01
 4.6000000E+01  9.6598000E-02 -3.4892000E-01  9.9988000E-01  9.3703000E-01  1.1604000E-06  9.3694000E-01
 4.6500000E+01  9.5944000E-02 -3.5689000E-01  9.9988000E-01  9.3402000E-01  1.1868000E-06  9.3393000E-01
 4.7000000E+01  9.5291000E-02 -3.6496000E-01  9.9988000E-01  9.3089000E-01  1.2136000E-06  9.3081000E-01
 4.7500000E+01  9.4639000E-02 -3.7311000E-01  9.9988000E-01  9.2766000E-01  1.2406000E-06  9.2757000E-01
 4.8000000E+01  9.3989000E-02 -3.8135000E-01  9.9988000E-01  9.2430000E-01  1.2679000E-06  9.2422000E-01
 4.8500000E+01  9.3340000E-02 -3.8967000E-01  9.9988000E-01  9.2082000E-01  1.2955000E-06  9.2074000E-01
 4.9000000E+01  9.2693000E-02 -3.9807000E-01  9.9988000E-01  9.1722000E-01  1.3233000E-06  9.1714000E-01
 4.9500000E+01  9.2047000E-02 -4.0656000E-01  9.9987000E-01  9.1349000E-01  1.3514000E-06  9.1341000E-01
 5.0000000E+01  9.1404000E-02 -4.1512000E-01  9.9987000E-01  9.0963000E-01  1.3798000E-06  9.0955000E-01
 5.0500000E+01  9.0762000E-02 -4.2376000E-01  9.9987000E-01  9.0563000E-01  1.4084000E-06  9.0555000E-01
 5.1000000E+01  9.0124000E-02 -4.3248000E-01  9.9987000E-01  9.0150000E-01  1.4373000E-06  9.0142000E-01
 5.1500000E+01  8.9487000E-02 -4.4128000E-01  9.9987000E-01  8.9723000E-01  1.4664000E-06  8.9715000E-01
 5.2000000E+01  8.8854000E-02 -4.5014000E-01  9.9987000E-01  8.9281000E-01  1.4958000E-06  8.9273000E-01
 5.2500000E+01  8.8223000E-02 -4.5908000E-01  9.9987000E-01  8.8825000E-01  1.5253000E-06  8.8817000E-01
 5.3000000E+01  8.7596000E-02 -4.6808000E-01  9.9987000E-01  8.8354000E-01  1.5552000E-06  8.8345000E-01
 5.3500000E+01  8.6972000E-02 -4.7716000E-01  9.9987000E-01  8.7867000E-01  1.5852000E-06  8.7859000E-01
 5.4000000E+01  8.6351000E-02 -4.8629000E-01  9.9987000E-01  8.7364000E-01  1.6154000E-06  8.7357000E-01
 5.4500000E+01  8.5734000E-02 -4.9549000E-01  9.9987000E-01  8.6846000E-01  1.6458000E-06  8.6838000E-01
 5.5000000E+01  8.5121000E-02 -5.0474000E-01  9.9987000E-01  8.6311000E-01  1.6764000E-06  8.6304000E-01
 5.5500000E+01  8.4511000E-02 -5.1405000E-01  9.9986000E-01  8.5760000E-01  1.7072000E-06  8.5752000E-01
 5.6000000E+01  8.3906000E-02 -5.2342000E-01  9.9986000E-01  8.5192000E-01  1.7382000E-06  8.5184000E-01
 5.6500000E+01  8.3305000E-02 -5.3283000E-01  9.9986000E-01  8.4606000E-01  1.7693000E-06  8.4598000E-01
 5.7000000E+01  8.2709000E-02 -5.4229000E-01  9.9986000E-01  8.4003000E-01  1.8006000E-06  8.3995000E-01
 5.7500000E+01  8.2117000E-02 -5.5179000E-01  9.9986000E-01  8.3382000E-01  1.8320000E-06  8.3374000E-01
 5.8000000E+01  8.1530000E-02 -5.6133000E-01  9.9986000E-01  8.2742000E-01  1.8635000E-06  8.2735000E-01
 5.8500000E+01  8.0948000E-02 -5.7091000E-01  9.9986000E-01  8.2084000E-01  1.8951000E-06  8.2077000E-01
 5.9000000E+01  8.0371000E-02 -5.8052000E-01  9.9986000E-01  8.1407000E-01  1.9269000E-06  8.1400000E-01
 5.9500000E+01  7.9799000E-02 -5.9015000E-01  9.9986000E-01  8.0711000E-01  1.9587000E-06  8.0704000E-01
 6.0000000E+01  7.9232000E-02 -5.9981000E-01  9.9986000E-01  7.9996000E-01  1.9906000E-06  7.9989000E-01
 6.0500000E+01  7.8671000E-02 -6.0949000E-01  9.9985000E-01  7.9261000E-01  2.0226000E-06  7.9254000E-01
 6.1000000E+01  7.8116000E-02 -6.1919000E-01  9.9985000E-01  7.8506000E-01  2.0546000E-06  7.8498000E-01
 6.1500000E+01  7.7566000E-02 -6.2889000E-01  9.9985000E-01  7.7730000E-01  2.0866000E-06  7.7723000E-01
 6.2000000E+01  7.7023000E-02 -6.3860000E-01  9.9985000E-01  7.6934000E-01  2.1186000E-06  7.6927000E-01
 6.2500000E+01  7.6485000E-02 -6.4832000E-01  9.9985000E-01  7.6117000E-01  2.1507000E-06  7.6110000E-01
 6.3000000E+01  7.5954000E-02 -6.5802000E-01  9.9985000E-01  7.5280000E-01  2.1827000E-06  7.5273000E-01
 6.3500000E+01  7.5429000E-02 -6.6772000E-01  9.9985000E-01  7.4421000E-01  2.2147000E-06  7.4414000E-01
 6.4000000E+01  7.4910000E-02 -6.7741000E-01  9.9985000E-01  7.3540000E-01  2.2466000E-06  7.3533000E-01
 6.4500000E+01  7.4399000E-02 -6.8707000E-01  9.9985000E-01  7.2638000E-01  2.2784000E-06  7.2631000E-01
 6.5000000E+01  7.3893000E-02 -6.9671000E-01  9.9985000E-01  7.1714000E-01  2.3102000E-06  7.1707000E-01
 6.5500000E+01  7.3395000E-02 -7.0631000E-01  9.9984000E-01  7.0768000E-01  2.3418000E-06  7.0761000E-01
 6.6000000E+01  7.2904000E-02 -7.1588000E-01  9.9984000E-01  6.9800000E-01  2.3733000E-06  6.9793000E-01
 6.6500000E+01  7.2419000E-02 -7.2541000E-01  9.9984000E-01  6.8809000E-01  2.4047000E-06  6.8803000E-01
 6.7000000E+01  7.1942000E-02 -7.3488000E-01  9.9984000E-01  6.7796000E-01  2.4359000E-06  6.7790000E-01
 6.7500000E+01  7.1472000E-02 -7.4430000E-01  9.9984000E-01  6.6761000E-01  2.4669000E-06  6.6755000E-01
 6.8000000E+01  7.1010000E-02 -7.5365000E-01  9.9984000E-01  6.5703000E-01  2.4976000E-06  6.5697000E-01
 6.8500000E+01  7.0555000E-02 -7.6294000E-01  9.9984000E-01  6.4622000E-01  2.5282000E-06  6.4616000E-01
 6.9000000E+01  7.0107000E-02 -7.7215000E-01  9.9984000E-01  6.3519000E-01  2.5585000E-06  6.3513000E-01
 6.9500000E+01  6.9668000E-02 -7.8128000E-01  9.9984000E-01  6.2392000E-01  2.5885000E-06  6.2386000E-01
 7.0000000E+01  6.9236000E-02 -7.9031000E-01  9.9984000E-01  6.1243000E-01  2.6182000E-06  6.1237000E-01
 7.0500000E+01  6.8812000E-02 -7.9926000E-01  9.9984000E-01  6.0072000E-01  2.6475000E-06  6.0066000E-01
 7.1000000E+01  6.8395000E-02 -8.0809000E-01  9.9983000E-01  5.8877000E-01  2.6766000E-06  5.8872000E-01
 7.1500000E+01  6.7987000E-02 -8.1682000E-01  9.9983000E-01  5.7660000E-01  2.7052000E-06  5.7655000E-01
 7.2000000E+01  6.7588000E-02 -8.2543000E-01  9.9983000E-01  5.6421000E-01  2.7334000E-06  5.6416000E-01
 7.2500000E+01  6.7196000E-02 -8.3391000E-01  9.9983000E-01  5.5159000E-01  2.7613000E-06  5.5154000E-01
 7.3000000E+01  6.6812000E-02 -8.4226000E-01  9.9983000E-01  5.3875000E-01  2.7887000E-06  5.3870000E-01
 7.3500000E+01  6.6437000E-02 -8.5047000E-01  9.9983000E-01  5.2569000E-01  2.8156000E-06  5.2564000E-01
 7.4000000E+01  6.6071000E-02 -8.5854000E-01  9.9983000E-01  5.1242000E-01  2.8420000E-06  5.1237000E-01
 7.4500000E+01  6.5713000E-02 -8.6645000E-01  9.9983000E-01  4.9892000E-01  2.8679000E-06  4.9887000E-01
 7.5000000E+01  6.5363000E-02 -8.7420000E-01  9.9983000E-01  4.8522000E-01  2.8933000E-06  4.8517000E-01
 7.5500000E+01  6.5022000E-02 -8.8178000E-01  9.9983000E-01  4.7130000E-01  2.9180000E-06  4.7125000E-01
 7.6000000E+01  6.4690000E-02 -8.8918000E-01  9.9983000E-01  4.5718000E-01  2.9423000E-06  4.5713000E-01
 7.6500000E+01  6.4367000E-02 -8.9640000E-01  9.9982000E-01  4.4285000E-01  2.9659000E-06  4.4281000E-01
 7.7000000E+01  6.4052000E-02 -9.0343000E-01  9.9982000E-01  4.2833000E-01  2.9888000E-06  4.2829000E-01
 7.7500000E+01  6.3746000E-02 -9.1026000E-01  9.9982000E-01  4.1361000E-01  3.0111000E-06  4.1357000E-01
 7.8000000E+01  6.3449000E-02 -9.1689000E-01  9.9982000E-01  3.9870000E-01  3.0327000E-06  3.9866000E-01
 7.8500000E+01  6.3161000E-02 -9.2330000E-01  9.9982000E-01  3.8360000E-01  3.0536000E-06  3.8356000E-01
 7.9000000E+01  6.2882000E-02 -9.2950000E-01  9.9982000E-01  3.6833000E-01  3.0738000E-06  3.6829000E-01
 7.9500000E+01  6.2612000E-02 -9.3548000E-01  9.9982000E-01  3.5288000E-01  3.0933000E-06  3.5284000E-01
 8.0000000E+01  6.2351000E-02 -9.4122000E-01  9.9982000E-01  3.3726000E-01  3.1119000E-06  3.3722000E-01
 8.0500000E+01  6.2099000E-02 -9.4673000E-01  9.9982000E-01  3.2147000E-01  3.1298000E-06  3.2144000E-01
 8.1000000E+01  6.1857000E-02 -9.5199000E-01  9.9982000E-01  3.0553000E-01  3.1469000E-06  3.0550000E-01
 8.1500000E+01  6.1623000E-02 -9.5701000E-01  9.9982000E-01  2.8944000E-01  3.1632000E-06  2.8941000E-01
 8.2000000E+01  6.1399000E-02 -9.6177000E-01  9.9982000E-01  2.7320000E-01  3.1786000E-06  2.7317000E-01
 8.2500000E+01  6.1183000E-02 -9.6627000E-01  9.9982000E-01  2.5683000E-01  3.1931000E-06  2.5680000E-01
 8.3000000E+01  6.0977000E-02 -9.7050000E-01  9.9982000E-01  2.4032000E-01  3.2068000E-06  2.4030000E-01
 8.3500000E+01  6.0780000E-02 -9.7447000E-01  9.9982000E-01  2.2370000E-01  3.2195000E-06  2.2368000E-01
 8.4000000E+01  6.0593000E-02 -9.7816000E-01  9.9981000E-01  2.0696000E-01  3.2314000E-06  2.0694000E-01
 8.4500000E+01  6.0414000E-02 -9.8157000E-01  9.9981000E-01  1.9011000E-01  3.2423000E-06  1.9009000E-01
 8.5000000E+01  6.0245000E-02 -9.8470000E-01  9.9981000E-01  1.7317000E-01  3.2523000E-06  1.7315000E-01
 8.5500000E+01  6.0085000E-02 -9.8755000E-01  9.9981000E-01  1.5613000E-01  3.2614000E-06  1.5612000E-01
 8.6000000E+01  5.9934000E-02 -9.9010000E-01  9.9981000E-01  1.3902000E-01  3.2695000E-06  1.3900000E-01
 8.6500000E+01  5.9792000E-02 -9.9236000E-01  9.9981000E-01  1.2183000E-01  3.2766000E-06  1.2181000E-01
 8.7000000E+01  5.9660000E-02 -9.9433000E-01  9.9981000E-01  1.0457000E-01  3.2827000E-06  1.0456000E-01
 8.7500000E+01  5.9537000E-02 -9.9600000E-01  9.9981000E-01  8.7264000E-02  3.2879000E-06  8.7253000E-02
 8.8000000E+01  5.9423000E-02 -9.9736000E-01  9.9981000E-01  6.9909000E-02  3.2921000E-06  6.9899000E-02
 8.8500000E+01  5.9318000E-02 -9.9843000E-01  9.9981000E-01  5.2517000E-02  3.2952000E-06  5.2508000E-02
 8.9000000E+01  5.9222000E-02 -9.9919000E-01  9.9981000E-01  3.5096000E-02  3.2974000E-06  3.5090000E-02
 8.9500000E+01  5.9136000E-02 -9.9965000E-01  9.9981000E-01  1.7657000E-02  3.2986000E-06  1.7652000E-02
 9.0000000E+01  5.9059000E-02 -9.9981000E-01  9.9981000E-01  2.0894000E-04  3.2987000E-06  2.0560000E-04
 9.0500000E+01  5.8990000E-02 -9.9966000E-01  9.9981000E-01 -1.7240000E-02  3.2979000E-06 -1.7241000E-02
 9.1000000E+01  5.8931000E-02 -9.9921000E-01  9.9981000E-01 -3.4679000E-02  3.2961000E-06 -3.4679000E-02
 9.1500000E+01  5.8881000E-02 -9.9845000E-01  9.9981000E-01 -5.2100000E-02  3.2932000E-06 -5.2098000E-02
 9.2000000E+01  5.8840000E-02 -9.9739000E-01  9.9981000E-01 -6.9493000E-02  3.2894000E-06 -6.9490000E-02
 9.2500000E+01  5.8807000E-02 -9.9603000E-01  9.9981000E-01 -8.6849000E-02  3.2845000E-06 -8.6844000E-02
 9.3000000E+01  5.8784000E-02 -9.9437000E-01  9.9981000E-01 -1.0416000E-01  3.2787000E-06 -1.0415000E-01
 9.3500000E+01  5.8770000E-02 -9.9241000E-01  9.9981000E-01 -1.2141000E-01  3.2719000E-06 -1.2141000E-01
 9.4000000E+01  5.8764000E-02 -9.9016000E-01  9.9981000E-01 -1.3861000E-01  3.2641000E-06 -1.3860000E-01
 9.4500000E+01  5.8767000E-02 -9.8761000E-01  9.9981000E-01 -1.5572000E-01  3.2553000E-06 -1.5571000E-01
 9.5000000E+01  5.8779000E-02 -9.8477000E-01  9.9981000E-01 -1.7276000E-01  3.2456000E-06 -1.7275000E-01
 9.5500000E+01  5.8800000E-02 -9.8165000E-01  9.9981000E-01 -1.8971000E-01  3.2350000E-06 -1.8969000E-01
 9.6000000E+01  5.8829000E-02 -9.7824000E-01  9.9981000E-01 -2.0656000E-01  3.2234000E-06 -2.0654000E-01
 9.6500000E+01  5.8867000E-02 -9.7456000E-01  9.9981000E-01 -2.2330000E-01  3.2109000E-06 -2.2328000E-01
 9.7000000E+01  5.8913000E-02 -9.7060000E-01  9.9981000E-01 -2.3993000E-01  3.1976000E-06 -2.3991000E-01
 9.7500000E+01  5.8968000E-02 -9.6637000E-01  9.9981000E-01 -2.5644000E-01  3.1833000E-06 -2.5641000E-01
 9.8000000E+01  5.9031000E-02 -9.6187000E-01  9.9981000E-01 -2.7281000E-01  3.1681000E-06 -2.7279000E-01
 9.8500000E+01  5.9102000E-02 -9.5712000E-01  9.9981000E-01 -2.8905000E-01  3.1521000E-06 -2.8903000E-01
 9.9000000E+01  5.9182000E-02 -9.5211000E-01  9.9981000E-01 -3.0515000E-01  3.1353000E-06 -3.0512000E-01
 9.9500000E+01  5.9270000E-02 -9.4685000E-01  9.9981000E-01 -3.2109000E-01  3.1177000E-06 -3.2107000E-01
 1.0000000E+02  5.9366000E-02 -9.4135000E-01  9.9981000E-01 -3.3688000E-01  3.0992000E-06 -3.3685000E-01
 1.0050000E+02  5.9470000E-02 -9.3561000E-01  9.9981000E-01 -3.5251000E-01  3.0800000E-06 -3.5248000E-01
 1.0100000E+02  5.9581000E-02 -9.2964000E-01  9.9981000E-01 -3.6796000E-01  3.0600000E-06 -3.6793000E-01
 1.0150000E+02  5.9701000E-02 -9.2345000E-01  9.9981000E-01 -3.8324000E-01  3.0393000E-06 -3.8321000E-01
 1.0200000E+02  5.9829000E-02 -9.1703000E-01  9.9981000E-01 -3.9834000E-01  3.0179000E-06 -3.9831000E-01
 1.0250000E+02  5.9964000E-02 -9.1041000E-01  9.9982000E-01 -4.1326000E-01  2.9958000E-06 -4.1322000E-01
 1.0300000E+02  6.0107000E-02 -9.0358000E-01  9.9982000E-01 -4.2798000E-01  2.9730000E-06 -4.2795000E-01
 1.0350000E+02  6.0258000E-02 -8.9656000E-01  9.9982000E-01 -4.4251000E-01  2.9496000E-06 -4.4247000E-01
 1.0400000E+02  6.0416000E-02 -8.8934000E-01  9.9982000E-01 -4.5684000E-01  2.9255000E-06 -4.5680000E-01
 1.0450000E+02  6.0581000E-02 -8.8194000E-01  9.9982000E-01 -4.7097000E-01  2.9009000E-06 -4.7093000E-01
 1.0500000E+02  6.0754000E-02 -8.7437000E-01  9.9982000E-01 -4.8489000E-01  2.8756000E-06 -4.8485000E-01
 1.0550000E+02  6.0934000E-02 -8.6662000E-01  9.9982000E-01 -4.9860000E-01  2.8499000E-06 -4.9856000E-01
 1.0600000E+02  6.1120000E-02 -8.5871000E-01  9.9982000E-01 -5.1210000E-01  2.8236000E-06 -5.1206000E-01
 1.0650000E+02  6.1314000E-02 -8.5065000E-01  9.9982000E-01 -5.2539000E-01  2.7968000E-06 -5.2534000E-01
 1.0700000E+02  6.1515000E-02 -8.4244000E-01  9.9982000E-01 -5.3845000E-01  2.7695000E-06 -5.3840000E-01
 1.0750000E+02  6.1723000E-02 -8.3410000E-01  9.9982000E-01 -5.5130000E-01  2.7418000E-06 -5.5125000E-01
 1.0800000E+02  6.1937000E-02 -8.2561000E-01  9.9982000E-01 -5.6392000E-01  2.7136000E-06 -5.6387000E-01
 1.0850000E+02  6.2158000E-02 -8.1701000E-01  9.9982000E-01 -5.7632000E-01  2.6850000E-06 -5.7627000E-01
 1.0900000E+02  6.2385000E-02 -8.0828000E-01  9.9982000E-01 -5.8849000E-01  2.6561000E-06 -5.8844000E-01
 1.0950000E+02  6.2619000E-02 -7.9945000E-01  9.9982000E-01 -6.0044000E-01  2.6268000E-06 -6.0039000E-01
 1.1000000E+02  6.2859000E-02 -7.9051000E-01  9.9983000E-01 -6.1217000E-01  2.5971000E-06 -6.1211000E-01
 1.1050000E+02  6.3105000E-02 -7.8147000E-01  9.9983000E-01 -6.2366000E-01  2.5672000E-06 -6.2360000E-01
 1.1100000E+02  6.3357000E-02 -7.7235000E-01  9.9983000E-01 -6.3493000E-01  2.5370000E-06 -6.3487000E-01
 1.1150000E+02  6.3615000E-02 -7.6314000E-01  9.9983000E-01 -6.4597000E-01  2.5065000E-06 -6.4591000E-01
 1.1200000E+02  6.3879000E-02 -7.5385000E-01  9.9983000E-01 -6.5678000E-01  2.4757000E-06 -6.5672000E-01
 1.1250000E+02  6.4149000E-02 -7.4450000E-01  9.9983000E-01 -6.6737000E-01  2.4447000E-06 -6.6731000E-01
 1.1300000E+02  6.4424000E-02 -7.3508000E-01  9.9983000E-01 -6.7773000E-01  2.4136000E-06 -6.7767000E-01
 1.1350000E+02  6.4704000E-02 -7.2560000E-01  9.9983000E-01 -6.8787000E-01  2.3822000E-06 -6.8780000E-01
 1.1400000E+02  6.4991000E-02 -7.1608000E-01  9.9983000E-01 -6.9778000E-01  2.3507000E-06 -6.9771000E-01
 1.1450000E+02  6.5282000E-02 -7.0651000E-01  9.9983000E-01 -7.0746000E-01  2.3191000E-06 -7.0740000E-01
 1.1500000E+02  6.5578000E-02 -6.9691000E-01  9.9983000E-01 -7.1693000E-01  2.2873000E-06 -7.1686000E-01
 1.1550000E+02  6.5880000E-02 -6.8727000E-01  9.9983000E-01 -7.2617000E-01  2.2555000E-06 -7.2610000E-01
 1.1600000E+02  6.6186000E-02 -6.7761000E-01  9.9983000E-01 -7.3520000E-01  2.2235000E-06 -7.3513000E-01
 1.1650000E+02  6.6497000E-02 -6.6792000E-01  9.9984000E-01 -7.4401000E-01  2.1915000E-06 -7.4394000E-01
 1.1700000E+02  6.6813000E-02 -6.5822000E-01  9.9984000E-01 -7.5261000E-01  2.1595000E-06 -7.5253000E-01
 1.1750000E+02  6.7133000E-02 -6.4851000E-01  9.9984000E-01 -7.6099000E-01  2.1275000E-06 -7.6092000E-01
 1.1800000E+02  6.7458000E-02 -6.3880000E-01  9.9984000E-01 -7.6916000E-01  2.0954000E-06 -7.6909000E-01
 1.1850000E+02  6.7787000E-02 -6.2909000E-01  9.9984000E-01 -7.7713000E-01  2.0633000E-06 -7.7705000E-01
 1.1900000E+02  6.8120000E-02 -6.1938000E-01  9.9984000E-01 -7.8489000E-01  2.0313000E-06 -7.8481000E-01
 1.1950000E+02  6.8457000E-02 -6.0969000E-01  9.9984000E-01 -7.9244000E-01  1.9993000E-06 -7.9237000E-01
 1.2000000E+02  6.8798000E-02 -6.0000000E-01  9.9984000E-01 -7.9980000E-01  1.9674000E-06 -7.9972000E-01
 1.2050000E+02  6.9142000E-02 -5.9034000E-01  9.9984000E-01 -8.0696000E-01  1.9355000E-06 -8.0688000E-01
 1.2100000E+02  6.9491000E-02 -5.8070000E-01  9.9984000E-01 -8.1392000E-01  1.9038000E-06 -8.1384000E-01
 1.2150000E+02  6.9842000E-02 -5.7109000E-01  9.9984000E-01 -8.2069000E-01  1.8721000E-06 -8.2062000E-01
 1.2200000E+02  7.0198000E-02 -5.6152000E-01  9.9984000E-01 -8.2728000E-01  1.8405000E-06 -8.2720000E-01
 1.2250000E+02  7.0556000E-02 -5.5197000E-01  9.9985000E-01 -8.3368000E-01  1.8091000E-06 -8.3360000E-01
 1.2300000E+02  7.0918000E-02 -5.4247000E-01  9.9985000E-01 -8.3989000E-01  1.7778000E-06 -8.3981000E-01
 1.2350000E+02  7.1282000E-02 -5.3301000E-01  9.9985000E-01 -8.4593000E-01  1.7466000E-06 -8.4585000E-01
 1.2400000E+02  7.1650000E-02 -5.2359000E-01  9.9985000E-01 -8.5179000E-01  1.7156000E-06 -8.5171000E-01
 1.2450000E+02  7.2020000E-02 -5.1423000E-01  9.9985000E-01 -8.5748000E-01  1.6848000E-06 -8.5739000E-01
 1.2500000E+02  7.2392000E-02 -5.0492000E-01  9.9985000E-01 -8.6299000E-01  1.6541000E-06 -8.6291000E-01
 1.2550000E+02  7.2768000E-02 -4.9566000E-01  9.9985000E-01 -8.6834000E-01  1.6236000E-06 -8.6826000E-01
 1.2600000E+02  7.3145000E-02 -4.8646000E-01  9.9985000E-01 -8.7353000E-01  1.5934000E-06 -8.7345000E-01
 1.2650000E+02  7.3525000E-02 -4.7732000E-01  9.9985000E-01 -8.7856000E-01  1.5633000E-06 -8.7847000E-01
 1.2700000E+02  7.3907000E-02 -4.6825000E-01  9.9985000E-01 -8.8343000E-01  1.5334000E-06 -8.8334000E-01
 1.2750000E+02  7.4290000E-02 -4.5924000E-01  9.9985000E-01 -8.8815000E-01  1.5038000E-06 -8.8806000E-01
 1.2800000E+02  7.4676000E-02 -4.5030000E-01  9.9985000E-01 -8.9271000E-01  1.4744000E-06 -8.9263000E-01
 1.2850000E+02  7.5063000E-02 -4.4143000E-01  9.9986000E-01 -8.9713000E-01  1.4453000E-06 -8.9704000E-01
 1.2900000E+02  7.5452000E-02 -4.3264000E-01  9.9986000E-01 -9.0141000E-01  1.4163000E-06 -9.0132000E-01
 1.2950000E+02  7.5842000E-02 -4.2392000E-01  9.9986000E-01 -9.0554000E-01  1.3877000E-06 -9.0545000E-01
 1.3000000E+02  7.6234000E-02 -4.1527000E-01  9.9986000E-01 -9.0954000E-01  1.3593000E-06 -9.0945000E-01
 1.3050000E+02  7.6626000E-02 -4.0670000E-01  9.9986000E-01 -9.1341000E-01  1.3311000E-06 -9.1332000E-01
 1.3100000E+02  7.7020000E-02 -3.9822000E-01  9.9986000E-01 -9.1714000E-01  1.3032000E-06 -9.1705000E-01
 1.3150000E+02  7.7414000E-02 -3.8981000E-01  9.9986000E-01 -9.2074000E-01  1.2756000E-06 -9.2065000E-01
 1.3200000E+02  7.7810000E-02 -3.8149000E-01  9.9986000E-01 -9.2422000E-01  1.2483000E-06 -9.2413000E-01
 1.3250000E+02  7.8206000E-02 -3.7325000E-01  9.9986000E-01 -9.2758000E-01  1.2212000E-06 -9.2749000E-01
 1.3300000E+02  7.8602000E-02 -3.6509000E-01  9.9986000E-01 -9.3082000E-01  1.1945000E-06 -9.3073000E-01
 1.3350000E+02  7.8999000E-02 -3.5703000E-01  9.9986000E-01 -9.3395000E-01  1.1680000E-06 -9.3386000E-01
 1.3400000E+02  7.9396000E-02 -3.4905000E-01  9.9986000E-01 -9.3696000E-01  1.1418000E-06 -9.3687000E-01
 1.3450000E+02  7.9793000E-02 -3.4116000E-01  9.9986000E-01 -9.3986000E-01  1.1159000E-06 -9.3977000E-01
 1.3500000E+02  8.0190000E-02 -3.3335000E-01  9.9987000E-01 -9.4266000E-01  1.0903000E-06 -9.4257000E-01
 1.3550000E+02  8.0587000E-02 -3.2564000E-01  9.9987000E-01 -9.4535000E-01  1.0650000E-06 -9.4526000E-01
 1.3600000E+02  8.0984000E-02 -3.1802000E-01  9.9987000E-01 -9.4794000E-01  1.0400000E-06 -9.4785000E-01
 1.3650000E+02  8.1381000E-02 -3.1049000E-01  9.9987000E-01 -9.5044000E-01  1.0153000E-06 -9.5034000E-01
 1.3700000E+02  8.1776000E-02 -3.0305000E-01  9.9987000E-01 -9.5283000E-01  9.9089000E-07 -9.5274000E-01
 1.3750000E+02  8.2172000E-02 -2.9571000E-01  9.9987000E-01 -9.5514000E-01  9.6681000E-07 -9.5504000E-01
 1.3800000E+02  8.2566000E-02 -2.8846000E-01  9.9987000E-01 -9.5736000E-01  9.4304000E-07 -9.5726000E-01
 1.3850000E+02  8.2960000E-02 -2.8130000E-01  9.9987000E-01 -9.5948000E-01  9.1958000E-07 -9.5939000E-01
 1.3900000E+02  8.3352000E-02 -2.7424000E-01  9.9987000E-01 -9.6153000E-01  8.9643000E-07 -9.6143000E-01
 1.3950000E+02  8.3744000E-02 -2.6727000E-01  9.9987000E-01 -9.6349000E-01  8.7359000E-07 -9.6339000E-01
 1.4000000E+02  8.4134000E-02 -2.6040000E-01  9.9987000E-01 -9.6537000E-01  8.5106000E-07 -9.6527000E-01
 1.4050000E+02  8.4523000E-02 -2.5362000E-01  9.9987000E-01 -9.6717000E-01  8.2885000E-07 -9.6708000E-01
 1.4100000E+02  8.4910000E-02 -2.4693000E-01  9.9987000E-01 -9.6890000E-01  8.0696000E-07 -9.6880000E-01
 1.4150000E+02  8.5296000E-02 -2.4035000E-01  9.9987000E-01 -9.7056000E-01  7.8537000E-07 -9.7046000E-01
 1.4200000E+02  8.5680000E-02 -2.3385000E-01  9.9987000E-01 -9.7214000E-01  7.6411000E-07 -9.7204000E-01
 1.4250000E+02  8.6062000E-02 -2.2746000E-01  9.9988000E-01 -9.7366000E-01  7.4316000E-07 -9.7356000E-01
 1.4300000E+02  8.6442000E-02 -2.2115000E-01  9.9988000E-01 -9.7511000E-01  7.2252000E-07 -9.7501000E-01
 1.4350000E+02  8.6820000E-02 -2.1495000E-01  9.9988000E-01 -9.7650000E-01  7.0220000E-07 -9.7640000E-01
 1.4400000E+02  8.7196000E-02 -2.0883000E-01  9.9988000E-01 -9.7783000E-01  6.8219000E-07 -9.7773000E-01
 1.4450000E+02  8.7570000E-02 -2.0282000E-01  9.9988000E-01 -9.7909000E-01  6.6250000E-07 -9.7899000E-01
 1.4500000E+02  8.7941000E-02 -1.9690000E-01  9.9988000E-01 -9.8030000E-01  6.4312000E-07 -9.8020000E-01
 1.4550000E+02  8.8309000E-02 -1.9107000E-01  9.9988000E-01 -9.8145000E-01  6.2405000E-07 -9.8135000E-01
 1.4600000E+02  8.8675000E-02 -1.8534000E-01  9.9988000E-01 -9.8255000E-01  6.0529000E-07 -9.8245000E-01
 1.4650000E+02  8.9039000E-02 -1.7970000E-01  9.9988000E-01 -9.8360000E-01  5.8685000E-07 -9.8350000E-01
 1.4700000E+02  8.9399000E-02 -1.7416000E-01  9.9988000E-01 -9.8460000E-01  5.6872000E-07 -9.8450000E-01
 1.4750000E+02  8.9756000E-02 -1.6871000E-01  9.9988000E-01 -9.8554000E-01  5.5089000E-07 -9.8544000E-01
 1.4800000E+02  9.0111000E-02 -1.6336000E-01  9.9988000E-01 -9.8645000E-01  5.3338000E-07 -9.8635000E-01
 1.4850000E+02  9.0462000E-02 -1.5809000E-01  9.9988000E-01 -9.8730000E-01  5.1617000E-07 -9.8720000E-01
 1.4900000E+02  9.0810000E-02 -1.5293000E-01  9.9988000E-01 -9.8812000E-01  4.9927000E-07 -9.8802000E-01
 1.4950000E+02  9.1154000E-02 -1.4785000E-01  9.9988000E-01 -9.8889000E-01  4.8268000E-07 -9.8879000E-01
 1.5000000E+02  9.1495000E-02 -1.4287000E-01  9.9988000E-01 -9.8962000E-01  4.6639000E-07 -9.8952000E-01
 1.5050000E+02  9.1833000E-02 -1.3798000E-01  9.9988000E-01 -9.9032000E-01  4.5041000E-07 -9.9022000E-01
 1.5100000E+02  9.2166000E-02 -1.3318000E-01  9.9988000E-01 -9.9097000E-01  4.3472000E-07 -9.9087000E-01
 1.5150000E+02  9.2496000E-02 -1.2848000E-01  9.9988000E-01 -9.9160000E-01  4.1934000E-07 -9.9149000E-01
 1.5200000E+02  9.2823000E-02 -1.2386000E-01  9.9988000E-01 -9.9218000E-01  4.0426000E-07 -9.9208000E-01
 1.5250000E+02  9.3145000E-02 -1.1934000E-01  9.9989000E-01 -9.9274000E-01  3.8948000E-07 -9.9264000E-01
 1.5300000E+02  9.3463000E-02 -1.1490000E-01  9.9989000E-01 -9.9326000E-01  3.7499000E-07 -9.9316000E-01
 1.5350000E+02  9.3777000E-02 -1.1056000E-01  9.9989000E-01 -9.9375000E-01  3.6080000E-07 -9.9365000E-01
 1.5400000E+02  9.4086000E-02 -1.0631000E-01  9.9989000E-01 -9.9422000E-01  3.4691000E-07 -9.9412000E-01
 1.5450000E+02  9.4392000E-02 -1.0214000E-01  9.9989000E-01 -9.9466000E-01  3.3330000E-07 -9.9455000E-01
 1.5500000E+02  9.4693000E-02 -9.8069000E-02  9.9989000E-01 -9.9507000E-01  3.1999000E-07 -9.9496000E-01
 1.5550000E+02  9.4989000E-02 -9.4083000E-02  9.9989000E-01 -9.9545000E-01  3.0697000E-07 -9.9535000E-01
 1.5600000E+02  9.5281000E-02 -9.0185000E-02  9.9989000E-01 -9.9581000E-01  2.9424000E-07 -9.9571000E-01
 1.5650000E+02  9.5568000E-02 -8.6374000E-02  9.9989000E-01 -9.9615000E-01  2.8180000E-07 -9.9605000E-01
 1.5700000E+02  9.5850000E-02 -8.2652000E-02  9.9989000E-01 -9.9647000E-01  2.6964000E-07 -9.9636000E-01
 1.5750000E+02  9.6128000E-02 -7.9016000E-02  9.9989000E-01 -9.9676000E-01  2.5777000E-07 -9.9666000E-01
 1.5800000E+02  9.6401000E-02 -7.5467000E-02  9.9989000E-01 -9.9704000E-01  2.4618000E-07 -9.9694000E-01
 1.5850000E+02  9.6668000E-02 -7.2004000E-02  9.9989000E-01 -9.9729000E-01  2.3488000E-07 -9.9719000E-01
 1.5900000E+02  9.6931000E-02 -6.8627000E-02  9.9989000E-01 -9.9753000E-01  2.2385000E-07 -9.9743000E-01
 1.5950000E+02  9.7188000E-02 -6.5335000E-02  9.9989000E-01 -9.9775000E-01  2.1311000E-07 -9.9765000E-01
 1.6000000E+02  9.7441000E-02 -6.2128000E-02  9.9989000E-01 -9.9796000E-01  2.0264000E-07 -9.9786000E-01
 1.6050000E+02  9.7688000E-02 -5.9006000E-02  9.9989000E-01 -9.9815000E-01  1.9245000E-07 -9.9805000E-01
 1.6100000E+02  9.7929000E-02 -5.5968000E-02  9.9989000E-01 -9.9832000E-01  1.8254000E-07 -9.9822000E-01
 1.6150000E+02  9.8165000E-02 -5.3015000E-02  9.9989000E-01 -9.9849000E-01  1.7290000E-07 -9.9838000E-01
 1.6200000E+02  9.8396000E-02 -5.0144000E-02  9.9989000E-01 -9.9863000E-01  1.6353000E-07 -9.9853000E-01
 1.6250000E+02  9.8621000E-02 -4.7357000E-02  9.9989000E-01 -9.9877000E-01  1.5444000E-07 -9.9867000E-01
 1.6300000E+02  9.8841000E-02 -4.4653000E-02  9.9989000E-01 -9.9889000E-01  1.4562000E-07 -9.9879000E-01
 1.6350000E+02  9.9054000E-02 -4.2031000E-02  9.9989000E-01 -9.9901000E-01  1.3706000E-07 -9.9891000E-01
 1.6400000E+02  9.9262000E-02 -3.9492000E-02  9.9989000E-01 -9.9911000E-01  1.2878000E-07 -9.9901000E-01
 1.6450000E+02  9.9465000E-02 -3.7034000E-02  9.9989000E-01 -9.9921000E-01  1.2076000E-07 -9.9910000E-01
 1.6500000E+02  9.9661000E-02 -3.4658000E-02  9.9989000E-01 -9.9929000E-01  1.1301000E-07 -9.9919000E-01
 1.6550000E+02  9.9852000E-02 -3.2362000E-02  9.9989000E-01 -9.9937000E-01  1.0552000E-07 -9.9927000E-01
 1.6600000E+02  1.0004000E-01 -3.0148000E-02  9.9989000E-01 -9.9944000E-01  9.8300000E-08 -9.9934000E-01
 1.6650000E+02  1.0021000E-01 -2.8014000E-02  9.9989000E-01 -9.9950000E-01  9.1340000E-08 -9.9940000E-01
 1.6700000E+02  1.0039000E-01 -2.5961000E-02  9.9989000E-01 -9.9956000E-01  8.4643000E-08 -9.9945000E-01
 1.6750000E+02  1.0055000E-01 -2.3987000E-02  9.9989000E-01 -9.9961000E-01  7.8206000E-08 -9.9950000E-01
 1.6800000E+02  1.0071000E-01 -2.2093000E-02  9.9989000E-01 -9.9965000E-01  7.2030000E-08 -9.9955000E-01
 1.6850000E+02  1.0087000E-01 -2.0279000E-02  9.9989000E-01 -9.9969000E-01  6.6113000E-08 -9.9959000E-01
 1.6900000E+02  1.0102000E-01 -1.8543000E-02  9.9989000E-01 -9.9972000E-01  6.0454000E-08 -9.9962000E-01
 1.6950000E+02  1.0116000E-01 -1.6887000E-02  9.9989000E-01 -9.9975000E-01  5.5053000E-08 -9.9965000E-01
 1.7000000E+02  1.0129000E-01 -1.5309000E-02  9.9989000E-01 -9.9978000E-01  4.9908000E-08 -9.9967000E-01
 1.7050000E+02  1.0142000E-01 -1.3810000E-02  9.9990000E-01 -9.9980000E-01  4.5019000E-08 -9.9970000E-01
 1.7100000E+02  1.0154000E-01 -1.2389000E-02  9.9990000E-01 -9.9982000E-01  4.0386000E-08 -9.9972000E-01
 1.7150000E+02  1.0166000E-01 -1.1046000E-02  9.9990000E-01 -9.9983000E-01  3.6007000E-08 -9.9973000E-01
 1.7200000E+02  1.0177000E-01 -9.7802000E-03  9.9990000E-01 -9.9985000E-01  3.1882000E-08 -9.9974000E-01
 1.7250000E+02  1.0187000E-01 -8.5926000E-03  9.9990000E-01 -9.9986000E-01  2.8010000E-08 -9.9976000E-01
 1.7300000E+02  1.0197000E-01 -7.4824000E-03  9.9990000E-01 -9.9987000E-01  2.4391000E-08 -9.9976000E-01
 1.7350000E+02  1.0206000E-01 -6.4494000E-03  9.9990000E-01 -9.9988000E-01  2.1023000E-08 -9.9977000E-01
 1.7400000E+02  1.0214000E-01 -5.4936000E-03  9.9990000E-01 -9.9988000E-01  1.7907000E-08 -9.9978000E-01
 1.7450000E+02  1.0222000E-01 -4.6148000E-03  9.9990000E-01 -9.9989000E-01  1.5043000E-08 -9.9978000E-01
 1.7500000E+02  1.0229000E-01 -3.8129000E-03  9.9990000E-01 -9.9989000E-01  1.2429000E-08 -9.9979000E-01
 1.7550000E+02  1.0235000E-01 -3.0877000E-03  9.9990000E-01 -9.9989000E-01  1.0065000E-08 -9.9979000E-01
 1.7600000E+02  1.0241000E-01 -2.4392000E-03  9.9990000E-01 -9.9989000E-01  7.9506000E-09 -9.9979000E-01
 1.7650000E+02  1.0246000E-01 -1.8671000E-03  9.9990000E-01 -9.9989000E-01  6.0859000E-09 -9.9979000E-01
 1.7700000E+02  1.0250000E-01 -1.3715000E-03  9.9990000E-01 -9.9990000E-01  4.4705000E-09 -9.9979000E-01
 1.7750000E+02  1.0254000E-01 -9.5232000E-04  9.9990000E-01 -9.9990000E-01  3.1041000E-09 -9.9979000E-01
 1.7800000E+02  1.0257000E-01 -6.0942000E-04  9.9990000E-01 -9.9990000E-01  1.9864000E-09 -9.9979000E-01
 1.7850000E+02  1.0259000E-01 -3.4277000E-04  9.9990000E-01 -9.9990000E-01  1.1172000E-09 -9.9979000E-01
 1.7900000E+02  1.0261000E-01 -1.5233000E-04  9.9990000E-01 -9.9990000E-01  4.9652000E-10 -9.9979000E-01
 1.7950000E+02  1.0262000E-01 -3.8081000E-05  9.9990000E-01 -9.9990000E-01  1.2412000E-10 -9.9979000E-01
 1.8000000E+02  1.0262000E-01 -3.7751000E-15  9.9990000E-01 -9.9990000E-01  1.2305000E-20 -9.9979000E-01
