length scale factor
2.5075000E-04
volume cluster radius, area mean sphere radius, circumscribing radius, cross section radius
5.0497763E-03 2.5049925E-04 2.9705574E-02 5.0497763E-03
total extinction, absorption, scattering efficiencies (unpolarized incidence)
1.7881000E-04 1.7877000E-04 4.5590000E-08
theta     11          12          22          33          34          44
 0.0000000E+00  6.8538000E-03  0.0000000E+00  9.9992000E-01  9.9992000E-01  0.0000000E+00  9.9984000E-01
 5.0000000E-01  6.8536000E-03 -3.8075000E-05  9.9992000E-01  9.9992000E-01  1.3755000E-13  9.9984000E-01
 1.0000000E+00  6.8528000E-03 -1.5230000E-04  9.9992000E-01  9.9992000E-01  5.5023000E-13  9.9984000E-01
 1.5000000E+00  6.8515000E-03 -3.4271000E-04  9.9992000E-01  9.9992000E-01  1.2381000E-12  9.9984000E-01
 2.0000000E+00  6.8497000E-03 -6.0931000E-04  9.9992000E-01  9.9992000E-01  2.2012000E-12  9.9984000E-01
 2.5000000E+00  6.8473000E-03 -9.5215000E-04  9.9992000E-01  9.9992000E-01  3.4398000E-12  9.9984000E-01
 3.0000000E+00  6.8445000E-03 -1.3713000E-03  9.9992000E-01  9.9992000E-01  4.9540000E-12  9.9984000E-01
 3.5000000E+00  6.8411000E-03 -1.8668000E-03  9.9992000E-01  9.9992000E-01  6.7441000E-12  9.9984000E-01
 4.0000000E+00  6.8372000E-03 -2.4387000E-03  9.9992000E-01  9.9992000E-01  8.8103000E-12  9.9984000E-01
 4.5000000E+00  6.8327000E-03 -3.0872000E-03  9.9992000E-01  9.9992000E-01  1.1153000E-11  9.9984000E-01
 5.0000000E+00  6.8278000E-03 -3.8122000E-03  9.9992000E-01  9.9991000E-01  1.3772000E-11  9.9983000E-01
 5.5000000E+00  6.8224000E-03 -4.6140000E-03  9.9992000E-01  9.9991000E-01  1.6669000E-11  9.9983000E-01
 6.0000000E+00  6.8164000E-03 -5.4927000E-03  9.9992000E-01  9.9991000E-01  1.9843000E-11  9.9983000E-01
 6.5000000E+00  6.8099000E-03 -6.4483000E-03  9.9992000E-01  9.9990000E-01  2.3296000E-11  9.9982000E-01
 7.0000000E+00  6.8029000E-03 -7.4810000E-03  9.9992000E-01  9.9989000E-01  2.7027000E-11  9.9981000E-01
 7.5000000E+00  6.7954000E-03 -8.5910000E-03  9.9992000E-01  9.9988000E-01  3.1037000E-11  9.9980000E-01
 8.0000000E+00  6.7875000E-03 -9.7785000E-03  9.9992000E-01  9.9987000E-01  3.5327000E-11  9.9979000E-01
 8.5000000E+00  6.7790000E-03 -1.1044000E-02  9.9992000E-01  9.9986000E-01  3.9897000E-11  9.9978000E-01
 9.0000000E+00  6.7700000E-03 -1.2386000E-02  9.9992000E-01  9.9984000E-01  4.4748000E-11  9.9976000E-01
 9.5000000E+00  6.7605000E-03 -1.3807000E-02  9.9992000E-01  9.9982000E-01  4.9881000E-11  9.9975000E-01
 1.0000000E+01  6.7505000E-03 -1.5306000E-02  9.9992000E-01  9.9980000E-01  5.5297000E-11  9.9972000E-01
 1.0500000E+01  6.7400000E-03 -1.6884000E-02  9.9992000E-01  9.9978000E-01  6.0996000E-11  9.9970000E-01
 1.1000000E+01  6.7291000E-03 -1.8540000E-02  9.9992000E-01  9.9975000E-01  6.6979000E-11  9.9967000E-01
 1.1500000E+01  6.7176000E-03 -2.0275000E-02  9.9992000E-01  9.9971000E-01  7.3247000E-11  9.9963000E-01
 1.2000000E+01  6.7057000E-03 -2.2089000E-02  9.9992000E-01  9.9968000E-01  7.9801000E-11  9.9960000E-01
 1.2500000E+01  6.6933000E-03 -2.3983000E-02  9.9992000E-01  9.9963000E-01  8.6642000E-11  9.9955000E-01
 1.3000000E+01  6.6804000E-03 -2.5956000E-02  9.9992000E-01  9.9958000E-01  9.3771000E-11  9.9950000E-01
 1.3500000E+01  6.6671000E-03 -2.8009000E-02  9.9992000E-01  9.9953000E-01  1.0119000E-10  9.9945000E-01
 1.4000000E+01  6.6533000E-03 -3.0143000E-02  9.9992000E-01  9.9946000E-01  1.0890000E-10  9.9939000E-01
 1.4500000E+01  6.6390000E-03 -3.2357000E-02  9.9992000E-01  9.9939000E-01  1.1689000E-10  9.9932000E-01
 1.5000000E+01  6.6243000E-03 -3.4651000E-02  9.9992000E-01  9.9932000E-01  1.2518000E-10  9.9924000E-01
 1.5500000E+01  6.6091000E-03 -3.7027000E-02  9.9992000E-01  9.9923000E-01  1.3377000E-10  9.9915000E-01
 1.6000000E+01  6.5935000E-03 -3.9485000E-02  9.9992000E-01  9.9914000E-01  1.4265000E-10  9.9906000E-01
 1.6500000E+01  6.5774000E-03 -4.2024000E-02  9.9992000E-01  9.9903000E-01  1.5182000E-10  9.9896000E-01
 1.7000000E+01  6.5609000E-03 -4.4645000E-02  9.9992000E-01  9.9892000E-01  1.6129000E-10  9.9884000E-01
 1.7500000E+01  6.5439000E-03 -4.7349000E-02  9.9992000E-01  9.9880000E-01  1.7106000E-10  9.9872000E-01
 1.8000000E+01  6.5266000E-03 -5.0135000E-02  9.9992000E-01  9.9866000E-01  1.8112000E-10  9.9858000E-01
 1.8500000E+01  6.5088000E-03 -5.3005000E-02  9.9992000E-01  9.9851000E-01  1.9149000E-10  9.9843000E-01
 1.9000000E+01  6.4906000E-03 -5.5958000E-02  9.9992000E-01  9.9835000E-01  2.0216000E-10  9.9827000E-01
 1.9500000E+01  6.4720000E-03 -5.8996000E-02  9.9992000E-01  9.9817000E-01  2.1313000E-10  9.9810000E-01
 2.0000000E+01  6.4529000E-03 -6.2117000E-02  9.9992000E-01  9.9798000E-01  2.2441000E-10  9.9791000E-01
 2.0500000E+01  6.4335000E-03 -6.5323000E-02  9.9992000E-01  9.9778000E-01  2.3599000E-10  9.9770000E-01
 2.1000000E+01  6.4137000E-03 -6.8614000E-02  9.9992000E-01  9.9756000E-01  2.4788000E-10  9.9748000E-01
 2.1500000E+01  6.3935000E-03 -7.1991000E-02  9.9992000E-01  9.9732000E-01  2.6008000E-10  9.9724000E-01
 2.2000000E+01  6.3729000E-03 -7.5453000E-02  9.9991000E-01  9.9706000E-01  2.7259000E-10  9.9699000E-01
 2.2500000E+01  6.3519000E-03 -7.9002000E-02  9.9991000E-01  9.9679000E-01  2.8541000E-10  9.9671000E-01
 2.3000000E+01  6.3306000E-03 -8.2637000E-02  9.9991000E-01  9.9649000E-01  2.9854000E-10  9.9641000E-01
 2.3500000E+01  6.3089000E-03 -8.6359000E-02  9.9991000E-01  9.9618000E-01  3.1199000E-10  9.9610000E-01
 2.4000000E+01  6.2869000E-03 -9.0169000E-02  9.9991000E-01  9.9584000E-01  3.2575000E-10  9.9576000E-01
 2.4500000E+01  6.2645000E-03 -9.4066000E-02  9.9991000E-01  9.9548000E-01  3.3983000E-10  9.9540000E-01
 2.5000000E+01  6.2417000E-03 -9.8052000E-02  9.9991000E-01  9.9509000E-01  3.5423000E-10  9.9502000E-01
 2.5500000E+01  6.2186000E-03 -1.0213000E-01  9.9991000E-01  9.9468000E-01  3.6895000E-10  9.9461000E-01
 2.6000000E+01  6.1952000E-03 -1.0629000E-01  9.9991000E-01  9.9425000E-01  3.8399000E-10  9.9417000E-01
 2.6500000E+01  6.1715000E-03 -1.1054000E-01  9.9991000E-01  9.9378000E-01  3.9935000E-10  9.9370000E-01
 2.7000000E+01  6.1475000E-03 -1.1488000E-01  9.9991000E-01  9.9329000E-01  4.1504000E-10  9.9321000E-01
 2.7500000E+01  6.1231000E-03 -1.1932000E-01  9.9991000E-01  9.9277000E-01  4.3105000E-10  9.9269000E-01
 2.8000000E+01  6.0985000E-03 -1.2384000E-01  9.9991000E-01  9.9221000E-01  4.4739000E-10  9.9213000E-01
 2.8500000E+01  6.0735000E-03 -1.2845000E-01  9.9991000E-01  9.9163000E-01  4.6406000E-10  9.9155000E-01
 2.9000000E+01  6.0483000E-03 -1.3316000E-01  9.9991000E-01  9.9100000E-01  4.8106000E-10  9.9093000E-01
 2.9500000E+01  6.0228000E-03 -1.3796000E-01  9.9991000E-01  9.9035000E-01  4.9839000E-10  9.9027000E-01
 3.0000000E+01  5.9970000E-03 -1.4284000E-01  9.9991000E-01  9.8965000E-01  5.1605000E-10  9.8958000E-01
 3.0500000E+01  5.9710000E-03 -1.4783000E-01  9.9991000E-01  9.8892000E-01  5.3404000E-10  9.8884000E-01
 3.1000000E+01  5.9447000E-03 -1.5290000E-01  9.9991000E-01  9.8815000E-01  5.5237000E-10  9.8807000E-01
 3.1500000E+01  5.9182000E-03 -1.5807000E-01  9.9991000E-01  9.8734000E-01  5.7104000E-10  9.8726000E-01
 3.2000000E+01  5.8914000E-03 -1.6333000E-01  9.9991000E-01  9.8648000E-01  5.9004000E-10  9.8640000E-01
 3.2500000E+01  5.8644000E-03 -1.6868000E-01  9.9991000E-01  9.8558000E-01  6.0938000E-10  9.8550000E-01
 3.3000000E+01  5.8372000E-03 -1.7413000E-01  9.9991000E-01  9.8463000E-01  6.2906000E-10  9.8455000E-01
 3.3500000E+01  5.8098000E-03 -1.7967000E-01  9.9991000E-01  9.8363000E-01  6.4908000E-10  9.8355000E-01
 3.4000000E+01  5.7822000E-03 -1.8531000E-01  9.9991000E-01  9.8259000E-01  6.6945000E-10  9.8251000E-01
 3.4500000E+01  5.7543000E-03 -1.9104000E-01  9.9991000E-01  9.8149000E-01  6.9015000E-10  9.8141000E-01
 3.5000000E+01  5.7263000E-03 -1.9686000E-01  9.9991000E-01  9.8033000E-01  7.1119000E-10  9.8026000E-01
 3.5500000E+01  5.6981000E-03 -2.0278000E-01  9.9990000E-01  9.7913000E-01  7.3258000E-10  9.7905000E-01
 3.6000000E+01  5.6698000E-03 -2.0880000E-01  9.9990000E-01  9.7786000E-01  7.5431000E-10  9.7778000E-01
 3.6500000E+01  5.6413000E-03 -2.1491000E-01  9.9990000E-01  9.7654000E-01  7.7639000E-10  9.7646000E-01
 3.7000000E+01  5.6126000E-03 -2.2111000E-01  9.9990000E-01  9.7515000E-01  7.9881000E-10  9.7507000E-01
 3.7500000E+01  5.5838000E-03 -2.2742000E-01  9.9990000E-01  9.7370000E-01  8.2158000E-10  9.7362000E-01
 3.8000000E+01  5.5548000E-03 -2.3381000E-01  9.9990000E-01  9.7218000E-01  8.4468000E-10  9.7210000E-01
 3.8500000E+01  5.5257000E-03 -2.4030000E-01  9.9990000E-01  9.7060000E-01  8.6814000E-10  9.7052000E-01
 3.9000000E+01  5.4965000E-03 -2.4689000E-01  9.9990000E-01  9.6894000E-01  8.9194000E-10  9.6886000E-01
 3.9500000E+01  5.4672000E-03 -2.5358000E-01  9.9990000E-01  9.6721000E-01  9.1608000E-10  9.6714000E-01
 4.0000000E+01  5.4378000E-03 -2.6035000E-01  9.9990000E-01  9.6541000E-01  9.4056000E-10  9.6533000E-01
 4.0500000E+01  5.4083000E-03 -2.6723000E-01  9.9990000E-01  9.6353000E-01  9.6539000E-10  9.6345000E-01
 4.1000000E+01  5.3787000E-03 -2.7419000E-01  9.9990000E-01  9.6157000E-01  9.9056000E-10  9.6149000E-01
 4.1500000E+01  5.3491000E-03 -2.8125000E-01  9.9990000E-01  9.5953000E-01  1.0161000E-09  9.5945000E-01
 4.2000000E+01  5.3194000E-03 -2.8841000E-01  9.9990000E-01  9.5740000E-01  1.0419000E-09  9.5732000E-01
 4.2500000E+01  5.2896000E-03 -2.9566000E-01  9.9990000E-01  9.5519000E-01  1.0681000E-09  9.5511000E-01
 4.3000000E+01  5.2598000E-03 -3.0300000E-01  9.9990000E-01  9.5288000E-01  1.0946000E-09  9.5281000E-01
 4.3500000E+01  5.2299000E-03 -3.1044000E-01  9.9990000E-01  9.5048000E-01  1.1215000E-09  9.5041000E-01
 4.4000000E+01  5.2001000E-03 -3.1797000E-01  9.9990000E-01  9.4799000E-01  1.1487000E-09  9.4792000E-01
 4.4500000E+01  5.1702000E-03 -3.2559000E-01  9.9990000E-01  9.4540000E-01  1.1762000E-09  9.4533000E-01
 4.5000000E+01  5.1403000E-03 -3.3330000E-01  9.9989000E-01  9.4271000E-01  1.2041000E-09  9.4264000E-01
 4.5500000E+01  5.1104000E-03 -3.4110000E-01  9.9989000E-01  9.3991000E-01  1.2323000E-09  9.3984000E-01
 4.6000000E+01  5.0805000E-03 -3.4899000E-01  9.9989000E-01  9.3701000E-01  1.2608000E-09  9.3694000E-01
 4.6500000E+01  5.0506000E-03 -3.5697000E-01  9.9989000E-01  9.3400000E-01  1.2896000E-09  9.3393000E-01
 4.7000000E+01  5.0207000E-03 -3.6503000E-01  9.9989000E-01  9.3088000E-01  1.3187000E-09  9.3080000E-01
 4.7500000E+01  4.9909000E-03 -3.7319000E-01  9.9989000E-01  9.2764000E-01  1.3482000E-09  9.2757000E-01
 4.8000000E+01  4.9611000E-03 -3.8143000E-01  9.9989000E-01  9.2428000E-01  1.3780000E-09  9.2421000E-01
 4.8500000E+01  4.9314000E-03 -3.8975000E-01  9.9989000E-01  9.2080000E-01  1.4080000E-09  9.2073000E-01
 4.9000000E+01  4.9018000E-03 -3.9815000E-01  9.9989000E-01  9.1720000E-01  1.4384000E-09  9.1713000E-01
 4.9500000E+01  4.8722000E-03 -4.0664000E-01  9.9989000E-01  9.1347000E-01  1.4690000E-09  9.1339000E-01
 5.0000000E+01  4.8427000E-03 -4.1520000E-01  9.9989000E-01  9.0960000E-01  1.5000000E-09  9.0953000E-01
 5.0500000E+01  4.8133000E-03 -4.2385000E-01  9.9989000E-01  9.0561000E-01  1.5312000E-09  9.0554000E-01
 5.1000000E+01  4.7840000E-03 -4.3257000E-01  9.9989000E-01  9.0147000E-01  1.5627000E-09  9.0140000E-01
 5.1500000E+01  4.7548000E-03 -4.4137000E-01  9.9989000E-01  8.9720000E-01  1.5945000E-09  8.9713000E-01
 5.2000000E+01  4.7257000E-03 -4.5023000E-01  9.9989000E-01  8.9278000E-01  1.6265000E-09  8.9271000E-01
 5.2500000E+01  4.6968000E-03 -4.5917000E-01  9.9988000E-01  8.8822000E-01  1.6588000E-09  8.8815000E-01
 5.3000000E+01  4.6679000E-03 -4.6818000E-01  9.9988000E-01  8.8350000E-01  1.6914000E-09  8.8343000E-01
 5.3500000E+01  4.6393000E-03 -4.7725000E-01  9.9988000E-01  8.7863000E-01  1.7241000E-09  8.7856000E-01
 5.4000000E+01  4.6107000E-03 -4.8639000E-01  9.9988000E-01  8.7361000E-01  1.7571000E-09  8.7354000E-01
 5.4500000E+01  4.5824000E-03 -4.9559000E-01  9.9988000E-01  8.6842000E-01  1.7904000E-09  8.6835000E-01
 5.5000000E+01  4.5542000E-03 -5.0484000E-01  9.9988000E-01  8.6307000E-01  1.8238000E-09  8.6301000E-01
 5.5500000E+01  4.5262000E-03 -5.1415000E-01  9.9988000E-01  8.5756000E-01  1.8574000E-09  8.5749000E-01
 5.6000000E+01  4.4984000E-03 -5.2352000E-01  9.9988000E-01  8.5187000E-01  1.8913000E-09  8.5181000E-01
 5.6500000E+01  4.4707000E-03 -5.3293000E-01  9.9988000E-01  8.4602000E-01  1.9253000E-09  8.4595000E-01
 5.7000000E+01  4.4433000E-03 -5.4239000E-01  9.9988000E-01  8.3998000E-01  1.9595000E-09  8.3991000E-01
 5.7500000E+01  4.4161000E-03 -5.5189000E-01  9.9988000E-01  8.3377000E-01  1.9938000E-09  8.3370000E-01
 5.8000000E+01  4.3891000E-03 -5.6144000E-01  9.9988000E-01  8.2737000E-01  2.0283000E-09  8.2730000E-01
 5.8500000E+01  4.3623000E-03 -5.7101000E-01  9.9988000E-01  8.2079000E-01  2.0629000E-09  8.2072000E-01
 5.9000000E+01  4.3358000E-03 -5.8062000E-01  9.9987000E-01  8.1402000E-01  2.0976000E-09  8.1395000E-01
 5.9500000E+01  4.3095000E-03 -5.9026000E-01  9.9987000E-01  8.0706000E-01  2.1324000E-09  8.0699000E-01
 6.0000000E+01  4.2835000E-03 -5.9992000E-01  9.9987000E-01  7.9990000E-01  2.1673000E-09  7.9984000E-01
 6.0500000E+01  4.2577000E-03 -6.0960000E-01  9.9987000E-01  7.9255000E-01  2.2023000E-09  7.9248000E-01
 6.1000000E+01  4.2322000E-03 -6.1930000E-01  9.9987000E-01  7.8499000E-01  2.2373000E-09  7.8493000E-01
 6.1500000E+01  4.2070000E-03 -6.2901000E-01  9.9987000E-01  7.7723000E-01  2.2724000E-09  7.7717000E-01
 6.2000000E+01  4.1821000E-03 -6.3872000E-01  9.9987000E-01  7.6927000E-01  2.3074000E-09  7.6921000E-01
 6.2500000E+01  4.1574000E-03 -6.4843000E-01  9.9987000E-01  7.6110000E-01  2.3425000E-09  7.6104000E-01
 6.3000000E+01  4.1331000E-03 -6.5814000E-01  9.9987000E-01  7.5272000E-01  2.3776000E-09  7.5266000E-01
 6.3500000E+01  4.1090000E-03 -6.6784000E-01  9.9987000E-01  7.4413000E-01  2.4126000E-09  7.4407000E-01
 6.4000000E+01  4.0853000E-03 -6.7752000E-01  9.9987000E-01  7.3532000E-01  2.4476000E-09  7.3526000E-01
 6.4500000E+01  4.0619000E-03 -6.8719000E-01  9.9987000E-01  7.2630000E-01  2.4825000E-09  7.2624000E-01
 6.5000000E+01  4.0388000E-03 -6.9683000E-01  9.9987000E-01  7.1705000E-01  2.5174000E-09  7.1700000E-01
 6.5500000E+01  4.0161000E-03 -7.0643000E-01  9.9986000E-01  7.0759000E-01  2.5521000E-09  7.0753000E-01
 6.6000000E+01  3.9937000E-03 -7.1600000E-01  9.9986000E-01  6.9791000E-01  2.5866000E-09  6.9785000E-01
 6.6500000E+01  3.9716000E-03 -7.2552000E-01  9.9986000E-01  6.8800000E-01  2.6210000E-09  6.8794000E-01
 6.7000000E+01  3.9499000E-03 -7.3500000E-01  9.9986000E-01  6.7787000E-01  2.6553000E-09  6.7781000E-01
 6.7500000E+01  3.9286000E-03 -7.4442000E-01  9.9986000E-01  6.6751000E-01  2.6893000E-09  6.6745000E-01
 6.8000000E+01  3.9076000E-03 -7.5377000E-01  9.9986000E-01  6.5692000E-01  2.7231000E-09  6.5687000E-01
 6.8500000E+01  3.8870000E-03 -7.6306000E-01  9.9986000E-01  6.4611000E-01  2.7566000E-09  6.4606000E-01
 6.9000000E+01  3.8668000E-03 -7.7227000E-01  9.9986000E-01  6.3507000E-01  2.7899000E-09  6.3502000E-01
 6.9500000E+01  3.8470000E-03 -7.8140000E-01  9.9986000E-01  6.2381000E-01  2.8229000E-09  6.2376000E-01
 7.0000000E+01  3.8276000E-03 -7.9043000E-01  9.9986000E-01  6.1232000E-01  2.8555000E-09  6.1227000E-01
 7.0500000E+01  3.8086000E-03 -7.9937000E-01  9.9986000E-01  6.0060000E-01  2.8878000E-09  6.0055000E-01
 7.1000000E+01  3.7900000E-03 -8.0821000E-01  9.9986000E-01  5.8865000E-01  2.9197000E-09  5.8860000E-01
 7.1500000E+01  3.7717000E-03 -8.1694000E-01  9.9986000E-01  5.7648000E-01  2.9513000E-09  5.7643000E-01
 7.2000000E+01  3.7540000E-03 -8.2554000E-01  9.9986000E-01  5.6408000E-01  2.9824000E-09  5.6404000E-01
 7.2500000E+01  3.7366000E-03 -8.3403000E-01  9.9985000E-01  5.5146000E-01  3.0130000E-09  5.5142000E-01
 7.3000000E+01  3.7197000E-03 -8.4238000E-01  9.9985000E-01  5.3862000E-01  3.0432000E-09  5.3857000E-01
 7.3500000E+01  3.7031000E-03 -8.5059000E-01  9.9985000E-01  5.2555000E-01  3.0728000E-09  5.2551000E-01
 7.4000000E+01  3.6871000E-03 -8.5865000E-01  9.9985000E-01  5.1227000E-01  3.1019000E-09  5.1223000E-01
 7.4500000E+01  3.6714000E-03 -8.6656000E-01  9.9985000E-01  4.9878000E-01  3.1305000E-09  4.9874000E-01
 7.5000000E+01  3.6563000E-03 -8.7431000E-01  9.9985000E-01  4.8507000E-01  3.1585000E-09  4.8503000E-01
 7.5500000E+01  3.6415000E-03 -8.8188000E-01  9.9985000E-01  4.7115000E-01  3.1859000E-09  4.7111000E-01
 7.6000000E+01  3.6273000E-03 -8.8929000E-01  9.9985000E-01  4.5702000E-01  3.2126000E-09  4.5699000E-01
 7.6500000E+01  3.6135000E-03 -8.9650000E-01  9.9985000E-01  4.4270000E-01  3.2387000E-09  4.4266000E-01
 7.7000000E+01  3.6001000E-03 -9.0353000E-01  9.9985000E-01  4.2817000E-01  3.2641000E-09  4.2813000E-01
 7.7500000E+01  3.5872000E-03 -9.1036000E-01  9.9985000E-01  4.1345000E-01  3.2888000E-09  4.1341000E-01
 7.8000000E+01  3.5748000E-03 -9.1699000E-01  9.9985000E-01  3.9853000E-01  3.3127000E-09  3.9850000E-01
 7.8500000E+01  3.5629000E-03 -9.2340000E-01  9.9985000E-01  3.8344000E-01  3.3359000E-09  3.8341000E-01
 7.9000000E+01  3.5515000E-03 -9.2960000E-01  9.9985000E-01  3.6816000E-01  3.3582000E-09  3.6813000E-01
 7.9500000E+01  3.5405000E-03 -9.3557000E-01  9.9985000E-01  3.5270000E-01  3.3798000E-09  3.5268000E-01
 8.0000000E+01  3.5300000E-03 -9.4131000E-01  9.9985000E-01  3.3708000E-01  3.4006000E-09  3.3705000E-01
 8.0500000E+01  3.5200000E-03 -9.4682000E-01  9.9985000E-01  3.2129000E-01  3.4204000E-09  3.2127000E-01
 8.1000000E+01  3.5105000E-03 -9.5208000E-01  9.9985000E-01  3.0535000E-01  3.4394000E-09  3.0533000E-01
 8.1500000E+01  3.5015000E-03 -9.5709000E-01  9.9984000E-01  2.8925000E-01  3.4576000E-09  2.8923000E-01
 8.2000000E+01  3.4930000E-03 -9.6185000E-01  9.9984000E-01  2.7302000E-01  3.4747000E-09  2.7299000E-01
 8.2500000E+01  3.4850000E-03 -9.6635000E-01  9.9984000E-01  2.5664000E-01  3.4910000E-09  2.5662000E-01
 8.3000000E+01  3.4776000E-03 -9.7058000E-01  9.9984000E-01  2.4014000E-01  3.5063000E-09  2.4012000E-01
 8.3500000E+01  3.4706000E-03 -9.7454000E-01  9.9984000E-01  2.2351000E-01  3.5206000E-09  2.2349000E-01
 8.4000000E+01  3.4641000E-03 -9.7823000E-01  9.9984000E-01  2.0677000E-01  3.5339000E-09  2.0675000E-01
 8.4500000E+01  3.4581000E-03 -9.8164000E-01  9.9984000E-01  1.8992000E-01  3.5462000E-09  1.8990000E-01
 8.5000000E+01  3.4527000E-03 -9.8477000E-01  9.9984000E-01  1.7297000E-01  3.5575000E-09  1.7296000E-01
 8.5500000E+01  3.4477000E-03 -9.8761000E-01  9.9984000E-01  1.5593000E-01  3.5678000E-09  1.5592000E-01
 8.6000000E+01  3.4433000E-03 -9.9016000E-01  9.9984000E-01  1.3882000E-01  3.5770000E-09  1.3881000E-01
 8.6500000E+01  3.4394000E-03 -9.9242000E-01  9.9984000E-01  1.2163000E-01  3.5852000E-09  1.2162000E-01
 8.7000000E+01  3.4360000E-03 -9.9438000E-01  9.9984000E-01  1.0437000E-01  3.5923000E-09  1.0436000E-01
 8.7500000E+01  3.4331000E-03 -9.9604000E-01  9.9984000E-01  8.7061000E-02  3.5983000E-09  8.7054000E-02
 8.8000000E+01  3.4308000E-03 -9.9741000E-01  9.9984000E-01  6.9704000E-02  3.6032000E-09  6.9699000E-02
 8.8500000E+01  3.4290000E-03 -9.9847000E-01  9.9984000E-01  5.2311000E-02  3.6070000E-09  5.2307000E-02
 8.9000000E+01  3.4277000E-03 -9.9923000E-01  9.9984000E-01  3.4890000E-02  3.6098000E-09  3.4887000E-02
 8.9500000E+01  3.4269000E-03 -9.9969000E-01  9.9984000E-01  1.7450000E-02  3.6114000E-09  1.7449000E-02
 9.0000000E+01  3.4266000E-03 -9.9984000E-01  9.9984000E-01  1.3002000E-06  3.6120000E-09  1.2968000E-06
 9.0500000E+01  3.4269000E-03 -9.9969000E-01  9.9984000E-01 -1.7448000E-02  3.6114000E-09 -1.7446000E-02
 9.1000000E+01  3.4276000E-03 -9.9923000E-01  9.9984000E-01 -3.4887000E-02  3.6098000E-09 -3.4885000E-02
 9.1500000E+01  3.4289000E-03 -9.9847000E-01  9.9984000E-01 -5.2308000E-02  3.6070000E-09 -5.2304000E-02
 9.2000000E+01  3.4308000E-03 -9.9741000E-01  9.9984000E-01 -6.9702000E-02  3.6032000E-09 -6.9696000E-02
 9.2500000E+01  3.4331000E-03 -9.9604000E-01  9.9984000E-01 -8.7058000E-02  3.5983000E-09 -8.7051000E-02
 9.3000000E+01  3.4360000E-03 -9.9438000E-01  9.9984000E-01 -1.0437000E-01  3.5922000E-09 -1.0436000E-01
 9.3500000E+01  3.4393000E-03 -9.9242000E-01  9.9984000E-01 -1.2162000E-01  3.5852000E-09 -1.2161000E-01
 9.4000000E+01  3.4432000E-03 -9.9016000E-01  9.9984000E-01 -1.3881000E-01  3.5770000E-09 -1.3880000E-01
 9.4500000E+01  3.4476000E-03 -9.8761000E-01  9.9984000E-01 -1.5593000E-01  3.5678000E-09 -1.5592000E-01
 9.5000000E+01  3.4526000E-03 -9.8477000E-01  9.9984000E-01 -1.7297000E-01  3.5575000E-09 -1.7296000E-01
 9.5500000E+01  3.4580000E-03 -9.8164000E-01  9.9984000E-01 -1.8992000E-01  3.5462000E-09 -1.8990000E-01
 9.6000000E+01  3.4640000E-03 -9.7823000E-01  9.9984000E-01 -2.0676000E-01  3.5339000E-09 -2.0675000E-01
 9.6500000E+01  3.4704000E-03 -9.7454000E-01  9.9984000E-01 -2.2351000E-01  3.5206000E-09 -2.2349000E-01
 9.7000000E+01  3.4774000E-03 -9.7058000E-01  9.9984000E-01 -2.4013000E-01  3.5063000E-09 -2.4011000E-01
 9.7500000E+01  3.4849000E-03 -9.6635000E-01  9.9984000E-01 -2.5664000E-01  3.4910000E-09 -2.5662000E-01
 9.8000000E+01  3.4929000E-03 -9.6185000E-01  9.9984000E-01 -2.7301000E-01  3.4747000E-09 -2.7299000E-01
 9.8500000E+01  3.5014000E-03 -9.5709000E-01  9.9984000E-01 -2.8925000E-01  3.4575000E-09 -2.8923000E-01
 9.9000000E+01  3.5103000E-03 -9.5208000E-01  9.9985000E-01 -3.0535000E-01  3.4394000E-09 -3.0532000E-01
 9.9500000E+01  3.5198000E-03 -9.4682000E-01  9.9985000E-01 -3.2129000E-01  3.4204000E-09 -3.2127000E-01
 1.0000000E+02  3.5298000E-03 -9.4131000E-01  9.9985000E-01 -3.3708000E-01  3.4005000E-09 -3.3705000E-01
 1.0050000E+02  3.5403000E-03 -9.3557000E-01  9.9985000E-01 -3.5270000E-01  3.3798000E-09 -3.5267000E-01
 1.0100000E+02  3.5512000E-03 -9.2960000E-01  9.9985000E-01 -3.6815000E-01  3.3582000E-09 -3.6813000E-01
 1.0150000E+02  3.5627000E-03 -9.2340000E-01  9.9985000E-01 -3.8343000E-01  3.3358000E-09 -3.8340000E-01
 1.0200000E+02  3.5746000E-03 -9.1699000E-01  9.9985000E-01 -3.9853000E-01  3.3126000E-09 -3.9850000E-01
 1.0250000E+02  3.5870000E-03 -9.1036000E-01  9.9985000E-01 -4.1344000E-01  3.2887000E-09 -4.1341000E-01
 1.0300000E+02  3.5998000E-03 -9.0353000E-01  9.9985000E-01 -4.2817000E-01  3.2640000E-09 -4.2813000E-01
 1.0350000E+02  3.6132000E-03 -8.9650000E-01  9.9985000E-01 -4.4269000E-01  3.2386000E-09 -4.4266000E-01
 1.0400000E+02  3.6270000E-03 -8.8929000E-01  9.9985000E-01 -4.5702000E-01  3.2126000E-09 -4.5699000E-01
 1.0450000E+02  3.6412000E-03 -8.8188000E-01  9.9985000E-01 -4.7115000E-01  3.1858000E-09 -4.7111000E-01
 1.0500000E+02  3.6559000E-03 -8.7431000E-01  9.9985000E-01 -4.8507000E-01  3.1585000E-09 -4.8503000E-01
 1.0550000E+02  3.6711000E-03 -8.6656000E-01  9.9985000E-01 -4.9878000E-01  3.1305000E-09 -4.9874000E-01
 1.0600000E+02  3.6867000E-03 -8.5865000E-01  9.9985000E-01 -5.1227000E-01  3.1019000E-09 -5.1223000E-01
 1.0650000E+02  3.7028000E-03 -8.5059000E-01  9.9985000E-01 -5.2555000E-01  3.0728000E-09 -5.2551000E-01
 1.0700000E+02  3.7193000E-03 -8.4238000E-01  9.9985000E-01 -5.3862000E-01  3.0431000E-09 -5.3857000E-01
 1.0750000E+02  3.7362000E-03 -8.3403000E-01  9.9985000E-01 -5.5146000E-01  3.0129000E-09 -5.5141000E-01
 1.0800000E+02  3.7536000E-03 -8.2555000E-01  9.9986000E-01 -5.6408000E-01  2.9823000E-09 -5.6403000E-01
 1.0850000E+02  3.7713000E-03 -8.1694000E-01  9.9986000E-01 -5.7648000E-01  2.9512000E-09 -5.7643000E-01
 1.0900000E+02  3.7895000E-03 -8.0821000E-01  9.9986000E-01 -5.8865000E-01  2.9197000E-09 -5.8860000E-01
 1.0950000E+02  3.8081000E-03 -7.9937000E-01  9.9986000E-01 -6.0060000E-01  2.8878000E-09 -6.0055000E-01
 1.1000000E+02  3.8271000E-03 -7.9043000E-01  9.9986000E-01 -6.1232000E-01  2.8555000E-09 -6.1227000E-01
 1.1050000E+02  3.8466000E-03 -7.8140000E-01  9.9986000E-01 -6.2381000E-01  2.8228000E-09 -6.2376000E-01
 1.1100000E+02  3.8664000E-03 -7.7227000E-01  9.9986000E-01 -6.3507000E-01  2.7898000E-09 -6.3502000E-01
 1.1150000E+02  3.8865000E-03 -7.6306000E-01  9.9986000E-01 -6.4611000E-01  2.7566000E-09 -6.4606000E-01
 1.1200000E+02  3.9071000E-03 -7.5377000E-01  9.9986000E-01 -6.5692000E-01  2.7230000E-09 -6.5687000E-01
 1.1250000E+02  3.9281000E-03 -7.4442000E-01  9.9986000E-01 -6.6751000E-01  2.6892000E-09 -6.6745000E-01
 1.1300000E+02  3.9494000E-03 -7.3500000E-01  9.9986000E-01 -6.7786000E-01  2.6552000E-09 -6.7781000E-01
 1.1350000E+02  3.9711000E-03 -7.2553000E-01  9.9986000E-01 -6.8800000E-01  2.6210000E-09 -6.8794000E-01
 1.1400000E+02  3.9931000E-03 -7.1600000E-01  9.9986000E-01 -6.9790000E-01  2.5866000E-09 -6.9785000E-01
 1.1450000E+02  4.0155000E-03 -7.0643000E-01  9.9986000E-01 -7.0759000E-01  2.5520000E-09 -7.0753000E-01
 1.1500000E+02  4.0382000E-03 -6.9683000E-01  9.9987000E-01 -7.1705000E-01  2.5173000E-09 -7.1700000E-01
 1.1550000E+02  4.0613000E-03 -6.8719000E-01  9.9987000E-01 -7.2630000E-01  2.4825000E-09 -7.2624000E-01
 1.1600000E+02  4.0847000E-03 -6.7752000E-01  9.9987000E-01 -7.3532000E-01  2.4476000E-09 -7.3526000E-01
 1.1650000E+02  4.1084000E-03 -6.6784000E-01  9.9987000E-01 -7.4413000E-01  2.4126000E-09 -7.4407000E-01
 1.1700000E+02  4.1324000E-03 -6.5814000E-01  9.9987000E-01 -7.5272000E-01  2.3775000E-09 -7.5266000E-01
 1.1750000E+02  4.1567000E-03 -6.4843000E-01  9.9987000E-01 -7.6110000E-01  2.3425000E-09 -7.6104000E-01
 1.1800000E+02  4.1814000E-03 -6.3872000E-01  9.9987000E-01 -7.6927000E-01  2.3074000E-09 -7.6921000E-01
 1.1850000E+02  4.2063000E-03 -6.2901000E-01  9.9987000E-01 -7.7723000E-01  2.2723000E-09 -7.7717000E-01
 1.1900000E+02  4.2315000E-03 -6.1930000E-01  9.9987000E-01 -7.8499000E-01  2.2372000E-09 -7.8493000E-01
 1.1950000E+02  4.2570000E-03 -6.0961000E-01  9.9987000E-01 -7.9254000E-01  2.2022000E-09 -7.9248000E-01
 1.2000000E+02  4.2827000E-03 -5.9992000E-01  9.9987000E-01 -7.9990000E-01  2.1672000E-09 -7.9983000E-01
 1.2050000E+02  4.3088000E-03 -5.9026000E-01  9.9987000E-01 -8.0705000E-01  2.1323000E-09 -8.0699000E-01
 1.2100000E+02  4.3350000E-03 -5.8063000E-01  9.9987000E-01 -8.1402000E-01  2.0975000E-09 -8.1395000E-01
 1.2150000E+02  4.3615000E-03 -5.7102000E-01  9.9988000E-01 -8.2079000E-01  2.0628000E-09 -8.2072000E-01
 1.2200000E+02  4.3883000E-03 -5.6144000E-01  9.9988000E-01 -8.2737000E-01  2.0282000E-09 -8.2730000E-01
 1.2250000E+02  4.4153000E-03 -5.5190000E-01  9.9988000E-01 -8.3377000E-01  1.9937000E-09 -8.3370000E-01
 1.2300000E+02  4.4425000E-03 -5.4239000E-01  9.9988000E-01 -8.3998000E-01  1.9594000E-09 -8.3991000E-01
 1.2350000E+02  4.4699000E-03 -5.3293000E-01  9.9988000E-01 -8.4601000E-01  1.9252000E-09 -8.4595000E-01
 1.2400000E+02  4.4975000E-03 -5.2352000E-01  9.9988000E-01 -8.5187000E-01  1.8912000E-09 -8.5181000E-01
 1.2450000E+02  4.5253000E-03 -5.1415000E-01  9.9988000E-01 -8.5756000E-01  1.8574000E-09 -8.5749000E-01
 1.2500000E+02  4.5533000E-03 -5.0484000E-01  9.9988000E-01 -8.6307000E-01  1.8237000E-09 -8.6300000E-01
 1.2550000E+02  4.5815000E-03 -4.9559000E-01  9.9988000E-01 -8.6842000E-01  1.7903000E-09 -8.6835000E-01
 1.2600000E+02  4.6098000E-03 -4.8639000E-01  9.9988000E-01 -8.7361000E-01  1.7571000E-09 -8.7354000E-01
 1.2650000E+02  4.6383000E-03 -4.7725000E-01  9.9988000E-01 -8.7863000E-01  1.7241000E-09 -8.7856000E-01
 1.2700000E+02  4.6670000E-03 -4.6818000E-01  9.9988000E-01 -8.8350000E-01  1.6913000E-09 -8.8343000E-01
 1.2750000E+02  4.6958000E-03 -4.5917000E-01  9.9988000E-01 -8.8822000E-01  1.6587000E-09 -8.8815000E-01
 1.2800000E+02  4.7247000E-03 -4.5023000E-01  9.9989000E-01 -8.9278000E-01  1.6265000E-09 -8.9271000E-01
 1.2850000E+02  4.7538000E-03 -4.4137000E-01  9.9989000E-01 -8.9720000E-01  1.5944000E-09 -8.9713000E-01
 1.2900000E+02  4.7829000E-03 -4.3257000E-01  9.9989000E-01 -9.0147000E-01  1.5627000E-09 -9.0140000E-01
 1.2950000E+02  4.8122000E-03 -4.2385000E-01  9.9989000E-01 -9.0561000E-01  1.5311000E-09 -9.0554000E-01
 1.3000000E+02  4.8416000E-03 -4.1521000E-01  9.9989000E-01 -9.0960000E-01  1.4999000E-09 -9.0953000E-01
 1.3050000E+02  4.8711000E-03 -4.0664000E-01  9.9989000E-01 -9.1347000E-01  1.4690000E-09 -9.1339000E-01
 1.3100000E+02  4.9007000E-03 -3.9815000E-01  9.9989000E-01 -9.1720000E-01  1.4383000E-09 -9.1713000E-01
 1.3150000E+02  4.9303000E-03 -3.8975000E-01  9.9989000E-01 -9.2080000E-01  1.4080000E-09 -9.2073000E-01
 1.3200000E+02  4.9600000E-03 -3.8143000E-01  9.9989000E-01 -9.2428000E-01  1.3779000E-09 -9.2421000E-01
 1.3250000E+02  4.9897000E-03 -3.7319000E-01  9.9989000E-01 -9.2764000E-01  1.3481000E-09 -9.2757000E-01
 1.3300000E+02  5.0195000E-03 -3.6504000E-01  9.9989000E-01 -9.3088000E-01  1.3187000E-09 -9.3080000E-01
 1.3350000E+02  5.0494000E-03 -3.5697000E-01  9.9989000E-01 -9.3400000E-01  1.2895000E-09 -9.3393000E-01
 1.3400000E+02  5.0792000E-03 -3.4899000E-01  9.9989000E-01 -9.3701000E-01  1.2607000E-09 -9.3694000E-01
 1.3450000E+02  5.1091000E-03 -3.4110000E-01  9.9989000E-01 -9.3991000E-01  1.2322000E-09 -9.3984000E-01
 1.3500000E+02  5.1390000E-03 -3.3330000E-01  9.9989000E-01 -9.4271000E-01  1.2040000E-09 -9.4263000E-01
 1.3550000E+02  5.1689000E-03 -3.2559000E-01  9.9990000E-01 -9.4540000E-01  1.1762000E-09 -9.4533000E-01
 1.3600000E+02  5.1988000E-03 -3.1797000E-01  9.9990000E-01 -9.4799000E-01  1.1486000E-09 -9.4792000E-01
 1.3650000E+02  5.2286000E-03 -3.1044000E-01  9.9990000E-01 -9.5048000E-01  1.1215000E-09 -9.5041000E-01
 1.3700000E+02  5.2585000E-03 -3.0300000E-01  9.9990000E-01 -9.5288000E-01  1.0946000E-09 -9.5281000E-01
 1.3750000E+02  5.2882000E-03 -2.9566000E-01  9.9990000E-01 -9.5519000E-01  1.0681000E-09 -9.5511000E-01
 1.3800000E+02  5.3180000E-03 -2.8841000E-01  9.9990000E-01 -9.5740000E-01  1.0419000E-09 -9.5732000E-01
 1.3850000E+02  5.3477000E-03 -2.8126000E-01  9.9990000E-01 -9.5953000E-01  1.0160000E-09 -9.5945000E-01
 1.3900000E+02  5.3773000E-03 -2.7419000E-01  9.9990000E-01 -9.6157000E-01  9.9051000E-10 -9.6149000E-01
 1.3950000E+02  5.4069000E-03 -2.6723000E-01  9.9990000E-01 -9.6353000E-01  9.6534000E-10 -9.6345000E-01
 1.4000000E+02  5.4364000E-03 -2.6035000E-01  9.9990000E-01 -9.6541000E-01  9.4052000E-10 -9.6533000E-01
 1.4050000E+02  5.4658000E-03 -2.5358000E-01  9.9990000E-01 -9.6721000E-01  9.1603000E-10 -9.6714000E-01
 1.4100000E+02  5.4950000E-03 -2.4689000E-01  9.9990000E-01 -9.6894000E-01  8.9189000E-10 -9.6886000E-01
 1.4150000E+02  5.5242000E-03 -2.4031000E-01  9.9990000E-01 -9.7060000E-01  8.6809000E-10 -9.7052000E-01
 1.4200000E+02  5.5533000E-03 -2.3381000E-01  9.9990000E-01 -9.7218000E-01  8.4464000E-10 -9.7210000E-01
 1.4250000E+02  5.5822000E-03 -2.2742000E-01  9.9990000E-01 -9.7370000E-01  8.2153000E-10 -9.7362000E-01
 1.4300000E+02  5.6110000E-03 -2.2112000E-01  9.9990000E-01 -9.7515000E-01  7.9877000E-10 -9.7507000E-01
 1.4350000E+02  5.6397000E-03 -2.1491000E-01  9.9990000E-01 -9.7654000E-01  7.7635000E-10 -9.7646000E-01
 1.4400000E+02  5.6682000E-03 -2.0880000E-01  9.9990000E-01 -9.7786000E-01  7.5427000E-10 -9.7778000E-01
 1.4450000E+02  5.6965000E-03 -2.0278000E-01  9.9990000E-01 -9.7913000E-01  7.3254000E-10 -9.7905000E-01
 1.4500000E+02  5.7247000E-03 -1.9686000E-01  9.9991000E-01 -9.8033000E-01  7.1116000E-10 -9.8026000E-01
 1.4550000E+02  5.7527000E-03 -1.9104000E-01  9.9991000E-01 -9.8149000E-01  6.9011000E-10 -9.8141000E-01
 1.4600000E+02  5.7805000E-03 -1.8531000E-01  9.9991000E-01 -9.8259000E-01  6.6941000E-10 -9.8251000E-01
 1.4650000E+02  5.8081000E-03 -1.7967000E-01  9.9991000E-01 -9.8363000E-01  6.4905000E-10 -9.8355000E-01
 1.4700000E+02  5.8355000E-03 -1.7413000E-01  9.9991000E-01 -9.8463000E-01  6.2903000E-10 -9.8455000E-01
 1.4750000E+02  5.8627000E-03 -1.6868000E-01  9.9991000E-01 -9.8558000E-01  6.0935000E-10 -9.8550000E-01
 1.4800000E+02  5.8897000E-03 -1.6333000E-01  9.9991000E-01 -9.8648000E-01  5.9001000E-10 -9.8640000E-01
 1.4850000E+02  5.9164000E-03 -1.5807000E-01  9.9991000E-01 -9.8734000E-01  5.7101000E-10 -9.8726000E-01
 1.4900000E+02  5.9430000E-03 -1.5290000E-01  9.9991000E-01 -9.8815000E-01  5.5234000E-10 -9.8807000E-01
 1.4950000E+02  5.9692000E-03 -1.4783000E-01  9.9991000E-01 -9.8892000E-01  5.3401000E-10 -9.8884000E-01
 1.5000000E+02  5.9952000E-03 -1.4284000E-01  9.9991000E-01 -9.8965000E-01  5.1602000E-10 -9.8958000E-01
 1.5050000E+02  6.0210000E-03 -1.3796000E-01  9.9991000E-01 -9.9035000E-01  4.9836000E-10 -9.9027000E-01
 1.5100000E+02  6.0465000E-03 -1.3316000E-01  9.9991000E-01 -9.9100000E-01  4.8103000E-10 -9.9093000E-01
 1.5150000E+02  6.0717000E-03 -1.2845000E-01  9.9991000E-01 -9.9163000E-01  4.6403000E-10 -9.9155000E-01
 1.5200000E+02  6.0966000E-03 -1.2384000E-01  9.9991000E-01 -9.9221000E-01  4.4736000E-10 -9.9213000E-01
 1.5250000E+02  6.1212000E-03 -1.1932000E-01  9.9991000E-01 -9.9277000E-01  4.3102000E-10 -9.9269000E-01
 1.5300000E+02  6.1456000E-03 -1.1488000E-01  9.9991000E-01 -9.9329000E-01  4.1501000E-10 -9.9321000E-01
 1.5350000E+02  6.1696000E-03 -1.1054000E-01  9.9991000E-01 -9.9378000E-01  3.9932000E-10 -9.9370000E-01
 1.5400000E+02  6.1933000E-03 -1.0629000E-01  9.9991000E-01 -9.9425000E-01  3.8396000E-10 -9.9417000E-01
 1.5450000E+02  6.2167000E-03 -1.0213000E-01  9.9991000E-01 -9.9468000E-01  3.6892000E-10 -9.9461000E-01
 1.5500000E+02  6.2398000E-03 -9.8052000E-02  9.9991000E-01 -9.9509000E-01  3.5421000E-10 -9.9502000E-01
 1.5550000E+02  6.2625000E-03 -9.4066000E-02  9.9991000E-01 -9.9548000E-01  3.3981000E-10 -9.9540000E-01
 1.5600000E+02  6.2849000E-03 -9.0169000E-02  9.9991000E-01 -9.9584000E-01  3.2573000E-10 -9.9576000E-01
 1.5650000E+02  6.3069000E-03 -8.6359000E-02  9.9991000E-01 -9.9618000E-01  3.1197000E-10 -9.9610000E-01
 1.5700000E+02  6.3286000E-03 -8.2637000E-02  9.9991000E-01 -9.9649000E-01  2.9852000E-10 -9.9641000E-01
 1.5750000E+02  6.3499000E-03 -7.9002000E-02  9.9991000E-01 -9.9679000E-01  2.8539000E-10 -9.9671000E-01
 1.5800000E+02  6.3709000E-03 -7.5453000E-02  9.9991000E-01 -9.9706000E-01  2.7257000E-10 -9.9699000E-01
 1.5850000E+02  6.3914000E-03 -7.1991000E-02  9.9992000E-01 -9.9732000E-01  2.6006000E-10 -9.9724000E-01
 1.5900000E+02  6.4116000E-03 -6.8614000E-02  9.9992000E-01 -9.9756000E-01  2.4787000E-10 -9.9748000E-01
 1.5950000E+02  6.4314000E-03 -6.5323000E-02  9.9992000E-01 -9.9778000E-01  2.3598000E-10 -9.9770000E-01
 1.6000000E+02  6.4508000E-03 -6.2117000E-02  9.9992000E-01 -9.9798000E-01  2.2439000E-10 -9.9791000E-01
 1.6050000E+02  6.4698000E-03 -5.8996000E-02  9.9992000E-01 -9.9817000E-01  2.1312000E-10 -9.9810000E-01
 1.6100000E+02  6.4884000E-03 -5.5959000E-02  9.9992000E-01 -9.9835000E-01  2.0215000E-10 -9.9827000E-01
 1.6150000E+02  6.5066000E-03 -5.3005000E-02  9.9992000E-01 -9.9851000E-01  1.9148000E-10 -9.9843000E-01
 1.6200000E+02  6.5244000E-03 -5.0136000E-02  9.9992000E-01 -9.9866000E-01  1.8111000E-10 -9.9858000E-01
 1.6250000E+02  6.5418000E-03 -4.7349000E-02  9.9992000E-01 -9.9880000E-01  1.7105000E-10 -9.9872000E-01
 1.6300000E+02  6.5587000E-03 -4.4645000E-02  9.9992000E-01 -9.9892000E-01  1.6128000E-10 -9.9884000E-01
 1.6350000E+02  6.5752000E-03 -4.2024000E-02  9.9992000E-01 -9.9903000E-01  1.5181000E-10 -9.9896000E-01
 1.6400000E+02  6.5913000E-03 -3.9485000E-02  9.9992000E-01 -9.9914000E-01  1.4264000E-10 -9.9906000E-01
 1.6450000E+02  6.6069000E-03 -3.7027000E-02  9.9992000E-01 -9.9923000E-01  1.3376000E-10 -9.9915000E-01
 1.6500000E+02  6.6220000E-03 -3.4652000E-02  9.9992000E-01 -9.9932000E-01  1.2518000E-10 -9.9924000E-01
 1.6550000E+02  6.6368000E-03 -3.2357000E-02  9.9992000E-01 -9.9939000E-01  1.1689000E-10 -9.9932000E-01
 1.6600000E+02  6.6510000E-03 -3.0143000E-02  9.9992000E-01 -9.9946000E-01  1.0889000E-10 -9.9938000E-01
 1.6650000E+02  6.6648000E-03 -2.8009000E-02  9.9992000E-01 -9.9953000E-01  1.0118000E-10 -9.9945000E-01
 1.6700000E+02  6.6782000E-03 -2.5956000E-02  9.9992000E-01 -9.9958000E-01  9.3765000E-11 -9.9950000E-01
 1.6750000E+02  6.6910000E-03 -2.3983000E-02  9.9992000E-01 -9.9963000E-01  8.6637000E-11 -9.9955000E-01
 1.6800000E+02  6.7034000E-03 -2.2089000E-02  9.9992000E-01 -9.9968000E-01  7.9796000E-11 -9.9960000E-01
 1.6850000E+02  6.7153000E-03 -2.0275000E-02  9.9992000E-01 -9.9971000E-01  7.3242000E-11 -9.9963000E-01
 1.6900000E+02  6.7268000E-03 -1.8540000E-02  9.9992000E-01 -9.9975000E-01  6.6975000E-11 -9.9967000E-01
 1.6950000E+02  6.7377000E-03 -1.6884000E-02  9.9992000E-01 -9.9978000E-01  6.0992000E-11 -9.9970000E-01
 1.7000000E+02  6.7482000E-03 -1.5306000E-02  9.9992000E-01 -9.9980000E-01  5.5293000E-11 -9.9972000E-01
 1.7050000E+02  6.7582000E-03 -1.3807000E-02  9.9992000E-01 -9.9982000E-01  4.9878000E-11 -9.9975000E-01
 1.7100000E+02  6.7677000E-03 -1.2386000E-02  9.9992000E-01 -9.9984000E-01  4.4745000E-11 -9.9976000E-01
 1.7150000E+02  6.7766000E-03 -1.1044000E-02  9.9992000E-01 -9.9986000E-01  3.9894000E-11 -9.9978000E-01
 1.7200000E+02  6.7851000E-03 -9.7785000E-03  9.9992000E-01 -9.9987000E-01  3.5324000E-11 -9.9979000E-01
 1.7250000E+02  6.7931000E-03 -8.5910000E-03  9.9992000E-01 -9.9988000E-01  3.1035000E-11 -9.9980000E-01
 1.7300000E+02  6.8006000E-03 -7.4810000E-03  9.9992000E-01 -9.9989000E-01  2.7025000E-11 -9.9981000E-01
 1.7350000E+02  6.8076000E-03 -6.4483000E-03  9.9992000E-01 -9.9990000E-01  2.3294000E-11 -9.9982000E-01
 1.7400000E+02  6.8140000E-03 -5.4927000E-03  9.9992000E-01 -9.9991000E-01  1.9842000E-11 -9.9983000E-01
 1.7450000E+02  6.8200000E-03 -4.6140000E-03  9.9992000E-01 -9.9991000E-01  1.6668000E-11 -9.9983000E-01
 1.7500000E+02  6.8255000E-03 -3.8122000E-03  9.9992000E-01 -9.9991000E-01  1.3771000E-11 -9.9983000E-01
 1.7550000E+02  6.8304000E-03 -3.0872000E-03  9.9992000E-01 -9.9992000E-01  1.1152000E-11 -9.9984000E-01
 1.7600000E+02  6.8348000E-03 -2.4387000E-03  9.9992000E-01 -9.9992000E-01  8.8097000E-12 -9.9984000E-01
 1.7650000E+02  6.8387000E-03 -1.8668000E-03  9.9992000E-01 -9.9992000E-01  6.7436000E-12 -9.9984000E-01
 1.7700000E+02  6.8421000E-03 -1.3713000E-03  9.9992000E-01 -9.9992000E-01  4.9537000E-12 -9.9984000E-01
 1.7750000E+02  6.8449000E-03 -9.5215000E-04  9.9992000E-01 -9.9992000E-01  3.4396000E-12 -9.9984000E-01
 1.7800000E+02  6.8473000E-03 -6.0931000E-04  9.9992000E-01 -9.9992000E-01  2.2011000E-12 -9.9984000E-01
 1.7850000E+02  6.8491000E-03 -3.4270000E-04  9.9992000E-01 -9.9992000E-01  1.2380000E-12 -9.9984000E-01
 1.7900000E+02  6.8504000E-03 -1.5230000E-04  9.9992000E-01 -9.9992000E-01  5.5018000E-13 -9.9984000E-01
 1.7950000E+02  6.8512000E-03 -3.8074000E-05  9.9992000E-01 -9.9992000E-01  1.3754000E-13 -9.9984000E-01
 1.8000000E+02  6.8515000E-03 -3.7745000E-15  9.9992000E-01 -9.9992000E-01  1.3635000E-23 -9.9984000E-01
