length scale factor
3.2243140E-02
volume cluster radius, area mean sphere radius, circumscribing radius, cross section radius
6.4933128E-01 3.2210897E-02 3.8197447E+00 6.4933128E-01
total extinction, absorption, scattering efficiencies (unpolarized incidence)
8.5017000E-02 2.6031000E-02 5.8985000E-02
theta     11          12          22          33          34          44
 0.0000000E+00  5.0834000E-01  0.0000000E+00  9.9989000E-01  9.9989000E-01  0.0000000E+00  9.9978000E-01
 5.0000000E-01  5.0826000E-01 -3.7887000E-05  9.9989000E-01  9.9989000E-01  1.2999000E-07  9.9978000E-01
 1.0000000E+00  5.0804000E-01 -1.5155000E-04  9.9989000E-01  9.9989000E-01  5.2001000E-07  9.9978000E-01
 1.5000000E+00  5.0766000E-01 -3.4102000E-04  9.9989000E-01  9.9989000E-01  1.1703000E-06  9.9978000E-01
 2.0000000E+00  5.0714000E-01 -6.0631000E-04  9.9989000E-01  9.9989000E-01  2.0812000E-06  9.9978000E-01
 2.5000000E+00  5.0646000E-01 -9.4747000E-04  9.9989000E-01  9.9989000E-01  3.2532000E-06  9.9978000E-01
 3.0000000E+00  5.0564000E-01 -1.3646000E-03  9.9989000E-01  9.9989000E-01  4.6870000E-06  9.9978000E-01
 3.5000000E+00  5.0468000E-01 -1.8576000E-03  9.9989000E-01  9.9989000E-01  6.3834000E-06  9.9978000E-01
 4.0000000E+00  5.0356000E-01 -2.4267000E-03  9.9989000E-01  9.9989000E-01  8.3433000E-06  9.9978000E-01
 4.5000000E+00  5.0230000E-01 -3.0720000E-03  9.9989000E-01  9.9989000E-01  1.0568000E-05  9.9978000E-01
 5.0000000E+00  5.0090000E-01 -3.7935000E-03  9.9989000E-01  9.9988000E-01  1.3058000E-05  9.9977000E-01
 5.5000000E+00  4.9935000E-01 -4.5914000E-03  9.9989000E-01  9.9988000E-01  1.5815000E-05  9.9977000E-01
 6.0000000E+00  4.9766000E-01 -5.4657000E-03  9.9989000E-01  9.9987000E-01  1.8842000E-05  9.9976000E-01
 6.5000000E+00  4.9584000E-01 -6.4167000E-03  9.9989000E-01  9.9987000E-01  2.2138000E-05  9.9976000E-01
 7.0000000E+00  4.9387000E-01 -7.4444000E-03  9.9989000E-01  9.9986000E-01  2.5707000E-05  9.9975000E-01
 7.5000000E+00  4.9177000E-01 -8.5490000E-03  9.9989000E-01  9.9985000E-01  2.9549000E-05  9.9974000E-01
 8.0000000E+00  4.8953000E-01 -9.7307000E-03  9.9989000E-01  9.9984000E-01  3.3669000E-05  9.9973000E-01
 8.5000000E+00  4.8717000E-01 -1.0990000E-02  9.9989000E-01  9.9983000E-01  3.8066000E-05  9.9971000E-01
 9.0000000E+00  4.8467000E-01 -1.2326000E-02  9.9989000E-01  9.9981000E-01  4.2745000E-05  9.9970000E-01
 9.5000000E+00  4.8205000E-01 -1.3740000E-02  9.9989000E-01  9.9979000E-01  4.7706000E-05  9.9968000E-01
 1.0000000E+01  4.7930000E-01 -1.5232000E-02  9.9989000E-01  9.9977000E-01  5.2954000E-05  9.9966000E-01
 1.0500000E+01  4.7643000E-01 -1.6802000E-02  9.9988000E-01  9.9974000E-01  5.8491000E-05  9.9963000E-01
 1.1000000E+01  4.7344000E-01 -1.8450000E-02  9.9988000E-01  9.9971000E-01  6.4320000E-05  9.9960000E-01
 1.1500000E+01  4.7033000E-01 -2.0177000E-02  9.9988000E-01  9.9968000E-01  7.0445000E-05  9.9956000E-01
 1.2000000E+01  4.6711000E-01 -2.1982000E-02  9.9988000E-01  9.9964000E-01  7.6867000E-05  9.9953000E-01
 1.2500000E+01  4.6378000E-01 -2.3867000E-02  9.9988000E-01  9.9960000E-01  8.3592000E-05  9.9948000E-01
 1.3000000E+01  4.6034000E-01 -2.5831000E-02  9.9988000E-01  9.9955000E-01  9.0622000E-05  9.9943000E-01
 1.3500000E+01  4.5679000E-01 -2.7874000E-02  9.9988000E-01  9.9949000E-01  9.7961000E-05  9.9937000E-01
 1.4000000E+01  4.5315000E-01 -2.9997000E-02  9.9988000E-01  9.9943000E-01  1.0561000E-04  9.9931000E-01
 1.4500000E+01  4.4940000E-01 -3.2201000E-02  9.9988000E-01  9.9936000E-01  1.1358000E-04  9.9924000E-01
 1.5000000E+01  4.4556000E-01 -3.4485000E-02  9.9988000E-01  9.9928000E-01  1.2187000E-04  9.9916000E-01
 1.5500000E+01  4.4163000E-01 -3.6850000E-02  9.9988000E-01  9.9920000E-01  1.3049000E-04  9.9908000E-01
 1.6000000E+01  4.3761000E-01 -3.9295000E-02  9.9988000E-01  9.9910000E-01  1.3944000E-04  9.9898000E-01
 1.6500000E+01  4.3351000E-01 -4.1823000E-02  9.9988000E-01  9.9900000E-01  1.4872000E-04  9.9888000E-01
 1.7000000E+01  4.2932000E-01 -4.4432000E-02  9.9987000E-01  9.9889000E-01  1.5834000E-04  9.9876000E-01
 1.7500000E+01  4.2506000E-01 -4.7123000E-02  9.9987000E-01  9.9876000E-01  1.6831000E-04  9.9864000E-01
 1.8000000E+01  4.2072000E-01 -4.9897000E-02  9.9987000E-01  9.9863000E-01  1.7863000E-04  9.9850000E-01
 1.8500000E+01  4.1632000E-01 -5.2753000E-02  9.9987000E-01  9.9848000E-01  1.8930000E-04  9.9835000E-01
 1.9000000E+01  4.1184000E-01 -5.5693000E-02  9.9987000E-01  9.9832000E-01  2.0033000E-04  9.9819000E-01
 1.9500000E+01  4.0730000E-01 -5.8716000E-02  9.9987000E-01  9.9814000E-01  2.1173000E-04  9.9802000E-01
 2.0000000E+01  4.0271000E-01 -6.1824000E-02  9.9987000E-01  9.9795000E-01  2.2350000E-04  9.9783000E-01
 2.0500000E+01  3.9805000E-01 -6.5015000E-02  9.9987000E-01  9.9775000E-01  2.3566000E-04  9.9762000E-01
 2.1000000E+01  3.9335000E-01 -6.8292000E-02  9.9986000E-01  9.9753000E-01  2.4819000E-04  9.9740000E-01
 2.1500000E+01  3.8859000E-01 -7.1653000E-02  9.9986000E-01  9.9729000E-01  2.6111000E-04  9.9716000E-01
 2.2000000E+01  3.8379000E-01 -7.5100000E-02  9.9986000E-01  9.9704000E-01  2.7444000E-04  9.9691000E-01
 2.2500000E+01  3.7895000E-01 -7.8633000E-02  9.9986000E-01  9.9676000E-01  2.8816000E-04  9.9663000E-01
 2.3000000E+01  3.7408000E-01 -8.2252000E-02  9.9986000E-01  9.9647000E-01  3.0230000E-04  9.9634000E-01
 2.3500000E+01  3.6917000E-01 -8.5958000E-02  9.9986000E-01  9.9616000E-01  3.1685000E-04  9.9602000E-01
 2.4000000E+01  3.6422000E-01 -8.9751000E-02  9.9986000E-01  9.9582000E-01  3.3182000E-04  9.9568000E-01
 2.4500000E+01  3.5925000E-01 -9.3631000E-02  9.9985000E-01  9.9546000E-01  3.4723000E-04  9.9532000E-01
 2.5000000E+01  3.5426000E-01 -9.7600000E-02  9.9985000E-01  9.9508000E-01  3.6307000E-04  9.9494000E-01
 2.5500000E+01  3.4925000E-01 -1.0166000E-01  9.9985000E-01  9.9467000E-01  3.7936000E-04  9.9453000E-01
 2.6000000E+01  3.4422000E-01 -1.0580000E-01  9.9985000E-01  9.9423000E-01  3.9611000E-04  9.9409000E-01
 2.6500000E+01  3.3918000E-01 -1.1004000E-01  9.9985000E-01  9.9377000E-01  4.1331000E-04  9.9363000E-01
 2.7000000E+01  3.3413000E-01 -1.1436000E-01  9.9984000E-01  9.9328000E-01  4.3098000E-04  9.9314000E-01
 2.7500000E+01  3.2907000E-01 -1.1877000E-01  9.9984000E-01  9.9276000E-01  4.4913000E-04  9.9262000E-01
 2.8000000E+01  3.2401000E-01 -1.2328000E-01  9.9984000E-01  9.9221000E-01  4.6777000E-04  9.9206000E-01
 2.8500000E+01  3.1895000E-01 -1.2787000E-01  9.9984000E-01  9.9163000E-01  4.8689000E-04  9.9148000E-01
 2.9000000E+01  3.1389000E-01 -1.3256000E-01  9.9984000E-01  9.9101000E-01  5.0652000E-04  9.9086000E-01
 2.9500000E+01  3.0884000E-01 -1.3734000E-01  9.9983000E-01  9.9036000E-01  5.2666000E-04  9.9020000E-01
 3.0000000E+01  3.0380000E-01 -1.4221000E-01  9.9983000E-01  9.8967000E-01  5.4731000E-04  9.8951000E-01
 3.0500000E+01  2.9877000E-01 -1.4717000E-01  9.9983000E-01  9.8894000E-01  5.6849000E-04  9.8878000E-01
 3.1000000E+01  2.9376000E-01 -1.5222000E-01  9.9983000E-01  9.8817000E-01  5.9020000E-04  9.8801000E-01
 3.1500000E+01  2.8876000E-01 -1.5737000E-01  9.9982000E-01  9.8736000E-01  6.1246000E-04  9.8720000E-01
 3.2000000E+01  2.8378000E-01 -1.6261000E-01  9.9982000E-01  9.8651000E-01  6.3527000E-04  9.8635000E-01
 3.2500000E+01  2.7883000E-01 -1.6794000E-01  9.9982000E-01  9.8561000E-01  6.5865000E-04  9.8545000E-01
 3.3000000E+01  2.7390000E-01 -1.7337000E-01  9.9982000E-01  9.8467000E-01  6.8259000E-04  9.8450000E-01
 3.3500000E+01  2.6900000E-01 -1.7889000E-01  9.9981000E-01  9.8368000E-01  7.0711000E-04  9.8351000E-01
 3.4000000E+01  2.6413000E-01 -1.8450000E-01  9.9981000E-01  9.8264000E-01  7.3222000E-04  9.8247000E-01
 3.4500000E+01  2.5930000E-01 -1.9021000E-01  9.9981000E-01  9.8155000E-01  7.5792000E-04  9.8138000E-01
 3.5000000E+01  2.5450000E-01 -1.9602000E-01  9.9981000E-01  9.8040000E-01  7.8423000E-04  9.8023000E-01
 3.5500000E+01  2.4973000E-01 -2.0192000E-01  9.9980000E-01  9.7920000E-01  8.1116000E-04  9.7902000E-01
 3.6000000E+01  2.4500000E-01 -2.0791000E-01  9.9980000E-01  9.7794000E-01  8.3871000E-04  9.7776000E-01
 3.6500000E+01  2.4032000E-01 -2.1400000E-01  9.9980000E-01  9.7662000E-01  8.6689000E-04  9.7644000E-01
 3.7000000E+01  2.3568000E-01 -2.2019000E-01  9.9979000E-01  9.7524000E-01  8.9571000E-04  9.7506000E-01
 3.7500000E+01  2.3108000E-01 -2.2646000E-01  9.9979000E-01  9.7380000E-01  9.2519000E-04  9.7362000E-01
 3.8000000E+01  2.2653000E-01 -2.3284000E-01  9.9979000E-01  9.7229000E-01  9.5532000E-04  9.7211000E-01
 3.8500000E+01  2.2202000E-01 -2.3931000E-01  9.9978000E-01  9.7072000E-01  9.8612000E-04  9.7053000E-01
 3.9000000E+01  2.1757000E-01 -2.4588000E-01  9.9978000E-01  9.6907000E-01  1.0176000E-03  9.6888000E-01
 3.9500000E+01  2.1316000E-01 -2.5254000E-01  9.9978000E-01  9.6735000E-01  1.0497000E-03  9.6716000E-01
 4.0000000E+01  2.0881000E-01 -2.5929000E-01  9.9977000E-01  9.6556000E-01  1.0826000E-03  9.6536000E-01
 4.0500000E+01  2.0451000E-01 -2.6614000E-01  9.9977000E-01  9.6369000E-01  1.1161000E-03  9.6349000E-01
 4.1000000E+01  2.0027000E-01 -2.7309000E-01  9.9976000E-01  9.6174000E-01  1.1504000E-03  9.6154000E-01
 4.1500000E+01  1.9608000E-01 -2.8013000E-01  9.9976000E-01  9.5971000E-01  1.1854000E-03  9.5950000E-01
 4.2000000E+01  1.9195000E-01 -2.8726000E-01  9.9976000E-01  9.5759000E-01  1.2211000E-03  9.5739000E-01
 4.2500000E+01  1.8787000E-01 -2.9449000E-01  9.9975000E-01  9.5539000E-01  1.2575000E-03  9.5518000E-01
 4.3000000E+01  1.8385000E-01 -3.0181000E-01  9.9975000E-01  9.5310000E-01  1.2946000E-03  9.5288000E-01
 4.3500000E+01  1.7989000E-01 -3.0923000E-01  9.9974000E-01  9.5071000E-01  1.3325000E-03  9.5050000E-01
 4.4000000E+01  1.7599000E-01 -3.1674000E-01  9.9974000E-01  9.4823000E-01  1.3712000E-03  9.4801000E-01
 4.4500000E+01  1.7215000E-01 -3.2434000E-01  9.9973000E-01  9.4566000E-01  1.4106000E-03  9.4543000E-01
 4.5000000E+01  1.6838000E-01 -3.3203000E-01  9.9973000E-01  9.4298000E-01  1.4507000E-03  9.4275000E-01
 4.5500000E+01  1.6466000E-01 -3.3981000E-01  9.9972000E-01  9.4020000E-01  1.4916000E-03  9.3997000E-01
 4.6000000E+01  1.6100000E-01 -3.4768000E-01  9.9972000E-01  9.3731000E-01  1.5333000E-03  9.3708000E-01
 4.6500000E+01  1.5741000E-01 -3.5564000E-01  9.9971000E-01  9.3431000E-01  1.5757000E-03  9.3408000E-01
 4.7000000E+01  1.5388000E-01 -3.6368000E-01  9.9971000E-01  9.3120000E-01  1.6189000E-03  9.3097000E-01
 4.7500000E+01  1.5041000E-01 -3.7182000E-01  9.9970000E-01  9.2798000E-01  1.6629000E-03  9.2774000E-01
 4.8000000E+01  1.4700000E-01 -3.8003000E-01  9.9970000E-01  9.2464000E-01  1.7077000E-03  9.2440000E-01
 4.8500000E+01  1.4365000E-01 -3.8834000E-01  9.9969000E-01  9.2118000E-01  1.7532000E-03  9.2093000E-01
 4.9000000E+01  1.4037000E-01 -3.9672000E-01  9.9969000E-01  9.1759000E-01  1.7995000E-03  9.1734000E-01
 4.9500000E+01  1.3715000E-01 -4.0519000E-01  9.9968000E-01  9.1387000E-01  1.8466000E-03  9.1362000E-01
 5.0000000E+01  1.3399000E-01 -4.1374000E-01  9.9968000E-01  9.1003000E-01  1.8944000E-03  9.0977000E-01
 5.0500000E+01  1.3089000E-01 -4.2237000E-01  9.9967000E-01  9.0605000E-01  1.9430000E-03  9.0579000E-01
 5.1000000E+01  1.2786000E-01 -4.3107000E-01  9.9966000E-01  9.0193000E-01  1.9924000E-03  9.0167000E-01
 5.1500000E+01  1.2489000E-01 -4.3985000E-01  9.9966000E-01  8.9768000E-01  2.0425000E-03  8.9741000E-01
 5.2000000E+01  1.2197000E-01 -4.4870000E-01  9.9965000E-01  8.9328000E-01  2.0934000E-03  8.9301000E-01
 5.2500000E+01  1.1912000E-01 -4.5762000E-01  9.9964000E-01  8.8873000E-01  2.1450000E-03  8.8846000E-01
 5.3000000E+01  1.1633000E-01 -4.6662000E-01  9.9964000E-01  8.8404000E-01  2.1973000E-03  8.8376000E-01
 5.3500000E+01  1.1360000E-01 -4.7567000E-01  9.9963000E-01  8.7919000E-01  2.2504000E-03  8.7891000E-01
 5.4000000E+01  1.1093000E-01 -4.8480000E-01  9.9962000E-01  8.7418000E-01  2.3042000E-03  8.7390000E-01
 5.4500000E+01  1.0831000E-01 -4.9398000E-01  9.9962000E-01  8.6902000E-01  2.3587000E-03  8.6873000E-01
 5.5000000E+01  1.0576000E-01 -5.0322000E-01  9.9961000E-01  8.6369000E-01  2.4139000E-03  8.6340000E-01
 5.5500000E+01  1.0326000E-01 -5.1252000E-01  9.9960000E-01  8.5819000E-01  2.4697000E-03  8.5790000E-01
 5.6000000E+01  1.0082000E-01 -5.2187000E-01  9.9959000E-01  8.5253000E-01  2.5262000E-03  8.5223000E-01
 5.6500000E+01  9.8440000E-02 -5.3128000E-01  9.9959000E-01  8.4669000E-01  2.5834000E-03  8.4639000E-01
 5.7000000E+01  9.6113000E-02 -5.4073000E-01  9.9958000E-01  8.4068000E-01  2.6411000E-03  8.4037000E-01
 5.7500000E+01  9.3840000E-02 -5.5022000E-01  9.9957000E-01  8.3449000E-01  2.6995000E-03  8.3418000E-01
 5.8000000E+01  9.1623000E-02 -5.5975000E-01  9.9956000E-01  8.2811000E-01  2.7585000E-03  8.2780000E-01
 5.8500000E+01  8.9458000E-02 -5.6932000E-01  9.9955000E-01  8.2155000E-01  2.8180000E-03  8.2123000E-01
 5.9000000E+01  8.7347000E-02 -5.7892000E-01  9.9954000E-01  8.1481000E-01  2.8780000E-03  8.1448000E-01
 5.9500000E+01  8.5288000E-02 -5.8855000E-01  9.9954000E-01  8.0787000E-01  2.9385000E-03  8.0754000E-01
 6.0000000E+01  8.3280000E-02 -5.9820000E-01  9.9953000E-01  8.0073000E-01  2.9995000E-03  8.0040000E-01
 6.0500000E+01  8.1323000E-02 -6.0788000E-01  9.9952000E-01  7.9340000E-01  3.0610000E-03  7.9307000E-01
 6.1000000E+01  7.9415000E-02 -6.1757000E-01  9.9951000E-01  7.8587000E-01  3.1229000E-03  7.8553000E-01
 6.1500000E+01  7.7557000E-02 -6.2727000E-01  9.9950000E-01  7.7814000E-01  3.1851000E-03  7.7779000E-01
 6.2000000E+01  7.5746000E-02 -6.3697000E-01  9.9949000E-01  7.7020000E-01  3.2477000E-03  7.6985000E-01
 6.2500000E+01  7.3983000E-02 -6.4668000E-01  9.9948000E-01  7.6205000E-01  3.3105000E-03  7.6170000E-01
 6.3000000E+01  7.2266000E-02 -6.5639000E-01  9.9947000E-01  7.5370000E-01  3.3737000E-03  7.5334000E-01
 6.3500000E+01  7.0595000E-02 -6.6608000E-01  9.9946000E-01  7.4513000E-01  3.4370000E-03  7.4477000E-01
 6.4000000E+01  6.8968000E-02 -6.7576000E-01  9.9945000E-01  7.3634000E-01  3.5006000E-03  7.3598000E-01
 6.4500000E+01  6.7385000E-02 -6.8543000E-01  9.9944000E-01  7.2734000E-01  3.5642000E-03  7.2698000E-01
 6.5000000E+01  6.5845000E-02 -6.9506000E-01  9.9943000E-01  7.1813000E-01  3.6280000E-03  7.1776000E-01
 6.5500000E+01  6.4348000E-02 -7.0467000E-01  9.9942000E-01  7.0869000E-01  3.6918000E-03  7.0831000E-01
 6.6000000E+01  6.2891000E-02 -7.1423000E-01  9.9941000E-01  6.9903000E-01  3.7556000E-03  6.9865000E-01
 6.6500000E+01  6.1475000E-02 -7.2376000E-01  9.9940000E-01  6.8915000E-01  3.8193000E-03  6.8876000E-01
 6.7000000E+01  6.0098000E-02 -7.3323000E-01  9.9939000E-01  6.7904000E-01  3.8829000E-03  6.7865000E-01
 6.7500000E+01  5.8760000E-02 -7.4265000E-01  9.9938000E-01  6.6871000E-01  3.9464000E-03  6.6832000E-01
 6.8000000E+01  5.7460000E-02 -7.5201000E-01  9.9937000E-01  6.5815000E-01  4.0096000E-03  6.5776000E-01
 6.8500000E+01  5.6197000E-02 -7.6130000E-01  9.9936000E-01  6.4737000E-01  4.0726000E-03  6.4697000E-01
 6.9000000E+01  5.4970000E-02 -7.7051000E-01  9.9935000E-01  6.3635000E-01  4.1352000E-03  6.3596000E-01
 6.9500000E+01  5.3779000E-02 -7.7964000E-01  9.9934000E-01  6.2512000E-01  4.1974000E-03  6.2472000E-01
 7.0000000E+01  5.2622000E-02 -7.8868000E-01  9.9932000E-01  6.1365000E-01  4.2592000E-03  6.1325000E-01
 7.0500000E+01  5.1499000E-02 -7.9763000E-01  9.9931000E-01  6.0196000E-01  4.3205000E-03  6.0155000E-01
 7.1000000E+01  5.0408000E-02 -8.0647000E-01  9.9930000E-01  5.9004000E-01  4.3812000E-03  5.8963000E-01
 7.1500000E+01  4.9350000E-02 -8.1520000E-01  9.9929000E-01  5.7789000E-01  4.4412000E-03  5.7748000E-01
 7.2000000E+01  4.8323000E-02 -8.2381000E-01  9.9928000E-01  5.6553000E-01  4.5006000E-03  5.6511000E-01
 7.2500000E+01  4.7327000E-02 -8.3230000E-01  9.9927000E-01  5.5293000E-01  4.5592000E-03  5.5252000E-01
 7.3000000E+01  4.6361000E-02 -8.4066000E-01  9.9926000E-01  5.4012000E-01  4.6170000E-03  5.3970000E-01
 7.3500000E+01  4.5423000E-02 -8.4887000E-01  9.9924000E-01  5.2709000E-01  4.6738000E-03  5.2667000E-01
 7.4000000E+01  4.4515000E-02 -8.5694000E-01  9.9923000E-01  5.1384000E-01  4.7298000E-03  5.1342000E-01
 7.4500000E+01  4.3633000E-02 -8.6486000E-01  9.9922000E-01  5.0037000E-01  4.7847000E-03  4.9995000E-01
 7.5000000E+01  4.2779000E-02 -8.7262000E-01  9.9921000E-01  4.8669000E-01  4.8385000E-03  4.8627000E-01
 7.5500000E+01  4.1951000E-02 -8.8020000E-01  9.9920000E-01  4.7281000E-01  4.8912000E-03  4.7238000E-01
 7.6000000E+01  4.1148000E-02 -8.8762000E-01  9.9918000E-01  4.5871000E-01  4.9427000E-03  4.5829000E-01
 7.6500000E+01  4.0371000E-02 -8.9484000E-01  9.9917000E-01  4.4442000E-01  4.9930000E-03  4.4399000E-01
 7.7000000E+01  3.9617000E-02 -9.0188000E-01  9.9916000E-01  4.2992000E-01  5.0419000E-03  4.2950000E-01
 7.7500000E+01  3.8887000E-02 -9.0872000E-01  9.9915000E-01  4.1524000E-01  5.0894000E-03  4.1481000E-01
 7.8000000E+01  3.8180000E-02 -9.1536000E-01  9.9914000E-01  4.0036000E-01  5.1355000E-03  3.9993000E-01
 7.8500000E+01  3.7496000E-02 -9.2179000E-01  9.9912000E-01  3.8529000E-01  5.1801000E-03  3.8487000E-01
 7.9000000E+01  3.6833000E-02 -9.2800000E-01  9.9911000E-01  3.7005000E-01  5.2231000E-03  3.6962000E-01
 7.9500000E+01  3.6191000E-02 -9.3399000E-01  9.9910000E-01  3.5463000E-01  5.2645000E-03  3.5421000E-01
 8.0000000E+01  3.5570000E-02 -9.3974000E-01  9.9909000E-01  3.3905000E-01  5.3043000E-03  3.3862000E-01
 8.0500000E+01  3.4968000E-02 -9.4526000E-01  9.9908000E-01  3.2330000E-01  5.3424000E-03  3.2287000E-01
 8.1000000E+01  3.4387000E-02 -9.5054000E-01  9.9907000E-01  3.0739000E-01  5.3787000E-03  3.0697000E-01
 8.1500000E+01  3.3824000E-02 -9.5557000E-01  9.9905000E-01  2.9134000E-01  5.4132000E-03  2.9091000E-01
 8.2000000E+01  3.3279000E-02 -9.6035000E-01  9.9904000E-01  2.7514000E-01  5.4458000E-03  2.7472000E-01
 8.2500000E+01  3.2752000E-02 -9.6487000E-01  9.9903000E-01  2.5880000E-01  5.4766000E-03  2.5838000E-01
 8.3000000E+01  3.2243000E-02 -9.6912000E-01  9.9902000E-01  2.4233000E-01  5.5054000E-03  2.4192000E-01
 8.3500000E+01  3.1750000E-02 -9.7310000E-01  9.9901000E-01  2.2575000E-01  5.5323000E-03  2.2534000E-01
 8.4000000E+01  3.1274000E-02 -9.7682000E-01  9.9900000E-01  2.0905000E-01  5.5572000E-03  2.0864000E-01
 8.4500000E+01  3.0814000E-02 -9.8025000E-01  9.9899000E-01  1.9224000E-01  5.5801000E-03  1.9184000E-01
 8.5000000E+01  3.0369000E-02 -9.8340000E-01  9.9897000E-01  1.7534000E-01  5.6009000E-03  1.7493000E-01
 8.5500000E+01  2.9939000E-02 -9.8627000E-01  9.9896000E-01  1.5834000E-01  5.6196000E-03  1.5794000E-01
 8.6000000E+01  2.9524000E-02 -9.8885000E-01  9.9895000E-01  1.4127000E-01  5.6363000E-03  1.4087000E-01
 8.6500000E+01  2.9122000E-02 -9.9113000E-01  9.9894000E-01  1.2412000E-01  5.6508000E-03  1.2373000E-01
 8.7000000E+01  2.8735000E-02 -9.9313000E-01  9.9893000E-01  1.0690000E-01  5.6632000E-03  1.0652000E-01
 8.7500000E+01  2.8361000E-02 -9.9482000E-01  9.9892000E-01  8.9637000E-02  5.6735000E-03  8.9258000E-02
 8.8000000E+01  2.8000000E-02 -9.9622000E-01  9.9891000E-01  7.2323000E-02  5.6816000E-03  7.1950000E-02
 8.8500000E+01  2.7651000E-02 -9.9732000E-01  9.9890000E-01  5.4972000E-02  5.6876000E-03  5.4604000E-02
 8.9000000E+01  2.7315000E-02 -9.9811000E-01  9.9889000E-01  3.7593000E-02  5.6915000E-03  3.7232000E-02
 8.9500000E+01  2.6991000E-02 -9.9860000E-01  9.9888000E-01  2.0196000E-02  5.6931000E-03  1.9840000E-02
 9.0000000E+01  2.6678000E-02 -9.9879000E-01  9.9887000E-01  2.7885000E-03  5.6927000E-03  2.4397000E-03
 9.0500000E+01  2.6376000E-02 -9.9868000E-01  9.9887000E-01 -1.4619000E-02  5.6901000E-03 -1.4961000E-02
 9.1000000E+01  2.6085000E-02 -9.9827000E-01  9.9886000E-01 -3.2018000E-02  5.6853000E-03 -3.2353000E-02
 9.1500000E+01  2.5805000E-02 -9.9755000E-01  9.9885000E-01 -4.9399000E-02  5.6785000E-03 -4.9726000E-02
 9.2000000E+01  2.5535000E-02 -9.9653000E-01  9.9884000E-01 -6.6753000E-02  5.6695000E-03 -6.7072000E-02
 9.2500000E+01  2.5274000E-02 -9.9521000E-01  9.9883000E-01 -8.4070000E-02  5.6585000E-03 -8.4382000E-02
 9.3000000E+01  2.5024000E-02 -9.9359000E-01  9.9882000E-01 -1.0134000E-01  5.6454000E-03 -1.0165000E-01
 9.3500000E+01  2.4783000E-02 -9.9167000E-01  9.9881000E-01 -1.1856000E-01  5.6303000E-03 -1.1886000E-01
 9.4000000E+01  2.4551000E-02 -9.8946000E-01  9.9881000E-01 -1.3572000E-01  5.6132000E-03 -1.3600000E-01
 9.4500000E+01  2.4327000E-02 -9.8696000E-01  9.9880000E-01 -1.5280000E-01  5.5941000E-03 -1.5308000E-01
 9.5000000E+01  2.4113000E-02 -9.8417000E-01  9.9879000E-01 -1.6980000E-01  5.5730000E-03 -1.7007000E-01
 9.5500000E+01  2.3906000E-02 -9.8109000E-01  9.9879000E-01 -1.8672000E-01  5.5501000E-03 -1.8697000E-01
 9.6000000E+01  2.3708000E-02 -9.7773000E-01  9.9878000E-01 -2.0353000E-01  5.5253000E-03 -2.0378000E-01
 9.6500000E+01  2.3517000E-02 -9.7410000E-01  9.9877000E-01 -2.2025000E-01  5.4986000E-03 -2.2048000E-01
 9.7000000E+01  2.3335000E-02 -9.7019000E-01  9.9877000E-01 -2.3685000E-01  5.4702000E-03 -2.3707000E-01
 9.7500000E+01  2.3159000E-02 -9.6601000E-01  9.9876000E-01 -2.5332000E-01  5.4400000E-03 -2.5354000E-01
 9.8000000E+01  2.2991000E-02 -9.6157000E-01  9.9875000E-01 -2.6967000E-01  5.4081000E-03 -2.6988000E-01
 9.8500000E+01  2.2829000E-02 -9.5687000E-01  9.9875000E-01 -2.8589000E-01  5.3745000E-03 -2.8609000E-01
 9.9000000E+01  2.2675000E-02 -9.5191000E-01  9.9874000E-01 -3.0196000E-01  5.3394000E-03 -3.0215000E-01
 9.9500000E+01  2.2526000E-02 -9.4671000E-01  9.9874000E-01 -3.1789000E-01  5.3026000E-03 -3.1806000E-01
 1.0000000E+02  2.2385000E-02 -9.4126000E-01  9.9873000E-01 -3.3366000E-01  5.2644000E-03 -3.3382000E-01
 1.0050000E+02  2.2249000E-02 -9.3557000E-01  9.9873000E-01 -3.4926000E-01  5.2247000E-03 -3.4942000E-01
 1.0100000E+02  2.2119000E-02 -9.2966000E-01  9.9872000E-01 -3.6471000E-01  5.1836000E-03 -3.6484000E-01
 1.0150000E+02  2.1996000E-02 -9.2352000E-01  9.9872000E-01 -3.7997000E-01  5.1411000E-03 -3.8010000E-01
 1.0200000E+02  2.1877000E-02 -9.1716000E-01  9.9872000E-01 -3.9506000E-01  5.0973000E-03 -3.9518000E-01
 1.0250000E+02  2.1765000E-02 -9.1059000E-01  9.9871000E-01 -4.0997000E-01  5.0523000E-03 -4.1007000E-01
 1.0300000E+02  2.1657000E-02 -9.0382000E-01  9.9871000E-01 -4.2468000E-01  5.0061000E-03 -4.2477000E-01
 1.0350000E+02  2.1555000E-02 -8.9685000E-01  9.9870000E-01 -4.3921000E-01  4.9587000E-03 -4.3928000E-01
 1.0400000E+02  2.1458000E-02 -8.8969000E-01  9.9870000E-01 -4.5353000E-01  4.9102000E-03 -4.5360000E-01
 1.0450000E+02  2.1365000E-02 -8.8234000E-01  9.9870000E-01 -4.6766000E-01  4.8607000E-03 -4.6771000E-01
 1.0500000E+02  2.1277000E-02 -8.7482000E-01  9.9869000E-01 -4.8158000E-01  4.8102000E-03 -4.8162000E-01
 1.0550000E+02  2.1194000E-02 -8.6712000E-01  9.9869000E-01 -4.9529000E-01  4.7588000E-03 -4.9532000E-01
 1.0600000E+02  2.1115000E-02 -8.5927000E-01  9.9869000E-01 -5.0879000E-01  4.7065000E-03 -5.0881000E-01
 1.0650000E+02  2.1041000E-02 -8.5126000E-01  9.9869000E-01 -5.2208000E-01  4.6534000E-03 -5.2208000E-01
 1.0700000E+02  2.0970000E-02 -8.4310000E-01  9.9869000E-01 -5.3516000E-01  4.5995000E-03 -5.3514000E-01
 1.0750000E+02  2.0904000E-02 -8.3480000E-01  9.9868000E-01 -5.4801000E-01  4.5449000E-03 -5.4798000E-01
 1.0800000E+02  2.0842000E-02 -8.2637000E-01  9.9868000E-01 -5.6064000E-01  4.4897000E-03 -5.6060000E-01
 1.0850000E+02  2.0783000E-02 -8.1781000E-01  9.9868000E-01 -5.7306000E-01  4.4338000E-03 -5.7300000E-01
 1.0900000E+02  2.0728000E-02 -8.0913000E-01  9.9868000E-01 -5.8525000E-01  4.3774000E-03 -5.8518000E-01
 1.0950000E+02  2.0677000E-02 -8.0033000E-01  9.9868000E-01 -5.9721000E-01  4.3204000E-03 -5.9713000E-01
 1.1000000E+02  2.0629000E-02 -7.9144000E-01  9.9868000E-01 -6.0895000E-01  4.2630000E-03 -6.0886000E-01
 1.1050000E+02  2.0584000E-02 -7.8244000E-01  9.9867000E-01 -6.2047000E-01  4.2051000E-03 -6.2036000E-01
 1.1100000E+02  2.0543000E-02 -7.7336000E-01  9.9867000E-01 -6.3175000E-01  4.1469000E-03 -6.3163000E-01
 1.1150000E+02  2.0504000E-02 -7.6419000E-01  9.9867000E-01 -6.4282000E-01  4.0884000E-03 -6.4268000E-01
 1.1200000E+02  2.0469000E-02 -7.5494000E-01  9.9867000E-01 -6.5365000E-01  4.0296000E-03 -6.5350000E-01
 1.1250000E+02  2.0437000E-02 -7.4562000E-01  9.9867000E-01 -6.6426000E-01  3.9706000E-03 -6.6410000E-01
 1.1300000E+02  2.0407000E-02 -7.3624000E-01  9.9867000E-01 -6.7465000E-01  3.9113000E-03 -6.7447000E-01
 1.1350000E+02  2.0381000E-02 -7.2680000E-01  9.9867000E-01 -6.8481000E-01  3.8519000E-03 -6.8462000E-01
 1.1400000E+02  2.0357000E-02 -7.1730000E-01  9.9867000E-01 -6.9475000E-01  3.7924000E-03 -6.9454000E-01
 1.1450000E+02  2.0335000E-02 -7.0776000E-01  9.9867000E-01 -7.0447000E-01  3.7329000E-03 -7.0425000E-01
 1.1500000E+02  2.0316000E-02 -6.9819000E-01  9.9867000E-01 -7.1396000E-01  3.6733000E-03 -7.1373000E-01
 1.1550000E+02  2.0300000E-02 -6.8857000E-01  9.9867000E-01 -7.2324000E-01  3.6137000E-03 -7.2299000E-01
 1.1600000E+02  2.0285000E-02 -6.7894000E-01  9.9867000E-01 -7.3230000E-01  3.5541000E-03 -7.3203000E-01
 1.1650000E+02  2.0273000E-02 -6.6927000E-01  9.9867000E-01 -7.4114000E-01  3.4946000E-03 -7.4086000E-01
 1.1700000E+02  2.0264000E-02 -6.5960000E-01  9.9867000E-01 -7.4977000E-01  3.4353000E-03 -7.4948000E-01
 1.1750000E+02  2.0256000E-02 -6.4991000E-01  9.9867000E-01 -7.5818000E-01  3.3761000E-03 -7.5788000E-01
 1.1800000E+02  2.0250000E-02 -6.4021000E-01  9.9867000E-01 -7.6639000E-01  3.3170000E-03 -7.6607000E-01
 1.1850000E+02  2.0246000E-02 -6.3052000E-01  9.9867000E-01 -7.7439000E-01  3.2582000E-03 -7.7406000E-01
 1.1900000E+02  2.0245000E-02 -6.2082000E-01  9.9867000E-01 -7.8218000E-01  3.1995000E-03 -7.8184000E-01
 1.1950000E+02  2.0245000E-02 -6.1114000E-01  9.9868000E-01 -7.8977000E-01  3.1412000E-03 -7.8942000E-01
 1.2000000E+02  2.0246000E-02 -6.0147000E-01  9.9868000E-01 -7.9716000E-01  3.0831000E-03 -7.9679000E-01
 1.2050000E+02  2.0250000E-02 -5.9182000E-01  9.9868000E-01 -8.0436000E-01  3.0254000E-03 -8.0397000E-01
 1.2100000E+02  2.0255000E-02 -5.8219000E-01  9.9868000E-01 -8.1136000E-01  2.9679000E-03 -8.1096000E-01
 1.2150000E+02  2.0262000E-02 -5.7259000E-01  9.9868000E-01 -8.1817000E-01  2.9109000E-03 -8.1776000E-01
 1.2200000E+02  2.0270000E-02 -5.6301000E-01  9.9868000E-01 -8.2479000E-01  2.8542000E-03 -8.2436000E-01
 1.2250000E+02  2.0279000E-02 -5.5347000E-01  9.9868000E-01 -8.3122000E-01  2.7979000E-03 -8.3078000E-01
 1.2300000E+02  2.0290000E-02 -5.4397000E-01  9.9868000E-01 -8.3747000E-01  2.7421000E-03 -8.3702000E-01
 1.2350000E+02  2.0303000E-02 -5.3451000E-01  9.9868000E-01 -8.4354000E-01  2.6867000E-03 -8.4308000E-01
 1.2400000E+02  2.0316000E-02 -5.2510000E-01  9.9868000E-01 -8.4944000E-01  2.6317000E-03 -8.4896000E-01
 1.2450000E+02  2.0331000E-02 -5.1573000E-01  9.9869000E-01 -8.5516000E-01  2.5773000E-03 -8.5467000E-01
 1.2500000E+02  2.0347000E-02 -5.0641000E-01  9.9869000E-01 -8.6071000E-01  2.5233000E-03 -8.6021000E-01
 1.2550000E+02  2.0365000E-02 -4.9715000E-01  9.9869000E-01 -8.6610000E-01  2.4698000E-03 -8.6558000E-01
 1.2600000E+02  2.0383000E-02 -4.8795000E-01  9.9869000E-01 -8.7132000E-01  2.4169000E-03 -8.7079000E-01
 1.2650000E+02  2.0402000E-02 -4.7880000E-01  9.9869000E-01 -8.7638000E-01  2.3645000E-03 -8.7584000E-01
 1.2700000E+02  2.0423000E-02 -4.6972000E-01  9.9869000E-01 -8.8128000E-01  2.3126000E-03 -8.8073000E-01
 1.2750000E+02  2.0444000E-02 -4.6071000E-01  9.9869000E-01 -8.8603000E-01  2.2613000E-03 -8.8547000E-01
 1.2800000E+02  2.0466000E-02 -4.5176000E-01  9.9869000E-01 -8.9063000E-01  2.2106000E-03 -8.9006000E-01
 1.2850000E+02  2.0489000E-02 -4.4288000E-01  9.9870000E-01 -8.9508000E-01  2.1605000E-03 -8.9449000E-01
 1.2900000E+02  2.0513000E-02 -4.3407000E-01  9.9870000E-01 -8.9939000E-01  2.1109000E-03 -8.9879000E-01
 1.2950000E+02  2.0538000E-02 -4.2533000E-01  9.9870000E-01 -9.0356000E-01  2.0620000E-03 -9.0294000E-01
 1.3000000E+02  2.0563000E-02 -4.1668000E-01  9.9870000E-01 -9.0759000E-01  2.0136000E-03 -9.0696000E-01
 1.3050000E+02  2.0590000E-02 -4.0809000E-01  9.9870000E-01 -9.1148000E-01  1.9659000E-03 -9.1084000E-01
 1.3100000E+02  2.0616000E-02 -3.9959000E-01  9.9870000E-01 -9.1524000E-01  1.9188000E-03 -9.1459000E-01
 1.3150000E+02  2.0644000E-02 -3.9117000E-01  9.9870000E-01 -9.1888000E-01  1.8723000E-03 -9.1821000E-01
 1.3200000E+02  2.0672000E-02 -3.8283000E-01  9.9871000E-01 -9.2238000E-01  1.8265000E-03 -9.2171000E-01
 1.3250000E+02  2.0700000E-02 -3.7457000E-01  9.9871000E-01 -9.2577000E-01  1.7813000E-03 -9.2509000E-01
 1.3300000E+02  2.0730000E-02 -3.6640000E-01  9.9871000E-01 -9.2904000E-01  1.7368000E-03 -9.2834000E-01
 1.3350000E+02  2.0759000E-02 -3.5831000E-01  9.9871000E-01 -9.3219000E-01  1.6928000E-03 -9.3148000E-01
 1.3400000E+02  2.0789000E-02 -3.5032000E-01  9.9871000E-01 -9.3523000E-01  1.6496000E-03 -9.3451000E-01
 1.3450000E+02  2.0820000E-02 -3.4240000E-01  9.9871000E-01 -9.3815000E-01  1.6070000E-03 -9.3742000E-01
 1.3500000E+02  2.0851000E-02 -3.3458000E-01  9.9871000E-01 -9.4097000E-01  1.5650000E-03 -9.4023000E-01
 1.3550000E+02  2.0882000E-02 -3.2685000E-01  9.9871000E-01 -9.4369000E-01  1.5237000E-03 -9.4294000E-01
 1.3600000E+02  2.0913000E-02 -3.1921000E-01  9.9872000E-01 -9.4630000E-01  1.4831000E-03 -9.4554000E-01
 1.3650000E+02  2.0945000E-02 -3.1166000E-01  9.9872000E-01 -9.4882000E-01  1.4431000E-03 -9.4805000E-01
 1.3700000E+02  2.0978000E-02 -3.0420000E-01  9.9872000E-01 -9.5124000E-01  1.4038000E-03 -9.5046000E-01
 1.3750000E+02  2.1010000E-02 -2.9683000E-01  9.9872000E-01 -9.5357000E-01  1.3651000E-03 -9.5277000E-01
 1.3800000E+02  2.1043000E-02 -2.8956000E-01  9.9872000E-01 -9.5580000E-01  1.3271000E-03 -9.5500000E-01
 1.3850000E+02  2.1076000E-02 -2.8238000E-01  9.9872000E-01 -9.5795000E-01  1.2897000E-03 -9.5714000E-01
 1.3900000E+02  2.1109000E-02 -2.7529000E-01  9.9872000E-01 -9.6001000E-01  1.2530000E-03 -9.5919000E-01
 1.3950000E+02  2.1142000E-02 -2.6830000E-01  9.9872000E-01 -9.6199000E-01  1.2170000E-03 -9.6116000E-01
 1.4000000E+02  2.1175000E-02 -2.6141000E-01  9.9873000E-01 -9.6389000E-01  1.1816000E-03 -9.6305000E-01
 1.4050000E+02  2.1209000E-02 -2.5461000E-01  9.9873000E-01 -9.6571000E-01  1.1468000E-03 -9.6486000E-01
 1.4100000E+02  2.1242000E-02 -2.4790000E-01  9.9873000E-01 -9.6746000E-01  1.1127000E-03 -9.6659000E-01
 1.4150000E+02  2.1276000E-02 -2.4129000E-01  9.9873000E-01 -9.6913000E-01  1.0792000E-03 -9.6826000E-01
 1.4200000E+02  2.1309000E-02 -2.3477000E-01  9.9873000E-01 -9.7073000E-01  1.0464000E-03 -9.6985000E-01
 1.4250000E+02  2.1343000E-02 -2.2835000E-01  9.9873000E-01 -9.7226000E-01  1.0142000E-03 -9.7137000E-01
 1.4300000E+02  2.1376000E-02 -2.2203000E-01  9.9873000E-01 -9.7373000E-01  9.8264000E-04 -9.7283000E-01
 1.4350000E+02  2.1410000E-02 -2.1580000E-01  9.9873000E-01 -9.7513000E-01  9.5170000E-04 -9.7422000E-01
 1.4400000E+02  2.1444000E-02 -2.0966000E-01  9.9873000E-01 -9.7647000E-01  9.2138000E-04 -9.7555000E-01
 1.4450000E+02  2.1477000E-02 -2.0362000E-01  9.9873000E-01 -9.7774000E-01  8.9168000E-04 -9.7682000E-01
 1.4500000E+02  2.1510000E-02 -1.9768000E-01  9.9874000E-01 -9.7897000E-01  8.6259000E-04 -9.7803000E-01
 1.4550000E+02  2.1544000E-02 -1.9183000E-01  9.9874000E-01 -9.8013000E-01  8.3411000E-04 -9.7919000E-01
 1.4600000E+02  2.1577000E-02 -1.8608000E-01  9.9874000E-01 -9.8124000E-01  8.0624000E-04 -9.8029000E-01
 1.4650000E+02  2.1610000E-02 -1.8042000E-01  9.9874000E-01 -9.8230000E-01  7.7896000E-04 -9.8134000E-01
 1.4700000E+02  2.1643000E-02 -1.7485000E-01  9.9874000E-01 -9.8330000E-01  7.5227000E-04 -9.8234000E-01
 1.4750000E+02  2.1675000E-02 -1.6938000E-01  9.9874000E-01 -9.8426000E-01  7.2617000E-04 -9.8329000E-01
 1.4800000E+02  2.1708000E-02 -1.6401000E-01  9.9874000E-01 -9.8517000E-01  7.0065000E-04 -9.8419000E-01
 1.4850000E+02  2.1740000E-02 -1.5872000E-01  9.9874000E-01 -9.8604000E-01  6.7570000E-04 -9.8505000E-01
 1.4900000E+02  2.1772000E-02 -1.5353000E-01  9.9874000E-01 -9.8686000E-01  6.5133000E-04 -9.8586000E-01
 1.4950000E+02  2.1804000E-02 -1.4844000E-01  9.9874000E-01 -9.8764000E-01  6.2752000E-04 -9.8664000E-01
 1.5000000E+02  2.1836000E-02 -1.4344000E-01  9.9874000E-01 -9.8838000E-01  6.0426000E-04 -9.8737000E-01
 1.5050000E+02  2.1867000E-02 -1.3853000E-01  9.9874000E-01 -9.8908000E-01  5.8156000E-04 -9.8806000E-01
 1.5100000E+02  2.1898000E-02 -1.3371000E-01  9.9875000E-01 -9.8975000E-01  5.5940000E-04 -9.8872000E-01
 1.5150000E+02  2.1929000E-02 -1.2899000E-01  9.9875000E-01 -9.9038000E-01  5.3778000E-04 -9.8934000E-01
 1.5200000E+02  2.1959000E-02 -1.2435000E-01  9.9875000E-01 -9.9097000E-01  5.1669000E-04 -9.8993000E-01
 1.5250000E+02  2.1989000E-02 -1.1981000E-01  9.9875000E-01 -9.9153000E-01  4.9612000E-04 -9.9048000E-01
 1.5300000E+02  2.2019000E-02 -1.1536000E-01  9.9875000E-01 -9.9206000E-01  4.7608000E-04 -9.9100000E-01
 1.5350000E+02  2.2048000E-02 -1.1100000E-01  9.9875000E-01 -9.9256000E-01  4.5654000E-04 -9.9149000E-01
 1.5400000E+02  2.2078000E-02 -1.0673000E-01  9.9875000E-01 -9.9303000E-01  4.3751000E-04 -9.9195000E-01
 1.5450000E+02  2.2106000E-02 -1.0255000E-01  9.9875000E-01 -9.9347000E-01  4.1899000E-04 -9.9239000E-01
 1.5500000E+02  2.2135000E-02 -9.8454000E-02  9.9875000E-01 -9.9388000E-01  4.0095000E-04 -9.9280000E-01
 1.5550000E+02  2.2163000E-02 -9.4451000E-02  9.9875000E-01 -9.9427000E-01  3.8340000E-04 -9.9318000E-01
 1.5600000E+02  2.2190000E-02 -9.0537000E-02  9.9875000E-01 -9.9463000E-01  3.6633000E-04 -9.9354000E-01
 1.5650000E+02  2.2217000E-02 -8.6711000E-02  9.9875000E-01 -9.9498000E-01  3.4973000E-04 -9.9387000E-01
 1.5700000E+02  2.2244000E-02 -8.2973000E-02  9.9875000E-01 -9.9530000E-01  3.3360000E-04 -9.9419000E-01
 1.5750000E+02  2.2270000E-02 -7.9322000E-02  9.9875000E-01 -9.9559000E-01  3.1793000E-04 -9.9448000E-01
 1.5800000E+02  2.2296000E-02 -7.5759000E-02  9.9875000E-01 -9.9587000E-01  3.0271000E-04 -9.9475000E-01
 1.5850000E+02  2.2321000E-02 -7.2281000E-02  9.9875000E-01 -9.9613000E-01  2.8794000E-04 -9.9501000E-01
 1.5900000E+02  2.2346000E-02 -6.8891000E-02  9.9875000E-01 -9.9637000E-01  2.7361000E-04 -9.9524000E-01
 1.5950000E+02  2.2371000E-02 -6.5586000E-02  9.9875000E-01 -9.9660000E-01  2.5971000E-04 -9.9546000E-01
 1.6000000E+02  2.2395000E-02 -6.2366000E-02  9.9875000E-01 -9.9680000E-01  2.4624000E-04 -9.9566000E-01
 1.6050000E+02  2.2418000E-02 -5.9231000E-02  9.9875000E-01 -9.9699000E-01  2.3319000E-04 -9.9585000E-01
 1.6100000E+02  2.2441000E-02 -5.6181000E-02  9.9875000E-01 -9.9717000E-01  2.2056000E-04 -9.9602000E-01
 1.6150000E+02  2.2464000E-02 -5.3216000E-02  9.9875000E-01 -9.9733000E-01  2.0834000E-04 -9.9618000E-01
 1.6200000E+02  2.2486000E-02 -5.0334000E-02  9.9875000E-01 -9.9748000E-01  1.9652000E-04 -9.9632000E-01
 1.6250000E+02  2.2507000E-02 -4.7536000E-02  9.9875000E-01 -9.9762000E-01  1.8510000E-04 -9.9646000E-01
 1.6300000E+02  2.2528000E-02 -4.4821000E-02  9.9875000E-01 -9.9775000E-01  1.7407000E-04 -9.9658000E-01
 1.6350000E+02  2.2549000E-02 -4.2189000E-02  9.9875000E-01 -9.9786000E-01  1.6343000E-04 -9.9669000E-01
 1.6400000E+02  2.2568000E-02 -3.9640000E-02  9.9875000E-01 -9.9797000E-01  1.5317000E-04 -9.9679000E-01
 1.6450000E+02  2.2588000E-02 -3.7172000E-02  9.9876000E-01 -9.9806000E-01  1.4329000E-04 -9.9688000E-01
 1.6500000E+02  2.2606000E-02 -3.4787000E-02  9.9876000E-01 -9.9815000E-01  1.3377000E-04 -9.9696000E-01
 1.6550000E+02  2.2625000E-02 -3.2483000E-02  9.9876000E-01 -9.9823000E-01  1.2462000E-04 -9.9704000E-01
 1.6600000E+02  2.2642000E-02 -3.0260000E-02  9.9876000E-01 -9.9830000E-01  1.1583000E-04 -9.9710000E-01
 1.6650000E+02  2.2659000E-02 -2.8118000E-02  9.9876000E-01 -9.9836000E-01  1.0739000E-04 -9.9716000E-01
 1.6700000E+02  2.2676000E-02 -2.6056000E-02  9.9876000E-01 -9.9842000E-01  9.9309000E-05 -9.9722000E-01
 1.6750000E+02  2.2692000E-02 -2.4075000E-02  9.9876000E-01 -9.9847000E-01  9.1570000E-05 -9.9726000E-01
 1.6800000E+02  2.2707000E-02 -2.2174000E-02  9.9876000E-01 -9.9851000E-01  8.4171000E-05 -9.9730000E-01
 1.6850000E+02  2.2722000E-02 -2.0353000E-02  9.9876000E-01 -9.9855000E-01  7.7109000E-05 -9.9734000E-01
 1.6900000E+02  2.2736000E-02 -1.8611000E-02  9.9876000E-01 -9.9858000E-01  7.0379000E-05 -9.9737000E-01
 1.6950000E+02  2.2750000E-02 -1.6948000E-02  9.9876000E-01 -9.9861000E-01  6.3978000E-05 -9.9740000E-01
 1.7000000E+02  2.2763000E-02 -1.5365000E-02  9.9876000E-01 -9.9864000E-01  5.7901000E-05 -9.9742000E-01
 1.7050000E+02  2.2775000E-02 -1.3860000E-02  9.9876000E-01 -9.9866000E-01  5.2144000E-05 -9.9744000E-01
 1.7100000E+02  2.2787000E-02 -1.2433000E-02  9.9876000E-01 -9.9868000E-01  4.6705000E-05 -9.9746000E-01
 1.7150000E+02  2.2798000E-02 -1.1085000E-02  9.9876000E-01 -9.9869000E-01  4.1580000E-05 -9.9747000E-01
 1.7200000E+02  2.2808000E-02 -9.8154000E-03  9.9876000E-01 -9.9871000E-01  3.6765000E-05 -9.9748000E-01
 1.7250000E+02  2.2818000E-02 -8.6234000E-03  9.9876000E-01 -9.9872000E-01  3.2258000E-05 -9.9749000E-01
 1.7300000E+02  2.2827000E-02 -7.5091000E-03  9.9876000E-01 -9.9873000E-01  2.8055000E-05 -9.9750000E-01
 1.7350000E+02  2.2836000E-02 -6.4725000E-03  9.9876000E-01 -9.9874000E-01  2.4154000E-05 -9.9750000E-01
 1.7400000E+02  2.2844000E-02 -5.5132000E-03  9.9876000E-01 -9.9874000E-01  2.0552000E-05 -9.9751000E-01
 1.7450000E+02  2.2851000E-02 -4.6313000E-03  9.9876000E-01 -9.9875000E-01  1.7247000E-05 -9.9751000E-01
 1.7500000E+02  2.2858000E-02 -3.8265000E-03  9.9876000E-01 -9.9875000E-01  1.4237000E-05 -9.9751000E-01
 1.7550000E+02  2.2864000E-02 -3.0987000E-03  9.9876000E-01 -9.9875000E-01  1.1520000E-05 -9.9751000E-01
 1.7600000E+02  2.2870000E-02 -2.4478000E-03  9.9876000E-01 -9.9875000E-01  9.0935000E-06 -9.9752000E-01
 1.7650000E+02  2.2875000E-02 -1.8737000E-03  9.9876000E-01 -9.9876000E-01  6.9563000E-06 -9.9752000E-01
 1.7700000E+02  2.2879000E-02 -1.3764000E-03  9.9876000E-01 -9.9876000E-01  5.1070000E-06 -9.9752000E-01
 1.7750000E+02  2.2882000E-02 -9.5569000E-04  9.9876000E-01 -9.9876000E-01  3.5443000E-06 -9.9752000E-01
 1.7800000E+02  2.2885000E-02 -6.1157000E-04  9.9876000E-01 -9.9876000E-01  2.2672000E-06 -9.9751000E-01
 1.7850000E+02  2.2887000E-02 -3.4398000E-04  9.9876000E-01 -9.9876000E-01  1.2748000E-06 -9.9751000E-01
 1.7900000E+02  2.2889000E-02 -1.5287000E-04  9.9876000E-01 -9.9876000E-01  5.6642000E-07 -9.9751000E-01
 1.7950000E+02  2.2890000E-02 -3.8215000E-05  9.9876000E-01 -9.9876000E-01  1.4158000E-07 -9.9751000E-01
 1.8000000E+02  2.2890000E-02 -3.7885000E-15  9.9876000E-01 -9.9876000E-01  1.4035000E-17 -9.9751000E-01
