length scale factor
4.4500000E-04
volume cluster radius, area mean sphere radius, circumscribing radius, cross section radius
8.9617113E-03 4.4455500E-04 3.5929093E-01 8.9617113E-03
total extinction, absorption, scattering efficiencies (unpolarized incidence)
4.3968000E-05 4.3949000E-05 1.8896000E-08
theta     11          12          22          33          34          44
 0.0000000E+00  1.2770000E-01  0.0000000E+00  9.9983000E-01  9.9983000E-01  0.0000000E+00  9.9966000E-01
 5.0000000E-01  1.2769000E-01 -3.8072000E-05  9.9983000E-01  9.9983000E-01 -7.4825000E-13  9.9966000E-01
 1.0000000E+00  1.2768000E-01 -1.5229000E-04  9.9983000E-01  9.9983000E-01 -2.9931000E-12  9.9966000E-01
 1.5000000E+00  1.2765000E-01 -3.4268000E-04  9.9983000E-01  9.9983000E-01 -6.7349000E-12  9.9966000E-01
 2.0000000E+00  1.2762000E-01 -6.0926000E-04  9.9983000E-01  9.9983000E-01 -1.1974000E-11  9.9966000E-01
 2.5000000E+00  1.2758000E-01 -9.5208000E-04  9.9983000E-01  9.9983000E-01 -1.8712000E-11  9.9966000E-01
 3.0000000E+00  1.2752000E-01 -1.3712000E-03  9.9983000E-01  9.9983000E-01 -2.6949000E-11  9.9966000E-01
 3.5000000E+00  1.2746000E-01 -1.8666000E-03  9.9983000E-01  9.9983000E-01 -3.6686000E-11  9.9966000E-01
 4.0000000E+00  1.2739000E-01 -2.4385000E-03  9.9983000E-01  9.9983000E-01 -4.7926000E-11  9.9966000E-01
 4.5000000E+00  1.2730000E-01 -3.0869000E-03  9.9983000E-01  9.9983000E-01 -6.0669000E-11  9.9966000E-01
 5.0000000E+00  1.2721000E-01 -3.8119000E-03  9.9983000E-01  9.9982000E-01 -7.4919000E-11  9.9966000E-01
 5.5000000E+00  1.2711000E-01 -4.6136000E-03  9.9983000E-01  9.9982000E-01 -9.0676000E-11  9.9965000E-01
 6.0000000E+00  1.2700000E-01 -5.4922000E-03  9.9983000E-01  9.9982000E-01 -1.0794000E-10  9.9965000E-01
 6.5000000E+00  1.2688000E-01 -6.4478000E-03  9.9983000E-01  9.9981000E-01 -1.2672000E-10  9.9964000E-01
 7.0000000E+00  1.2675000E-01 -7.4804000E-03  9.9983000E-01  9.9980000E-01 -1.4702000E-10  9.9964000E-01
 7.5000000E+00  1.2661000E-01 -8.5903000E-03  9.9983000E-01  9.9979000E-01 -1.6883000E-10  9.9963000E-01
 8.0000000E+00  1.2646000E-01 -9.7777000E-03  9.9983000E-01  9.9978000E-01 -1.9217000E-10  9.9961000E-01
 8.5000000E+00  1.2630000E-01 -1.1043000E-02  9.9983000E-01  9.9977000E-01 -2.1703000E-10  9.9960000E-01
 9.0000000E+00  1.2613000E-01 -1.2385000E-02  9.9983000E-01  9.9975000E-01 -2.4342000E-10  9.9959000E-01
 9.5000000E+00  1.2596000E-01 -1.3806000E-02  9.9983000E-01  9.9973000E-01 -2.7134000E-10  9.9957000E-01
 1.0000000E+01  1.2577000E-01 -1.5305000E-02  9.9983000E-01  9.9971000E-01 -3.0080000E-10  9.9954000E-01
 1.0500000E+01  1.2558000E-01 -1.6882000E-02  9.9983000E-01  9.9969000E-01 -3.3181000E-10  9.9952000E-01
 1.1000000E+01  1.2537000E-01 -1.8539000E-02  9.9983000E-01  9.9966000E-01 -3.6435000E-10  9.9949000E-01
 1.1500000E+01  1.2516000E-01 -2.0273000E-02  9.9983000E-01  9.9962000E-01 -3.9845000E-10  9.9946000E-01
 1.2000000E+01  1.2493000E-01 -2.2087000E-02  9.9983000E-01  9.9958000E-01 -4.3410000E-10  9.9942000E-01
 1.2500000E+01  1.2470000E-01 -2.3981000E-02  9.9983000E-01  9.9954000E-01 -4.7132000E-10  9.9937000E-01
 1.3000000E+01  1.2446000E-01 -2.5954000E-02  9.9983000E-01  9.9949000E-01 -5.1010000E-10  9.9932000E-01
 1.3500000E+01  1.2421000E-01 -2.8007000E-02  9.9983000E-01  9.9943000E-01 -5.5045000E-10  9.9927000E-01
 1.4000000E+01  1.2396000E-01 -3.0140000E-02  9.9983000E-01  9.9937000E-01 -5.9237000E-10  9.9920000E-01
 1.4500000E+01  1.2369000E-01 -3.2354000E-02  9.9983000E-01  9.9930000E-01 -6.3588000E-10  9.9914000E-01
 1.5000000E+01  1.2342000E-01 -3.4649000E-02  9.9983000E-01  9.9923000E-01 -6.8098000E-10  9.9906000E-01
 1.5500000E+01  1.2313000E-01 -3.7024000E-02  9.9983000E-01  9.9914000E-01 -7.2767000E-10  9.9897000E-01
 1.6000000E+01  1.2284000E-01 -3.9481000E-02  9.9983000E-01  9.9905000E-01 -7.7597000E-10  9.9888000E-01
 1.6500000E+01  1.2254000E-01 -4.2020000E-02  9.9982000E-01  9.9894000E-01 -8.2587000E-10  9.9877000E-01
 1.7000000E+01  1.2223000E-01 -4.4641000E-02  9.9982000E-01  9.9883000E-01 -8.7738000E-10  9.9866000E-01
 1.7500000E+01  1.2192000E-01 -4.7345000E-02  9.9982000E-01  9.9870000E-01 -9.3052000E-10  9.9853000E-01
 1.8000000E+01  1.2159000E-01 -5.0131000E-02  9.9982000E-01  9.9857000E-01 -9.8528000E-10  9.9840000E-01
 1.8500000E+01  1.2126000E-01 -5.3001000E-02  9.9982000E-01  9.9842000E-01 -1.0417000E-09  9.9825000E-01
 1.9000000E+01  1.2092000E-01 -5.5954000E-02  9.9982000E-01  9.9826000E-01 -1.0997000E-09  9.9809000E-01
 1.9500000E+01  1.2057000E-01 -5.8991000E-02  9.9982000E-01  9.9808000E-01 -1.1594000E-09  9.9791000E-01
 2.0000000E+01  1.2022000E-01 -6.2112000E-02  9.9982000E-01  9.9789000E-01 -1.2208000E-09  9.9772000E-01
 2.0500000E+01  1.1986000E-01 -6.5317000E-02  9.9982000E-01  9.9768000E-01 -1.2838000E-09  9.9752000E-01
 2.1000000E+01  1.1949000E-01 -6.8608000E-02  9.9982000E-01  9.9746000E-01 -1.3484000E-09  9.9730000E-01
 2.1500000E+01  1.1911000E-01 -7.1984000E-02  9.9982000E-01  9.9722000E-01 -1.4148000E-09  9.9706000E-01
 2.2000000E+01  1.1873000E-01 -7.5447000E-02  9.9982000E-01  9.9697000E-01 -1.4828000E-09  9.9680000E-01
 2.2500000E+01  1.1834000E-01 -7.8995000E-02  9.9982000E-01  9.9669000E-01 -1.5526000E-09  9.9653000E-01
 2.3000000E+01  1.1794000E-01 -8.2630000E-02  9.9982000E-01  9.9640000E-01 -1.6240000E-09  9.9623000E-01
 2.3500000E+01  1.1753000E-01 -8.6351000E-02  9.9982000E-01  9.9608000E-01 -1.6972000E-09  9.9591000E-01
 2.4000000E+01  1.1712000E-01 -9.0161000E-02  9.9982000E-01  9.9574000E-01 -1.7720000E-09  9.9558000E-01
 2.4500000E+01  1.1670000E-01 -9.4058000E-02  9.9982000E-01  9.9538000E-01 -1.8486000E-09  9.9521000E-01
 2.5000000E+01  1.1628000E-01 -9.8043000E-02  9.9982000E-01  9.9500000E-01 -1.9270000E-09  9.9483000E-01
 2.5500000E+01  1.1585000E-01 -1.0212000E-01  9.9981000E-01  9.9459000E-01 -2.0070000E-09  9.9442000E-01
 2.6000000E+01  1.1541000E-01 -1.0628000E-01  9.9981000E-01  9.9415000E-01 -2.0889000E-09  9.9398000E-01
 2.6500000E+01  1.1497000E-01 -1.1053000E-01  9.9981000E-01  9.9368000E-01 -2.1724000E-09  9.9352000E-01
 2.7000000E+01  1.1452000E-01 -1.1487000E-01  9.9981000E-01  9.9319000E-01 -2.2578000E-09  9.9302000E-01
 2.7500000E+01  1.1407000E-01 -1.1931000E-01  9.9981000E-01  9.9267000E-01 -2.3449000E-09  9.9250000E-01
 2.8000000E+01  1.1361000E-01 -1.2383000E-01  9.9981000E-01  9.9211000E-01 -2.4338000E-09  9.9195000E-01
 2.8500000E+01  1.1314000E-01 -1.2844000E-01  9.9981000E-01  9.9153000E-01 -2.5245000E-09  9.9136000E-01
 2.9000000E+01  1.1267000E-01 -1.3315000E-01  9.9981000E-01  9.9090000E-01 -2.6169000E-09  9.9074000E-01
 2.9500000E+01  1.1220000E-01 -1.3794000E-01  9.9981000E-01  9.9025000E-01 -2.7112000E-09  9.9008000E-01
 3.0000000E+01  1.1172000E-01 -1.4283000E-01  9.9981000E-01  9.8955000E-01 -2.8073000E-09  9.8939000E-01
 3.0500000E+01  1.1123000E-01 -1.4781000E-01  9.9981000E-01  9.8882000E-01 -2.9052000E-09  9.8865000E-01
 3.1000000E+01  1.1074000E-01 -1.5288000E-01  9.9981000E-01  9.8805000E-01 -3.0049000E-09  9.8788000E-01
 3.1500000E+01  1.1025000E-01 -1.5805000E-01  9.9980000E-01  9.8723000E-01 -3.1064000E-09  9.8707000E-01
 3.2000000E+01  1.0975000E-01 -1.6331000E-01  9.9980000E-01  9.8638000E-01 -3.2098000E-09  9.8621000E-01
 3.2500000E+01  1.0924000E-01 -1.6866000E-01  9.9980000E-01  9.8547000E-01 -3.3150000E-09  9.8531000E-01
 3.3000000E+01  1.0873000E-01 -1.7411000E-01  9.9980000E-01  9.8452000E-01 -3.4221000E-09  9.8436000E-01
 3.3500000E+01  1.0822000E-01 -1.7965000E-01  9.9980000E-01  9.8353000E-01 -3.5310000E-09  9.8336000E-01
 3.4000000E+01  1.0771000E-01 -1.8529000E-01  9.9980000E-01  9.8248000E-01 -3.6418000E-09  9.8232000E-01
 3.4500000E+01  1.0719000E-01 -1.9102000E-01  9.9980000E-01  9.8138000E-01 -3.7544000E-09  9.8122000E-01
 3.5000000E+01  1.0667000E-01 -1.9684000E-01  9.9980000E-01  9.8023000E-01 -3.8689000E-09  9.8006000E-01
 3.5500000E+01  1.0614000E-01 -2.0276000E-01  9.9980000E-01  9.7902000E-01 -3.9853000E-09  9.7886000E-01
 3.6000000E+01  1.0561000E-01 -2.0878000E-01  9.9980000E-01  9.7775000E-01 -4.1035000E-09  9.7759000E-01
 3.6500000E+01  1.0508000E-01 -2.1489000E-01  9.9979000E-01  9.7643000E-01 -4.2236000E-09  9.7626000E-01
 3.7000000E+01  1.0454000E-01 -2.2109000E-01  9.9979000E-01  9.7504000E-01 -4.3456000E-09  9.7488000E-01
 3.7500000E+01  1.0401000E-01 -2.2739000E-01  9.9979000E-01  9.7359000E-01 -4.4694000E-09  9.7343000E-01
 3.8000000E+01  1.0347000E-01 -2.3379000E-01  9.9979000E-01  9.7207000E-01 -4.5952000E-09  9.7191000E-01
 3.8500000E+01  1.0293000E-01 -2.4028000E-01  9.9979000E-01  9.7049000E-01 -4.7228000E-09  9.7032000E-01
 3.9000000E+01  1.0238000E-01 -2.4687000E-01  9.9979000E-01  9.6883000E-01 -4.8522000E-09  9.6867000E-01
 3.9500000E+01  1.0183000E-01 -2.5355000E-01  9.9979000E-01  9.6710000E-01 -4.9836000E-09  9.6694000E-01
 4.0000000E+01  1.0129000E-01 -2.6033000E-01  9.9979000E-01  9.6530000E-01 -5.1168000E-09  9.6514000E-01
 4.0500000E+01  1.0074000E-01 -2.6720000E-01  9.9979000E-01  9.6342000E-01 -5.2519000E-09  9.6326000E-01
 4.1000000E+01  1.0018000E-01 -2.7416000E-01  9.9978000E-01  9.6146000E-01 -5.3888000E-09  9.6130000E-01
 4.1500000E+01  9.9631000E-02 -2.8122000E-01  9.9978000E-01  9.5942000E-01 -5.5276000E-09  9.5925000E-01
 4.2000000E+01  9.9077000E-02 -2.8838000E-01  9.9978000E-01  9.5729000E-01 -5.6682000E-09  9.5713000E-01
 4.2500000E+01  9.8521000E-02 -2.9563000E-01  9.9978000E-01  9.5507000E-01 -5.8107000E-09  9.5491000E-01
 4.3000000E+01  9.7965000E-02 -3.0297000E-01  9.9978000E-01  9.5277000E-01 -5.9550000E-09  9.5261000E-01
 4.3500000E+01  9.7409000E-02 -3.1040000E-01  9.9978000E-01  9.5037000E-01 -6.1012000E-09  9.5021000E-01
 4.4000000E+01  9.6851000E-02 -3.1793000E-01  9.9978000E-01  9.4788000E-01 -6.2491000E-09  9.4772000E-01
 4.4500000E+01  9.6294000E-02 -3.2555000E-01  9.9978000E-01  9.4529000E-01 -6.3989000E-09  9.4513000E-01
 4.5000000E+01  9.5736000E-02 -3.3326000E-01  9.9977000E-01  9.4260000E-01 -6.5505000E-09  9.4244000E-01
 4.5500000E+01  9.5178000E-02 -3.4106000E-01  9.9977000E-01  9.3980000E-01 -6.7038000E-09  9.3964000E-01
 4.6000000E+01  9.4621000E-02 -3.4895000E-01  9.9977000E-01  9.3690000E-01 -6.8589000E-09  9.3674000E-01
 4.6500000E+01  9.4064000E-02 -3.5693000E-01  9.9977000E-01  9.3389000E-01 -7.0157000E-09  9.3373000E-01
 4.7000000E+01  9.3507000E-02 -3.6499000E-01  9.9977000E-01  9.3076000E-01 -7.1742000E-09  9.3061000E-01
 4.7500000E+01  9.2951000E-02 -3.7314000E-01  9.9977000E-01  9.2752000E-01 -7.3345000E-09  9.2737000E-01
 4.8000000E+01  9.2396000E-02 -3.8138000E-01  9.9977000E-01  9.2416000E-01 -7.4964000E-09  9.2401000E-01
 4.8500000E+01  9.1842000E-02 -3.8970000E-01  9.9976000E-01  9.2069000E-01 -7.6600000E-09  9.2053000E-01
 4.9000000E+01  9.1289000E-02 -3.9811000E-01  9.9976000E-01  9.1708000E-01 -7.8252000E-09  9.1693000E-01
 4.9500000E+01  9.0737000E-02 -4.0659000E-01  9.9976000E-01  9.1335000E-01 -7.9920000E-09  9.1320000E-01
 5.0000000E+01  9.0187000E-02 -4.1515000E-01  9.9976000E-01  9.0949000E-01 -8.1603000E-09  9.0933000E-01
 5.0500000E+01  8.9639000E-02 -4.2380000E-01  9.9976000E-01  9.0549000E-01 -8.3302000E-09  9.0534000E-01
 5.1000000E+01  8.9092000E-02 -4.3252000E-01  9.9976000E-01  9.0136000E-01 -8.5017000E-09  9.0120000E-01
 5.1500000E+01  8.8548000E-02 -4.4131000E-01  9.9976000E-01  8.9708000E-01 -8.6745000E-09  8.9693000E-01
 5.2000000E+01  8.8005000E-02 -4.5018000E-01  9.9975000E-01  8.9266000E-01 -8.8488000E-09  8.9251000E-01
 5.2500000E+01  8.7465000E-02 -4.5911000E-01  9.9975000E-01  8.8810000E-01 -9.0245000E-09  8.8795000E-01
 5.3000000E+01  8.6928000E-02 -4.6812000E-01  9.9975000E-01  8.8338000E-01 -9.2015000E-09  8.8323000E-01
 5.3500000E+01  8.6393000E-02 -4.7719000E-01  9.9975000E-01  8.7851000E-01 -9.3799000E-09  8.7837000E-01
 5.4000000E+01  8.5861000E-02 -4.8633000E-01  9.9975000E-01  8.7349000E-01 -9.5595000E-09  8.7334000E-01
 5.4500000E+01  8.5332000E-02 -4.9552000E-01  9.9975000E-01  8.6830000E-01 -9.7403000E-09  8.6816000E-01
 5.5000000E+01  8.4807000E-02 -5.0478000E-01  9.9974000E-01  8.6295000E-01 -9.9222000E-09  8.6281000E-01
 5.5500000E+01  8.4284000E-02 -5.1409000E-01  9.9974000E-01  8.5744000E-01 -1.0105000E-08  8.5729000E-01
 5.6000000E+01  8.3765000E-02 -5.2345000E-01  9.9974000E-01  8.5175000E-01 -1.0289000E-08  8.5161000E-01
 5.6500000E+01  8.3250000E-02 -5.3286000E-01  9.9974000E-01  8.4589000E-01 -1.0474000E-08  8.4575000E-01
 5.7000000E+01  8.2739000E-02 -5.4232000E-01  9.9974000E-01  8.3986000E-01 -1.0660000E-08  8.3972000E-01
 5.7500000E+01  8.2231000E-02 -5.5182000E-01  9.9974000E-01  8.3365000E-01 -1.0847000E-08  8.3351000E-01
 5.8000000E+01  8.1728000E-02 -5.6136000E-01  9.9973000E-01  8.2725000E-01 -1.1035000E-08  8.2711000E-01
 5.8500000E+01  8.1229000E-02 -5.7094000E-01  9.9973000E-01  8.2067000E-01 -1.1223000E-08  8.2053000E-01
 5.9000000E+01  8.0734000E-02 -5.8054000E-01  9.9973000E-01  8.1390000E-01 -1.1412000E-08  8.1376000E-01
 5.9500000E+01  8.0244000E-02 -5.9018000E-01  9.9973000E-01  8.0694000E-01 -1.1601000E-08  8.0680000E-01
 6.0000000E+01  7.9758000E-02 -5.9984000E-01  9.9973000E-01  7.9978000E-01 -1.1791000E-08  7.9964000E-01
 6.0500000E+01  7.9278000E-02 -6.0952000E-01  9.9973000E-01  7.9243000E-01 -1.1981000E-08  7.9229000E-01
 6.1000000E+01  7.8802000E-02 -6.1921000E-01  9.9972000E-01  7.8487000E-01 -1.2172000E-08  7.8474000E-01
 6.1500000E+01  7.8332000E-02 -6.2892000E-01  9.9972000E-01  7.7711000E-01 -1.2363000E-08  7.7698000E-01
 6.2000000E+01  7.7867000E-02 -6.3863000E-01  9.9972000E-01  7.6915000E-01 -1.2554000E-08  7.6902000E-01
 6.2500000E+01  7.7407000E-02 -6.4834000E-01  9.9972000E-01  7.6098000E-01 -1.2745000E-08  7.6086000E-01
 6.3000000E+01  7.6953000E-02 -6.5804000E-01  9.9972000E-01  7.5260000E-01 -1.2935000E-08  7.5248000E-01
 6.3500000E+01  7.6505000E-02 -6.6774000E-01  9.9972000E-01  7.4401000E-01 -1.3126000E-08  7.4389000E-01
 6.4000000E+01  7.6062000E-02 -6.7742000E-01  9.9971000E-01  7.3520000E-01 -1.3316000E-08  7.3508000E-01
 6.4500000E+01  7.5626000E-02 -6.8709000E-01  9.9971000E-01  7.2618000E-01 -1.3506000E-08  7.2606000E-01
 6.5000000E+01  7.5195000E-02 -6.9672000E-01  9.9971000E-01  7.1694000E-01 -1.3696000E-08  7.1682000E-01
 6.5500000E+01  7.4771000E-02 -7.0633000E-01  9.9971000E-01  7.0748000E-01 -1.3885000E-08  7.0736000E-01
 6.6000000E+01  7.4354000E-02 -7.1589000E-01  9.9971000E-01  6.9779000E-01 -1.4073000E-08  6.9767000E-01
 6.6500000E+01  7.3942000E-02 -7.2541000E-01  9.9971000E-01  6.8788000E-01 -1.4260000E-08  6.8777000E-01
 6.7000000E+01  7.3538000E-02 -7.3489000E-01  9.9970000E-01  6.7775000E-01 -1.4446000E-08  6.7764000E-01
 6.7500000E+01  7.3140000E-02 -7.4430000E-01  9.9970000E-01  6.6740000E-01 -1.4631000E-08  6.6728000E-01
 6.8000000E+01  7.2749000E-02 -7.5366000E-01  9.9970000E-01  6.5681000E-01 -1.4815000E-08  6.5670000E-01
 6.8500000E+01  7.2365000E-02 -7.6294000E-01  9.9970000E-01  6.4600000E-01 -1.4998000E-08  6.4589000E-01
 6.9000000E+01  7.1988000E-02 -7.7215000E-01  9.9970000E-01  6.3497000E-01 -1.5179000E-08  6.3486000E-01
 6.9500000E+01  7.1618000E-02 -7.8127000E-01  9.9970000E-01  6.2370000E-01 -1.5358000E-08  6.2360000E-01
 7.0000000E+01  7.1256000E-02 -7.9031000E-01  9.9969000E-01  6.1221000E-01 -1.5536000E-08  6.1211000E-01
 7.0500000E+01  7.0901000E-02 -7.9925000E-01  9.9969000E-01  6.0049000E-01 -1.5712000E-08  6.0039000E-01
 7.1000000E+01  7.0554000E-02 -8.0808000E-01  9.9969000E-01  5.8855000E-01 -1.5885000E-08  5.8845000E-01
 7.1500000E+01  7.0214000E-02 -8.1680000E-01  9.9969000E-01  5.7638000E-01 -1.6057000E-08  5.7628000E-01
 7.2000000E+01  6.9882000E-02 -8.2541000E-01  9.9969000E-01  5.6398000E-01 -1.6226000E-08  5.6388000E-01
 7.2500000E+01  6.9558000E-02 -8.3389000E-01  9.9969000E-01  5.5136000E-01 -1.6393000E-08  5.5127000E-01
 7.3000000E+01  6.9242000E-02 -8.4224000E-01  9.9969000E-01  5.3852000E-01 -1.6557000E-08  5.3843000E-01
 7.3500000E+01  6.8934000E-02 -8.5045000E-01  9.9968000E-01  5.2546000E-01 -1.6719000E-08  5.2537000E-01
 7.4000000E+01  6.8634000E-02 -8.5851000E-01  9.9968000E-01  5.1218000E-01 -1.6877000E-08  5.1209000E-01
 7.4500000E+01  6.8342000E-02 -8.6641000E-01  9.9968000E-01  4.9868000E-01 -1.7033000E-08  4.9860000E-01
 7.5000000E+01  6.8059000E-02 -8.7416000E-01  9.9968000E-01  4.8498000E-01 -1.7185000E-08  4.8490000E-01
 7.5500000E+01  6.7784000E-02 -8.8173000E-01  9.9968000E-01  4.7106000E-01 -1.7334000E-08  4.7098000E-01
 7.6000000E+01  6.7518000E-02 -8.8913000E-01  9.9968000E-01  4.5694000E-01 -1.7479000E-08  4.5686000E-01
 7.6500000E+01  6.7260000E-02 -8.9635000E-01  9.9968000E-01  4.4261000E-01 -1.7621000E-08  4.4254000E-01
 7.7000000E+01  6.7011000E-02 -9.0338000E-01  9.9968000E-01  4.2809000E-01 -1.7759000E-08  4.2801000E-01
 7.7500000E+01  6.6771000E-02 -9.1020000E-01  9.9967000E-01  4.1337000E-01 -1.7894000E-08  4.1330000E-01
 7.8000000E+01  6.6539000E-02 -9.1683000E-01  9.9967000E-01  3.9845000E-01 -1.8024000E-08  3.9839000E-01
 7.8500000E+01  6.6316000E-02 -9.2324000E-01  9.9967000E-01  3.8336000E-01 -1.8150000E-08  3.8329000E-01
 7.9000000E+01  6.6102000E-02 -9.2944000E-01  9.9967000E-01  3.6808000E-01 -1.8272000E-08  3.6802000E-01
 7.9500000E+01  6.5898000E-02 -9.3541000E-01  9.9967000E-01  3.5263000E-01 -1.8389000E-08  3.5257000E-01
 8.0000000E+01  6.5702000E-02 -9.4115000E-01  9.9967000E-01  3.3701000E-01 -1.8502000E-08  3.3695000E-01
 8.0500000E+01  6.5515000E-02 -9.4665000E-01  9.9967000E-01  3.2123000E-01 -1.8611000E-08  3.2117000E-01
 8.1000000E+01  6.5338000E-02 -9.5191000E-01  9.9967000E-01  3.0528000E-01 -1.8714000E-08  3.0523000E-01
 8.1500000E+01  6.5170000E-02 -9.5692000E-01  9.9967000E-01  2.8919000E-01 -1.8813000E-08  2.8914000E-01
 8.2000000E+01  6.5011000E-02 -9.6168000E-01  9.9967000E-01  2.7296000E-01 -1.8906000E-08  2.7291000E-01
 8.2500000E+01  6.4861000E-02 -9.6617000E-01  9.9966000E-01  2.5658000E-01 -1.8995000E-08  2.5654000E-01
 8.3000000E+01  6.4721000E-02 -9.7040000E-01  9.9966000E-01  2.4008000E-01 -1.9078000E-08  2.4004000E-01
 8.3500000E+01  6.4591000E-02 -9.7437000E-01  9.9966000E-01  2.2346000E-01 -1.9156000E-08  2.2342000E-01
 8.4000000E+01  6.4469000E-02 -9.7805000E-01  9.9966000E-01  2.0672000E-01 -1.9228000E-08  2.0668000E-01
 8.4500000E+01  6.4357000E-02 -9.8146000E-01  9.9966000E-01  1.8987000E-01 -1.9295000E-08  1.8984000E-01
 8.5000000E+01  6.4255000E-02 -9.8459000E-01  9.9966000E-01  1.7293000E-01 -1.9357000E-08  1.7290000E-01
 8.5500000E+01  6.4163000E-02 -9.8743000E-01  9.9966000E-01  1.5590000E-01 -1.9413000E-08  1.5587000E-01
 8.6000000E+01  6.4080000E-02 -9.8998000E-01  9.9966000E-01  1.3878000E-01 -1.9463000E-08  1.3876000E-01
 8.6500000E+01  6.4006000E-02 -9.9223000E-01  9.9966000E-01  1.2159000E-01 -1.9507000E-08  1.2157000E-01
 8.7000000E+01  6.3942000E-02 -9.9420000E-01  9.9966000E-01  1.0434000E-01 -1.9546000E-08  1.0432000E-01
 8.7500000E+01  6.3888000E-02 -9.9586000E-01  9.9966000E-01  8.7034000E-02 -1.9579000E-08  8.7019000E-02
 8.8000000E+01  6.3844000E-02 -9.9722000E-01  9.9966000E-01  6.9681000E-02 -1.9606000E-08  6.9669000E-02
 8.8500000E+01  6.3809000E-02 -9.9829000E-01  9.9966000E-01  5.2291000E-02 -1.9627000E-08  5.2282000E-02
 8.9000000E+01  6.3784000E-02 -9.9905000E-01  9.9966000E-01  3.4873000E-02 -1.9642000E-08  3.4867000E-02
 8.9500000E+01  6.3768000E-02 -9.9950000E-01  9.9966000E-01  1.7436000E-02 -1.9651000E-08  1.7433000E-02
 9.0000000E+01  6.3763000E-02 -9.9966000E-01  9.9966000E-01 -9.7210000E-06 -1.9654000E-08 -9.6780000E-06
 9.0500000E+01  6.3767000E-02 -9.9950000E-01  9.9966000E-01 -1.7456000E-02 -1.9651000E-08 -1.7453000E-02
 9.1000000E+01  6.3780000E-02 -9.9905000E-01  9.9966000E-01 -3.4892000E-02 -1.9642000E-08 -3.4886000E-02
 9.1500000E+01  6.3804000E-02 -9.9829000E-01  9.9966000E-01 -5.2310000E-02 -1.9627000E-08 -5.2301000E-02
 9.2000000E+01  6.3837000E-02 -9.9722000E-01  9.9966000E-01 -6.9700000E-02 -1.9606000E-08 -6.9688000E-02
 9.2500000E+01  6.3880000E-02 -9.9586000E-01  9.9966000E-01 -8.7053000E-02 -1.9579000E-08 -8.7038000E-02
 9.3000000E+01  6.3932000E-02 -9.9419000E-01  9.9966000E-01 -1.0436000E-01 -1.9547000E-08 -1.0434000E-01
 9.3500000E+01  6.3994000E-02 -9.9223000E-01  9.9966000E-01 -1.2161000E-01 -1.9508000E-08 -1.2159000E-01
 9.4000000E+01  6.4066000E-02 -9.8997000E-01  9.9966000E-01 -1.3880000E-01 -1.9464000E-08 -1.3878000E-01
 9.4500000E+01  6.4147000E-02 -9.8742000E-01  9.9966000E-01 -1.5591000E-01 -1.9414000E-08 -1.5589000E-01
 9.5000000E+01  6.4238000E-02 -9.8458000E-01  9.9966000E-01 -1.7295000E-01 -1.9358000E-08 -1.7292000E-01
 9.5500000E+01  6.4339000E-02 -9.8146000E-01  9.9966000E-01 -1.8989000E-01 -1.9297000E-08 -1.8986000E-01
 9.6000000E+01  6.4449000E-02 -9.7805000E-01  9.9966000E-01 -2.0674000E-01 -1.9230000E-08 -2.0670000E-01
 9.6500000E+01  6.4568000E-02 -9.7436000E-01  9.9966000E-01 -2.2348000E-01 -1.9157000E-08 -2.2344000E-01
 9.7000000E+01  6.4697000E-02 -9.7040000E-01  9.9966000E-01 -2.4010000E-01 -1.9079000E-08 -2.4006000E-01
 9.7500000E+01  6.4836000E-02 -9.6617000E-01  9.9966000E-01 -2.5660000E-01 -1.8996000E-08 -2.5656000E-01
 9.8000000E+01  6.4983000E-02 -9.6167000E-01  9.9967000E-01 -2.7297000E-01 -1.8908000E-08 -2.7293000E-01
 9.8500000E+01  6.5140000E-02 -9.5691000E-01  9.9967000E-01 -2.8921000E-01 -1.8814000E-08 -2.8916000E-01
 9.9000000E+01  6.5307000E-02 -9.5190000E-01  9.9967000E-01 -3.0530000E-01 -1.8716000E-08 -3.0525000E-01
 9.9500000E+01  6.5482000E-02 -9.4664000E-01  9.9967000E-01 -3.2124000E-01 -1.8613000E-08 -3.2119000E-01
 1.0000000E+02  6.5667000E-02 -9.4114000E-01  9.9967000E-01 -3.3703000E-01 -1.8504000E-08 -3.3697000E-01
 1.0050000E+02  6.5861000E-02 -9.3540000E-01  9.9967000E-01 -3.5265000E-01 -1.8392000E-08 -3.5259000E-01
 1.0100000E+02  6.6064000E-02 -9.2943000E-01  9.9967000E-01 -3.6810000E-01 -1.8274000E-08 -3.6804000E-01
 1.0150000E+02  6.6276000E-02 -9.2323000E-01  9.9967000E-01 -3.8338000E-01 -1.8153000E-08 -3.8331000E-01
 1.0200000E+02  6.6497000E-02 -9.1682000E-01  9.9967000E-01 -3.9847000E-01 -1.8026000E-08 -3.9840000E-01
 1.0250000E+02  6.6727000E-02 -9.1020000E-01  9.9967000E-01 -4.1338000E-01 -1.7896000E-08 -4.1331000E-01
 1.0300000E+02  6.6965000E-02 -9.0337000E-01  9.9968000E-01 -4.2810000E-01 -1.7762000E-08 -4.2803000E-01
 1.0350000E+02  6.7212000E-02 -8.9634000E-01  9.9968000E-01 -4.4263000E-01 -1.7624000E-08 -4.4255000E-01
 1.0400000E+02  6.7468000E-02 -8.8913000E-01  9.9968000E-01 -4.5695000E-01 -1.7482000E-08 -4.5688000E-01
 1.0450000E+02  6.7733000E-02 -8.8173000E-01  9.9968000E-01 -4.7108000E-01 -1.7337000E-08 -4.7100000E-01
 1.0500000E+02  6.8006000E-02 -8.7415000E-01  9.9968000E-01 -4.8499000E-01 -1.7188000E-08 -4.8491000E-01
 1.0550000E+02  6.8287000E-02 -8.6641000E-01  9.9968000E-01 -4.9870000E-01 -1.7036000E-08 -4.9862000E-01
 1.0600000E+02  6.8577000E-02 -8.5850000E-01  9.9968000E-01 -5.1219000E-01 -1.6880000E-08 -5.1211000E-01
 1.0650000E+02  6.8874000E-02 -8.5044000E-01  9.9968000E-01 -5.2547000E-01 -1.6722000E-08 -5.2538000E-01
 1.0700000E+02  6.9180000E-02 -8.4223000E-01  9.9969000E-01 -5.3853000E-01 -1.6560000E-08 -5.3844000E-01
 1.0750000E+02  6.9494000E-02 -8.3388000E-01  9.9969000E-01 -5.5137000E-01 -1.6396000E-08 -5.5128000E-01
 1.0800000E+02  6.9816000E-02 -8.2540000E-01  9.9969000E-01 -5.6399000E-01 -1.6230000E-08 -5.6390000E-01
 1.0850000E+02  7.0146000E-02 -8.1679000E-01  9.9969000E-01 -5.7639000E-01 -1.6060000E-08 -5.7629000E-01
 1.0900000E+02  7.0484000E-02 -8.0807000E-01  9.9969000E-01 -5.8856000E-01 -1.5889000E-08 -5.8846000E-01
 1.0950000E+02  7.0829000E-02 -7.9924000E-01  9.9969000E-01 -6.0050000E-01 -1.5715000E-08 -6.0040000E-01
 1.1000000E+02  7.1182000E-02 -7.9030000E-01  9.9969000E-01 -6.1222000E-01 -1.5539000E-08 -6.1212000E-01
 1.1050000E+02  7.1542000E-02 -7.8126000E-01  9.9970000E-01 -6.2371000E-01 -1.5362000E-08 -6.2361000E-01
 1.1100000E+02  7.1909000E-02 -7.7214000E-01  9.9970000E-01 -6.3498000E-01 -1.5183000E-08 -6.3487000E-01
 1.1150000E+02  7.2284000E-02 -7.6293000E-01  9.9970000E-01 -6.4601000E-01 -1.5001000E-08 -6.4591000E-01
 1.1200000E+02  7.2666000E-02 -7.5365000E-01  9.9970000E-01 -6.5682000E-01 -1.4819000E-08 -6.5671000E-01
 1.1250000E+02  7.3055000E-02 -7.4429000E-01  9.9970000E-01 -6.6741000E-01 -1.4635000E-08 -6.6729000E-01
 1.1300000E+02  7.3450000E-02 -7.3488000E-01  9.9970000E-01 -6.7776000E-01 -1.4450000E-08 -6.7765000E-01
 1.1350000E+02  7.3852000E-02 -7.2540000E-01  9.9971000E-01 -6.8789000E-01 -1.4264000E-08 -6.8778000E-01
 1.1400000E+02  7.4261000E-02 -7.1588000E-01  9.9971000E-01 -6.9780000E-01 -1.4077000E-08 -6.9768000E-01
 1.1450000E+02  7.4677000E-02 -7.0632000E-01  9.9971000E-01 -7.0748000E-01 -1.3889000E-08 -7.0737000E-01
 1.1500000E+02  7.5099000E-02 -6.9671000E-01  9.9971000E-01 -7.1695000E-01 -1.3700000E-08 -7.1683000E-01
 1.1550000E+02  7.5527000E-02 -6.8708000E-01  9.9971000E-01 -7.2619000E-01 -1.3510000E-08 -7.2607000E-01
 1.1600000E+02  7.5961000E-02 -6.7741000E-01  9.9971000E-01 -7.3521000E-01 -1.3320000E-08 -7.3509000E-01
 1.1650000E+02  7.6401000E-02 -6.6773000E-01  9.9972000E-01 -7.4402000E-01 -1.3130000E-08 -7.4389000E-01
 1.1700000E+02  7.6847000E-02 -6.5803000E-01  9.9972000E-01 -7.5261000E-01 -1.2939000E-08 -7.5249000E-01
 1.1750000E+02  7.7298000E-02 -6.4833000E-01  9.9972000E-01 -7.6099000E-01 -1.2748000E-08 -7.6086000E-01
 1.1800000E+02  7.7755000E-02 -6.3862000E-01  9.9972000E-01 -7.6916000E-01 -1.2558000E-08 -7.6903000E-01
 1.1850000E+02  7.8218000E-02 -6.2891000E-01  9.9972000E-01 -7.7712000E-01 -1.2367000E-08 -7.7699000E-01
 1.1900000E+02  7.8686000E-02 -6.1920000E-01  9.9972000E-01 -7.8488000E-01 -1.2176000E-08 -7.8475000E-01
 1.1950000E+02  7.9159000E-02 -6.0951000E-01  9.9973000E-01 -7.9243000E-01 -1.1985000E-08 -7.9230000E-01
 1.2000000E+02  7.9637000E-02 -5.9983000E-01  9.9973000E-01 -7.9979000E-01 -1.1795000E-08 -7.9965000E-01
 1.2050000E+02  8.0120000E-02 -5.9017000E-01  9.9973000E-01 -8.0694000E-01 -1.1605000E-08 -8.0681000E-01
 1.2100000E+02  8.0607000E-02 -5.8054000E-01  9.9973000E-01 -8.1390000E-01 -1.1416000E-08 -8.1377000E-01
 1.2150000E+02  8.1099000E-02 -5.7093000E-01  9.9973000E-01 -8.2067000E-01 -1.1227000E-08 -8.2054000E-01
 1.2200000E+02  8.1596000E-02 -5.6135000E-01  9.9973000E-01 -8.2726000E-01 -1.1038000E-08 -8.2712000E-01
 1.2250000E+02  8.2096000E-02 -5.5181000E-01  9.9974000E-01 -8.3365000E-01 -1.0851000E-08 -8.3351000E-01
 1.2300000E+02  8.2601000E-02 -5.4231000E-01  9.9974000E-01 -8.3987000E-01 -1.0664000E-08 -8.3972000E-01
 1.2350000E+02  8.3110000E-02 -5.3285000E-01  9.9974000E-01 -8.4590000E-01 -1.0478000E-08 -8.4576000E-01
 1.2400000E+02  8.3623000E-02 -5.2344000E-01  9.9974000E-01 -8.5176000E-01 -1.0293000E-08 -8.5162000E-01
 1.2450000E+02  8.4139000E-02 -5.1408000E-01  9.9974000E-01 -8.5744000E-01 -1.0109000E-08 -8.5730000E-01
 1.2500000E+02  8.4658000E-02 -5.0477000E-01  9.9974000E-01 -8.6296000E-01 -9.9260000E-09 -8.6281000E-01
 1.2550000E+02  8.5181000E-02 -4.9551000E-01  9.9975000E-01 -8.6831000E-01 -9.7440000E-09 -8.6816000E-01
 1.2600000E+02  8.5707000E-02 -4.8632000E-01  9.9975000E-01 -8.7349000E-01 -9.5632000E-09 -8.7335000E-01
 1.2650000E+02  8.6236000E-02 -4.7718000E-01  9.9975000E-01 -8.7852000E-01 -9.3836000E-09 -8.7837000E-01
 1.2700000E+02  8.6768000E-02 -4.6811000E-01  9.9975000E-01 -8.8339000E-01 -9.2052000E-09 -8.8324000E-01
 1.2750000E+02  8.7303000E-02 -4.5911000E-01  9.9975000E-01 -8.8810000E-01 -9.0282000E-09 -8.8795000E-01
 1.2800000E+02  8.7840000E-02 -4.5017000E-01  9.9975000E-01 -8.9267000E-01 -8.8524000E-09 -8.9252000E-01
 1.2850000E+02  8.8379000E-02 -4.4130000E-01  9.9976000E-01 -8.9709000E-01 -8.6781000E-09 -8.9693000E-01
 1.2900000E+02  8.8921000E-02 -4.3251000E-01  9.9976000E-01 -9.0136000E-01 -8.5052000E-09 -9.0121000E-01
 1.2950000E+02  8.9465000E-02 -4.2379000E-01  9.9976000E-01 -9.0549000E-01 -8.3338000E-09 -9.0534000E-01
 1.3000000E+02  9.0010000E-02 -4.1515000E-01  9.9976000E-01 -9.0949000E-01 -8.1638000E-09 -9.0934000E-01
 1.3050000E+02  9.0557000E-02 -4.0658000E-01  9.9976000E-01 -9.1335000E-01 -7.9954000E-09 -9.1320000E-01
 1.3100000E+02  9.1106000E-02 -3.9810000E-01  9.9976000E-01 -9.1708000E-01 -7.8286000E-09 -9.1693000E-01
 1.3150000E+02  9.1656000E-02 -3.8969000E-01  9.9976000E-01 -9.2069000E-01 -7.6633000E-09 -9.2053000E-01
 1.3200000E+02  9.2207000E-02 -3.8137000E-01  9.9977000E-01 -9.2417000E-01 -7.4997000E-09 -9.2401000E-01
 1.3250000E+02  9.2759000E-02 -3.7314000E-01  9.9977000E-01 -9.2753000E-01 -7.3378000E-09 -9.2737000E-01
 1.3300000E+02  9.3312000E-02 -3.6499000E-01  9.9977000E-01 -9.3076000E-01 -7.1775000E-09 -9.3061000E-01
 1.3350000E+02  9.3866000E-02 -3.5692000E-01  9.9977000E-01 -9.3389000E-01 -7.0189000E-09 -9.3373000E-01
 1.3400000E+02  9.4420000E-02 -3.4894000E-01  9.9977000E-01 -9.3690000E-01 -6.8620000E-09 -9.3674000E-01
 1.3450000E+02  9.4975000E-02 -3.4105000E-01  9.9977000E-01 -9.3980000E-01 -6.7069000E-09 -9.3964000E-01
 1.3500000E+02  9.5529000E-02 -3.3325000E-01  9.9977000E-01 -9.4260000E-01 -6.5535000E-09 -9.4244000E-01
 1.3550000E+02  9.6084000E-02 -3.2554000E-01  9.9978000E-01 -9.4529000E-01 -6.4020000E-09 -9.4513000E-01
 1.3600000E+02  9.6639000E-02 -3.1793000E-01  9.9978000E-01 -9.4788000E-01 -6.2521000E-09 -9.4772000E-01
 1.3650000E+02  9.7193000E-02 -3.1040000E-01  9.9978000E-01 -9.5037000E-01 -6.1041000E-09 -9.5021000E-01
 1.3700000E+02  9.7747000E-02 -3.0296000E-01  9.9978000E-01 -9.5277000E-01 -5.9579000E-09 -9.5261000E-01
 1.3750000E+02  9.8300000E-02 -2.9562000E-01  9.9978000E-01 -9.5508000E-01 -5.8136000E-09 -9.5491000E-01
 1.3800000E+02  9.8852000E-02 -2.8837000E-01  9.9978000E-01 -9.5729000E-01 -5.6710000E-09 -9.5713000E-01
 1.3850000E+02  9.9403000E-02 -2.8122000E-01  9.9978000E-01 -9.5942000E-01 -5.5303000E-09 -9.5926000E-01
 1.3900000E+02  9.9953000E-02 -2.7416000E-01  9.9978000E-01 -9.6146000E-01 -5.3915000E-09 -9.6130000E-01
 1.3950000E+02  1.0050000E-01 -2.6719000E-01  9.9979000E-01 -9.6342000E-01 -5.2545000E-09 -9.6326000E-01
 1.4000000E+02  1.0105000E-01 -2.6032000E-01  9.9979000E-01 -9.6530000E-01 -5.1194000E-09 -9.6514000E-01
 1.4050000E+02  1.0159000E-01 -2.5354000E-01  9.9979000E-01 -9.6710000E-01 -4.9861000E-09 -9.6694000E-01
 1.4100000E+02  1.0214000E-01 -2.4686000E-01  9.9979000E-01 -9.6883000E-01 -4.8547000E-09 -9.6867000E-01
 1.4150000E+02  1.0268000E-01 -2.4028000E-01  9.9979000E-01 -9.7049000E-01 -4.7252000E-09 -9.7033000E-01
 1.4200000E+02  1.0322000E-01 -2.3378000E-01  9.9979000E-01 -9.7207000E-01 -4.5976000E-09 -9.7191000E-01
 1.4250000E+02  1.0376000E-01 -2.2739000E-01  9.9979000E-01 -9.7359000E-01 -4.4718000E-09 -9.7343000E-01
 1.4300000E+02  1.0429000E-01 -2.2109000E-01  9.9979000E-01 -9.7504000E-01 -4.3479000E-09 -9.7488000E-01
 1.4350000E+02  1.0482000E-01 -2.1488000E-01  9.9979000E-01 -9.7643000E-01 -4.2259000E-09 -9.7627000E-01
 1.4400000E+02  1.0535000E-01 -2.0877000E-01  9.9980000E-01 -9.7776000E-01 -4.1057000E-09 -9.7759000E-01
 1.4450000E+02  1.0588000E-01 -2.0276000E-01  9.9980000E-01 -9.7902000E-01 -3.9875000E-09 -9.7886000E-01
 1.4500000E+02  1.0640000E-01 -1.9684000E-01  9.9980000E-01 -9.8023000E-01 -3.8710000E-09 -9.8007000E-01
 1.4550000E+02  1.0692000E-01 -1.9101000E-01  9.9980000E-01 -9.8138000E-01 -3.7565000E-09 -9.8122000E-01
 1.4600000E+02  1.0744000E-01 -1.8528000E-01  9.9980000E-01 -9.8248000E-01 -3.6438000E-09 -9.8232000E-01
 1.4650000E+02  1.0795000E-01 -1.7965000E-01  9.9980000E-01 -9.8353000E-01 -3.5330000E-09 -9.8336000E-01
 1.4700000E+02  1.0846000E-01 -1.7411000E-01  9.9980000E-01 -9.8453000E-01 -3.4240000E-09 -9.8436000E-01
 1.4750000E+02  1.0896000E-01 -1.6866000E-01  9.9980000E-01 -9.8547000E-01 -3.3169000E-09 -9.8531000E-01
 1.4800000E+02  1.0946000E-01 -1.6331000E-01  9.9980000E-01 -9.8638000E-01 -3.2116000E-09 -9.8621000E-01
 1.4850000E+02  1.0996000E-01 -1.5805000E-01  9.9980000E-01 -9.8723000E-01 -3.1082000E-09 -9.8707000E-01
 1.4900000E+02  1.1045000E-01 -1.5288000E-01  9.9981000E-01 -9.8805000E-01 -3.0066000E-09 -9.8788000E-01
 1.4950000E+02  1.1094000E-01 -1.4781000E-01  9.9981000E-01 -9.8882000E-01 -2.9069000E-09 -9.8865000E-01
 1.5000000E+02  1.1142000E-01 -1.4283000E-01  9.9981000E-01 -9.8955000E-01 -2.8089000E-09 -9.8939000E-01
 1.5050000E+02  1.1190000E-01 -1.3794000E-01  9.9981000E-01 -9.9025000E-01 -2.7128000E-09 -9.9008000E-01
 1.5100000E+02  1.1237000E-01 -1.3314000E-01  9.9981000E-01 -9.9090000E-01 -2.6185000E-09 -9.9074000E-01
 1.5150000E+02  1.1284000E-01 -1.2844000E-01  9.9981000E-01 -9.9153000E-01 -2.5259000E-09 -9.9136000E-01
 1.5200000E+02  1.1330000E-01 -1.2383000E-01  9.9981000E-01 -9.9211000E-01 -2.4352000E-09 -9.9195000E-01
 1.5250000E+02  1.1376000E-01 -1.1930000E-01  9.9981000E-01 -9.9267000E-01 -2.3463000E-09 -9.9250000E-01
 1.5300000E+02  1.1421000E-01 -1.1487000E-01  9.9981000E-01 -9.9319000E-01 -2.2591000E-09 -9.9302000E-01
 1.5350000E+02  1.1466000E-01 -1.1053000E-01  9.9981000E-01 -9.9368000E-01 -2.1737000E-09 -9.9352000E-01
 1.5400000E+02  1.1510000E-01 -1.0628000E-01  9.9981000E-01 -9.9415000E-01 -2.0901000E-09 -9.9398000E-01
 1.5450000E+02  1.1553000E-01 -1.0211000E-01  9.9981000E-01 -9.9459000E-01 -2.0082000E-09 -9.9442000E-01
 1.5500000E+02  1.1596000E-01 -9.8041000E-02  9.9982000E-01 -9.9500000E-01 -1.9281000E-09 -9.9483000E-01
 1.5550000E+02  1.1638000E-01 -9.4056000E-02  9.9982000E-01 -9.9538000E-01 -1.8498000E-09 -9.9521000E-01
 1.5600000E+02  1.1679000E-01 -9.0159000E-02  9.9982000E-01 -9.9574000E-01 -1.7731000E-09 -9.9558000E-01
 1.5650000E+02  1.1720000E-01 -8.6350000E-02  9.9982000E-01 -9.9608000E-01 -1.6982000E-09 -9.9591000E-01
 1.5700000E+02  1.1761000E-01 -8.2628000E-02  9.9982000E-01 -9.9640000E-01 -1.6250000E-09 -9.9623000E-01
 1.5750000E+02  1.1800000E-01 -7.8993000E-02  9.9982000E-01 -9.9669000E-01 -1.5535000E-09 -9.9653000E-01
 1.5800000E+02  1.1839000E-01 -7.5445000E-02  9.9982000E-01 -9.9697000E-01 -1.4838000E-09 -9.9680000E-01
 1.5850000E+02  1.1877000E-01 -7.1983000E-02  9.9982000E-01 -9.9723000E-01 -1.4157000E-09 -9.9706000E-01
 1.5900000E+02  1.1915000E-01 -6.8607000E-02  9.9982000E-01 -9.9746000E-01 -1.3493000E-09 -9.9730000E-01
 1.5950000E+02  1.1951000E-01 -6.5316000E-02  9.9982000E-01 -9.9769000E-01 -1.2846000E-09 -9.9752000E-01
 1.6000000E+02  1.1987000E-01 -6.2110000E-02  9.9982000E-01 -9.9789000E-01 -1.2215000E-09 -9.9772000E-01
 1.6050000E+02  1.2023000E-01 -5.8989000E-02  9.9982000E-01 -9.9808000E-01 -1.1601000E-09 -9.9791000E-01
 1.6100000E+02  1.2057000E-01 -5.5953000E-02  9.9982000E-01 -9.9826000E-01 -1.1004000E-09 -9.9809000E-01
 1.6150000E+02  1.2091000E-01 -5.3000000E-02  9.9982000E-01 -9.9842000E-01 -1.0423000E-09 -9.9825000E-01
 1.6200000E+02  1.2124000E-01 -5.0130000E-02  9.9982000E-01 -9.9857000E-01 -9.8591000E-10 -9.9840000E-01
 1.6250000E+02  1.2156000E-01 -4.7344000E-02  9.9982000E-01 -9.9870000E-01 -9.3111000E-10 -9.9853000E-01
 1.6300000E+02  1.2188000E-01 -4.4640000E-02  9.9982000E-01 -9.9883000E-01 -8.7795000E-10 -9.9866000E-01
 1.6350000E+02  1.2218000E-01 -4.2019000E-02  9.9982000E-01 -9.9894000E-01 -8.2640000E-10 -9.9877000E-01
 1.6400000E+02  1.2248000E-01 -3.9481000E-02  9.9983000E-01 -9.9905000E-01 -7.7647000E-10 -9.9888000E-01
 1.6450000E+02  1.2277000E-01 -3.7024000E-02  9.9983000E-01 -9.9914000E-01 -7.2814000E-10 -9.9897000E-01
 1.6500000E+02  1.2305000E-01 -3.4648000E-02  9.9983000E-01 -9.9923000E-01 -6.8142000E-10 -9.9906000E-01
 1.6550000E+02  1.2332000E-01 -3.2353000E-02  9.9983000E-01 -9.9930000E-01 -6.3630000E-10 -9.9914000E-01
 1.6600000E+02  1.2359000E-01 -3.0140000E-02  9.9983000E-01 -9.9937000E-01 -5.9276000E-10 -9.9920000E-01
 1.6650000E+02  1.2384000E-01 -2.8006000E-02  9.9983000E-01 -9.9944000E-01 -5.5081000E-10 -9.9927000E-01
 1.6700000E+02  1.2409000E-01 -2.5953000E-02  9.9983000E-01 -9.9949000E-01 -5.1043000E-10 -9.9932000E-01
 1.6750000E+02  1.2433000E-01 -2.3980000E-02  9.9983000E-01 -9.9954000E-01 -4.7163000E-10 -9.9937000E-01
 1.6800000E+02  1.2456000E-01 -2.2087000E-02  9.9983000E-01 -9.9958000E-01 -4.3439000E-10 -9.9942000E-01
 1.6850000E+02  1.2478000E-01 -2.0273000E-02  9.9983000E-01 -9.9962000E-01 -3.9871000E-10 -9.9946000E-01
 1.6900000E+02  1.2499000E-01 -1.8538000E-02  9.9983000E-01 -9.9966000E-01 -3.6459000E-10 -9.9949000E-01
 1.6950000E+02  1.2520000E-01 -1.6882000E-02  9.9983000E-01 -9.9969000E-01 -3.3202000E-10 -9.9952000E-01
 1.7000000E+02  1.2539000E-01 -1.5305000E-02  9.9983000E-01 -9.9971000E-01 -3.0100000E-10 -9.9954000E-01
 1.7050000E+02  1.2558000E-01 -1.3806000E-02  9.9983000E-01 -9.9973000E-01 -2.7152000E-10 -9.9957000E-01
 1.7100000E+02  1.2575000E-01 -1.2385000E-02  9.9983000E-01 -9.9975000E-01 -2.4358000E-10 -9.9959000E-01
 1.7150000E+02  1.2592000E-01 -1.1042000E-02  9.9983000E-01 -9.9977000E-01 -2.1717000E-10 -9.9960000E-01
 1.7200000E+02  1.2608000E-01 -9.7775000E-03  9.9983000E-01 -9.9978000E-01 -1.9230000E-10 -9.9961000E-01
 1.7250000E+02  1.2623000E-01 -8.5902000E-03  9.9983000E-01 -9.9979000E-01 -1.6894000E-10 -9.9963000E-01
 1.7300000E+02  1.2636000E-01 -7.4803000E-03  9.9983000E-01 -9.9980000E-01 -1.4712000E-10 -9.9964000E-01
 1.7350000E+02  1.2649000E-01 -6.4476000E-03  9.9983000E-01 -9.9981000E-01 -1.2681000E-10 -9.9964000E-01
 1.7400000E+02  1.2661000E-01 -5.4921000E-03  9.9983000E-01 -9.9982000E-01 -1.0801000E-10 -9.9965000E-01
 1.7450000E+02  1.2672000E-01 -4.6136000E-03  9.9983000E-01 -9.9982000E-01 -9.0736000E-11 -9.9965000E-01
 1.7500000E+02  1.2683000E-01 -3.8118000E-03  9.9983000E-01 -9.9982000E-01 -7.4969000E-11 -9.9966000E-01
 1.7550000E+02  1.2692000E-01 -3.0869000E-03  9.9983000E-01 -9.9983000E-01 -6.0710000E-11 -9.9966000E-01
 1.7600000E+02  1.2700000E-01 -2.4385000E-03  9.9983000E-01 -9.9983000E-01 -4.7958000E-11 -9.9966000E-01
 1.7650000E+02  1.2707000E-01 -1.8666000E-03  9.9983000E-01 -9.9983000E-01 -3.6711000E-11 -9.9966000E-01
 1.7700000E+02  1.2713000E-01 -1.3712000E-03  9.9983000E-01 -9.9983000E-01 -2.6967000E-11 -9.9966000E-01
 1.7750000E+02  1.2719000E-01 -9.5206000E-04  9.9983000E-01 -9.9983000E-01 -1.8724000E-11 -9.9966000E-01
 1.7800000E+02  1.2723000E-01 -6.0925000E-04  9.9983000E-01 -9.9983000E-01 -1.1982000E-11 -9.9966000E-01
 1.7850000E+02  1.2726000E-01 -3.4267000E-04  9.9983000E-01 -9.9983000E-01 -6.7394000E-12 -9.9966000E-01
 1.7900000E+02  1.2729000E-01 -1.5229000E-04  9.9983000E-01 -9.9983000E-01 -2.9951000E-12 -9.9966000E-01
 1.7950000E+02  1.2730000E-01 -3.8070000E-05  9.9983000E-01 -9.9983000E-01 -7.4874000E-13 -9.9966000E-01
 1.8000000E+02  1.2731000E-01 -3.7741000E-15  9.9983000E-01 -9.9983000E-01 -7.4226000E-23 -9.9966000E-01
