length scale factor
3.1168000E-02
volume cluster radius, area mean sphere radius, circumscribing radius, cross section radius
6.2767951E-01 3.1136832E-02 2.5164898E+01 6.2767951E-01
total extinction, absorption, scattering efficiencies (unpolarized incidence)
3.4092000E-02 1.6005000E-02 1.8087000E-02
theta     11          12          22          33          34          44
 0.0000000E+00  1.0751000E+00  0.0000000E+00  9.9981000E-01  9.9981000E-01  0.0000000E+00  9.9963000E-01
 5.0000000E-01  1.0748000E+00 -4.0087000E-05  9.9981000E-01  9.9981000E-01  6.4616000E-09  9.9963000E-01
 1.0000000E+00  1.0737000E+00 -1.6035000E-04  9.9981000E-01  9.9981000E-01  2.5941000E-08  9.9963000E-01
 1.5000000E+00  1.0720000E+00 -3.6082000E-04  9.9981000E-01  9.9981000E-01  5.8722000E-08  9.9963000E-01
 2.0000000E+00  1.0695000E+00 -6.4151000E-04  9.9981000E-01  9.9981000E-01  1.0528000E-07  9.9963000E-01
 2.5000000E+00  1.0664000E+00 -1.0025000E-03  9.9981000E-01  9.9981000E-01  1.6628000E-07  9.9963000E-01
 3.0000000E+00  1.0626000E+00 -1.4437000E-03  9.9981000E-01  9.9981000E-01  2.4258000E-07  9.9963000E-01
 3.5000000E+00  1.0581000E+00 -1.9653000E-03  9.9981000E-01  9.9981000E-01  3.3524000E-07  9.9963000E-01
 4.0000000E+00  1.0530000E+00 -2.5674000E-03  9.9981000E-01  9.9981000E-01  4.4550000E-07  9.9962000E-01
 4.5000000E+00  1.0472000E+00 -3.2500000E-03  9.9981000E-01  9.9981000E-01  5.7483000E-07  9.9962000E-01
 5.0000000E+00  1.0408000E+00 -4.0132000E-03  9.9981000E-01  9.9981000E-01  7.2486000E-07  9.9962000E-01
 5.5000000E+00  1.0337000E+00 -4.8571000E-03  9.9981000E-01  9.9980000E-01  8.9747000E-07  9.9962000E-01
 6.0000000E+00  1.0261000E+00 -5.7818000E-03  9.9981000E-01  9.9980000E-01  1.0947000E-06  9.9961000E-01
 6.5000000E+00  1.0178000E+00 -6.7875000E-03  9.9981000E-01  9.9979000E-01  1.3189000E-06  9.9961000E-01
 7.0000000E+00  1.0090000E+00 -7.8742000E-03  9.9982000E-01  9.9978000E-01  1.5726000E-06  9.9960000E-01
 7.5000000E+00  9.9960000E-01 -9.0421000E-03  9.9982000E-01  9.9977000E-01  1.8584000E-06  9.9959000E-01
 8.0000000E+00  9.8969000E-01 -1.0291000E-02  9.9982000E-01  9.9976000E-01  2.1795000E-06  9.9958000E-01
 8.5000000E+00  9.7926000E-01 -1.1622000E-02  9.9982000E-01  9.9975000E-01  2.5388000E-06  9.9957000E-01
 9.0000000E+00  9.6833000E-01 -1.3035000E-02  9.9982000E-01  9.9973000E-01  2.9400000E-06  9.9955000E-01
 9.5000000E+00  9.5694000E-01 -1.4529000E-02  9.9982000E-01  9.9971000E-01  3.3868000E-06  9.9953000E-01
 1.0000000E+01  9.4510000E-01 -1.6106000E-02  9.9982000E-01  9.9969000E-01  3.8830000E-06  9.9951000E-01
 1.0500000E+01  9.3283000E-01 -1.7764000E-02  9.9982000E-01  9.9966000E-01  4.4330000E-06  9.9948000E-01
 1.1000000E+01  9.2017000E-01 -1.9505000E-02  9.9982000E-01  9.9963000E-01  5.0412000E-06  9.9945000E-01
 1.1500000E+01  9.0713000E-01 -2.1329000E-02  9.9982000E-01  9.9959000E-01  5.7125000E-06  9.9941000E-01
 1.2000000E+01  8.9374000E-01 -2.3236000E-02  9.9982000E-01  9.9955000E-01  6.4518000E-06  9.9937000E-01
 1.2500000E+01  8.8002000E-01 -2.5225000E-02  9.9982000E-01  9.9950000E-01  7.2646000E-06  9.9932000E-01
 1.3000000E+01  8.6600000E-01 -2.7298000E-02  9.9982000E-01  9.9945000E-01  8.1566000E-06  9.9927000E-01
 1.3500000E+01  8.5171000E-01 -2.9455000E-02  9.9982000E-01  9.9939000E-01  9.1338000E-06  9.9921000E-01
 1.4000000E+01  8.3717000E-01 -3.1695000E-02  9.9982000E-01  9.9932000E-01  1.0202000E-05  9.9914000E-01
 1.4500000E+01  8.2241000E-01 -3.4020000E-02  9.9982000E-01  9.9924000E-01  1.1369000E-05  9.9907000E-01
 1.5000000E+01  8.0745000E-01 -3.6429000E-02  9.9982000E-01  9.9916000E-01  1.2641000E-05  9.9898000E-01
 1.5500000E+01  7.9231000E-01 -3.8922000E-02  9.9982000E-01  9.9906000E-01  1.4026000E-05  9.9889000E-01
 1.6000000E+01  7.7703000E-01 -4.1500000E-02  9.9982000E-01  9.9896000E-01  1.5530000E-05  9.9879000E-01
 1.6500000E+01  7.6163000E-01 -4.4163000E-02  9.9982000E-01  9.9885000E-01  1.7163000E-05  9.9868000E-01
 1.7000000E+01  7.4612000E-01 -4.6912000E-02  9.9982000E-01  9.9872000E-01  1.8933000E-05  9.9855000E-01
 1.7500000E+01  7.3054000E-01 -4.9746000E-02  9.9982000E-01  9.9859000E-01  2.0848000E-05  9.9842000E-01
 1.8000000E+01  7.1490000E-01 -5.2666000E-02  9.9982000E-01  9.9844000E-01  2.2918000E-05  9.9827000E-01
 1.8500000E+01  6.9923000E-01 -5.5673000E-02  9.9982000E-01  9.9827000E-01  2.5153000E-05  9.9811000E-01
 1.9000000E+01  6.8356000E-01 -5.8766000E-02  9.9982000E-01  9.9810000E-01  2.7562000E-05  9.9793000E-01
 1.9500000E+01  6.6789000E-01 -6.1945000E-02  9.9982000E-01  9.9791000E-01  3.0156000E-05  9.9774000E-01
 2.0000000E+01  6.5226000E-01 -6.5212000E-02  9.9982000E-01  9.9770000E-01  3.2945000E-05  9.9753000E-01
 2.0500000E+01  6.3668000E-01 -6.8566000E-02  9.9982000E-01  9.9747000E-01  3.5942000E-05  9.9731000E-01
 2.1000000E+01  6.2117000E-01 -7.2008000E-02  9.9983000E-01  9.9723000E-01  3.9157000E-05  9.9707000E-01
 2.1500000E+01  6.0575000E-01 -7.5538000E-02  9.9983000E-01  9.9697000E-01  4.2603000E-05  9.9681000E-01
 2.2000000E+01  5.9044000E-01 -7.9156000E-02  9.9983000E-01  9.9669000E-01  4.6293000E-05  9.9653000E-01
 2.2500000E+01  5.7525000E-01 -8.2862000E-02  9.9983000E-01  9.9639000E-01  5.0239000E-05  9.9623000E-01
 2.3000000E+01  5.6019000E-01 -8.6657000E-02  9.9983000E-01  9.9607000E-01  5.4455000E-05  9.9591000E-01
 2.3500000E+01  5.4529000E-01 -9.0541000E-02  9.9983000E-01  9.9572000E-01  5.8954000E-05  9.9557000E-01
 2.4000000E+01  5.3055000E-01 -9.4515000E-02  9.9983000E-01  9.9535000E-01  6.3752000E-05  9.9520000E-01
 2.4500000E+01  5.1599000E-01 -9.8578000E-02  9.9983000E-01  9.9496000E-01  6.8862000E-05  9.9480000E-01
 2.5000000E+01  5.0162000E-01 -1.0273000E-01  9.9983000E-01  9.9454000E-01  7.4300000E-05  9.9438000E-01
 2.5500000E+01  4.8746000E-01 -1.0698000E-01  9.9983000E-01  9.9409000E-01  8.0081000E-05  9.9394000E-01
 2.6000000E+01  4.7350000E-01 -1.1131000E-01  9.9983000E-01  9.9362000E-01  8.6221000E-05  9.9346000E-01
 2.6500000E+01  4.5977000E-01 -1.1573000E-01  9.9983000E-01  9.9311000E-01  9.2736000E-05  9.9296000E-01
 2.7000000E+01  4.4626000E-01 -1.2025000E-01  9.9983000E-01  9.9258000E-01  9.9644000E-05  9.9242000E-01
 2.7500000E+01  4.3299000E-01 -1.2486000E-01  9.9983000E-01  9.9201000E-01  1.0696000E-04  9.9185000E-01
 2.8000000E+01  4.1996000E-01 -1.2956000E-01  9.9983000E-01  9.9140000E-01  1.1470000E-04  9.9125000E-01
 2.8500000E+01  4.0719000E-01 -1.3435000E-01  9.9983000E-01  9.9077000E-01  1.2289000E-04  9.9061000E-01
 2.9000000E+01  3.9466000E-01 -1.3923000E-01  9.9982000E-01  9.9009000E-01  1.3154000E-04  9.8994000E-01
 2.9500000E+01  3.8240000E-01 -1.4420000E-01  9.9982000E-01  9.8938000E-01  1.4067000E-04  9.8923000E-01
 3.0000000E+01  3.7039000E-01 -1.4927000E-01  9.9982000E-01  9.8863000E-01  1.5030000E-04  9.8848000E-01
 3.0500000E+01  3.5866000E-01 -1.5443000E-01  9.9982000E-01  9.8783000E-01  1.6045000E-04  9.8768000E-01
 3.1000000E+01  3.4719000E-01 -1.5968000E-01  9.9982000E-01  9.8700000E-01  1.7114000E-04  9.8685000E-01
 3.1500000E+01  3.3598000E-01 -1.6503000E-01  9.9982000E-01  9.8612000E-01  1.8238000E-04  9.8597000E-01
 3.2000000E+01  3.2505000E-01 -1.7047000E-01  9.9982000E-01  9.8519000E-01  1.9420000E-04  9.8504000E-01
 3.2500000E+01  3.1439000E-01 -1.7600000E-01  9.9982000E-01  9.8421000E-01  2.0661000E-04  9.8407000E-01
 3.3000000E+01  3.0400000E-01 -1.8162000E-01  9.9982000E-01  9.8319000E-01  2.1964000E-04  9.8304000E-01
 3.3500000E+01  2.9388000E-01 -1.8734000E-01  9.9982000E-01  9.8212000E-01  2.3331000E-04  9.8197000E-01
 3.4000000E+01  2.8403000E-01 -1.9316000E-01  9.9981000E-01  9.8099000E-01  2.4763000E-04  9.8084000E-01
 3.4500000E+01  2.7444000E-01 -1.9906000E-01  9.9981000E-01  9.7980000E-01  2.6262000E-04  9.7965000E-01
 3.5000000E+01  2.6512000E-01 -2.0506000E-01  9.9981000E-01  9.7856000E-01  2.7831000E-04  9.7841000E-01
 3.5500000E+01  2.5607000E-01 -2.1116000E-01  9.9981000E-01  9.7726000E-01  2.9471000E-04  9.7711000E-01
 3.6000000E+01  2.4727000E-01 -2.1735000E-01  9.9981000E-01  9.7590000E-01  3.1184000E-04  9.7575000E-01
 3.6500000E+01  2.3873000E-01 -2.2363000E-01  9.9980000E-01  9.7448000E-01  3.2973000E-04  9.7433000E-01
 3.7000000E+01  2.3044000E-01 -2.3001000E-01  9.9980000E-01  9.7299000E-01  3.4838000E-04  9.7284000E-01
 3.7500000E+01  2.2241000E-01 -2.3648000E-01  9.9980000E-01  9.7143000E-01  3.6783000E-04  9.7128000E-01
 3.8000000E+01  2.1462000E-01 -2.4305000E-01  9.9980000E-01  9.6981000E-01  3.8808000E-04  9.6965000E-01
 3.8500000E+01  2.0707000E-01 -2.4971000E-01  9.9979000E-01  9.6811000E-01  4.0917000E-04  9.6795000E-01
 3.9000000E+01  1.9977000E-01 -2.5646000E-01  9.9979000E-01  9.6634000E-01  4.3109000E-04  9.6618000E-01
 3.9500000E+01  1.9269000E-01 -2.6330000E-01  9.9979000E-01  9.6449000E-01  4.5388000E-04  9.6433000E-01
 4.0000000E+01  1.8585000E-01 -2.7024000E-01  9.9978000E-01  9.6257000E-01  4.7754000E-04  9.6240000E-01
 4.0500000E+01  1.7922000E-01 -2.7728000E-01  9.9978000E-01  9.6056000E-01  5.0209000E-04  9.6039000E-01
 4.1000000E+01  1.7282000E-01 -2.8440000E-01  9.9977000E-01  9.5847000E-01  5.2756000E-04  9.5830000E-01
 4.1500000E+01  1.6664000E-01 -2.9162000E-01  9.9977000E-01  9.5629000E-01  5.5394000E-04  9.5612000E-01
 4.2000000E+01  1.6066000E-01 -2.9893000E-01  9.9976000E-01  9.5402000E-01  5.8127000E-04  9.5385000E-01
 4.2500000E+01  1.5489000E-01 -3.0633000E-01  9.9976000E-01  9.5166000E-01  6.0954000E-04  9.5149000E-01
 4.3000000E+01  1.4931000E-01 -3.1383000E-01  9.9975000E-01  9.4921000E-01  6.3877000E-04  9.4904000E-01
 4.3500000E+01  1.4393000E-01 -3.2141000E-01  9.9975000E-01  9.4666000E-01  6.6897000E-04  9.4648000E-01
 4.4000000E+01  1.3874000E-01 -3.2908000E-01  9.9974000E-01  9.4402000E-01  7.0016000E-04  9.4383000E-01
 4.4500000E+01  1.3374000E-01 -3.3685000E-01  9.9973000E-01  9.4127000E-01  7.3233000E-04  9.4108000E-01
 4.5000000E+01  1.2891000E-01 -3.4470000E-01  9.9973000E-01  9.3841000E-01  7.6551000E-04  9.3822000E-01
 4.5500000E+01  1.2426000E-01 -3.5264000E-01  9.9972000E-01  9.3545000E-01  7.9968000E-04  9.3525000E-01
 4.6000000E+01  1.1978000E-01 -3.6066000E-01  9.9971000E-01  9.3237000E-01  8.3487000E-04  9.3217000E-01
 4.6500000E+01  1.1546000E-01 -3.6877000E-01  9.9970000E-01  9.2918000E-01  8.7107000E-04  9.2898000E-01
 4.7000000E+01  1.1131000E-01 -3.7697000E-01  9.9969000E-01  9.2588000E-01  9.0829000E-04  9.2567000E-01
 4.7500000E+01  1.0730000E-01 -3.8525000E-01  9.9968000E-01  9.2245000E-01  9.4652000E-04  9.2224000E-01
 4.8000000E+01  1.0345000E-01 -3.9361000E-01  9.9968000E-01  9.1890000E-01  9.8577000E-04  9.1868000E-01
 4.8500000E+01  9.9742000E-02 -4.0205000E-01  9.9966000E-01  9.1522000E-01  1.0260000E-03  9.1500000E-01
 4.9000000E+01  9.6173000E-02 -4.1058000E-01  9.9965000E-01  9.1142000E-01  1.0673000E-03  9.1119000E-01
 4.9500000E+01  9.2741000E-02 -4.1918000E-01  9.9964000E-01  9.0748000E-01  1.1096000E-03  9.0725000E-01
 5.0000000E+01  8.9440000E-02 -4.2785000E-01  9.9963000E-01  9.0341000E-01  1.1529000E-03  9.0317000E-01
 5.0500000E+01  8.6267000E-02 -4.3661000E-01  9.9962000E-01  8.9920000E-01  1.1971000E-03  8.9895000E-01
 5.1000000E+01  8.3215000E-02 -4.4543000E-01  9.9961000E-01  8.9484000E-01  1.2424000E-03  8.9459000E-01
 5.1500000E+01  8.0283000E-02 -4.5432000E-01  9.9959000E-01  8.9035000E-01  1.2886000E-03  8.9008000E-01
 5.2000000E+01  7.7464000E-02 -4.6329000E-01  9.9958000E-01  8.8570000E-01  1.3357000E-03  8.8543000E-01
 5.2500000E+01  7.4757000E-02 -4.7231000E-01  9.9956000E-01  8.8090000E-01  1.3838000E-03  8.8062000E-01
 5.3000000E+01  7.2155000E-02 -4.8141000E-01  9.9955000E-01  8.7594000E-01  1.4328000E-03  8.7566000E-01
 5.3500000E+01  6.9656000E-02 -4.9056000E-01  9.9953000E-01  8.7083000E-01  1.4827000E-03  8.7054000E-01
 5.4000000E+01  6.7257000E-02 -4.9977000E-01  9.9952000E-01  8.6556000E-01  1.5335000E-03  8.6526000E-01
 5.4500000E+01  6.4952000E-02 -5.0904000E-01  9.9950000E-01  8.6012000E-01  1.5852000E-03  8.5981000E-01
 5.5000000E+01  6.2739000E-02 -5.1836000E-01  9.9948000E-01  8.5451000E-01  1.6376000E-03  8.5419000E-01
 5.5500000E+01  6.0615000E-02 -5.2773000E-01  9.9946000E-01  8.4873000E-01  1.6909000E-03  8.4841000E-01
 5.6000000E+01  5.8575000E-02 -5.3715000E-01  9.9944000E-01  8.4278000E-01  1.7450000E-03  8.4245000E-01
 5.6500000E+01  5.6617000E-02 -5.4661000E-01  9.9942000E-01  8.3665000E-01  1.7998000E-03  8.3631000E-01
 5.7000000E+01  5.4738000E-02 -5.5611000E-01  9.9940000E-01  8.3035000E-01  1.8553000E-03  8.2999000E-01
 5.7500000E+01  5.2934000E-02 -5.6565000E-01  9.9938000E-01  8.2385000E-01  1.9114000E-03  8.2349000E-01
 5.8000000E+01  5.1203000E-02 -5.7522000E-01  9.9936000E-01  8.1717000E-01  1.9683000E-03  8.1680000E-01
 5.8500000E+01  4.9542000E-02 -5.8481000E-01  9.9934000E-01  8.1031000E-01  2.0257000E-03  8.0992000E-01
 5.9000000E+01  4.7947000E-02 -5.9444000E-01  9.9931000E-01  8.0325000E-01  2.0837000E-03  8.0285000E-01
 5.9500000E+01  4.6417000E-02 -6.0408000E-01  9.9929000E-01  7.9600000E-01  2.1423000E-03  7.9559000E-01
 6.0000000E+01  4.4949000E-02 -6.1373000E-01  9.9927000E-01  7.8854000E-01  2.2013000E-03  7.8813000E-01
 6.0500000E+01  4.3539000E-02 -6.2340000E-01  9.9924000E-01  7.8089000E-01  2.2608000E-03  7.8047000E-01
 6.1000000E+01  4.2187000E-02 -6.3307000E-01  9.9921000E-01  7.7304000E-01  2.3208000E-03  7.7260000E-01
 6.1500000E+01  4.0889000E-02 -6.4275000E-01  9.9919000E-01  7.6498000E-01  2.3811000E-03  7.6454000E-01
 6.2000000E+01  3.9643000E-02 -6.5242000E-01  9.9916000E-01  7.5672000E-01  2.4417000E-03  7.5626000E-01
 6.2500000E+01  3.8447000E-02 -6.6208000E-01  9.9913000E-01  7.4825000E-01  2.5026000E-03  7.4778000E-01
 6.3000000E+01  3.7298000E-02 -6.7173000E-01  9.9910000E-01  7.3956000E-01  2.5638000E-03  7.3908000E-01
 6.3500000E+01  3.6196000E-02 -6.8136000E-01  9.9907000E-01  7.3067000E-01  2.6252000E-03  7.3018000E-01
 6.4000000E+01  3.5138000E-02 -6.9096000E-01  9.9904000E-01  7.2156000E-01  2.6867000E-03  7.2105000E-01
 6.4500000E+01  3.4121000E-02 -7.0053000E-01  9.9901000E-01  7.1223000E-01  2.7484000E-03  7.1172000E-01
 6.5000000E+01  3.3145000E-02 -7.1007000E-01  9.9898000E-01  7.0268000E-01  2.8101000E-03  7.0216000E-01
 6.5500000E+01  3.2208000E-02 -7.1956000E-01  9.9895000E-01  6.9292000E-01  2.8719000E-03  6.9239000E-01
 6.6000000E+01  3.1307000E-02 -7.2900000E-01  9.9892000E-01  6.8294000E-01  2.9336000E-03  6.8239000E-01
 6.6500000E+01  3.0441000E-02 -7.3839000E-01  9.9888000E-01  6.7273000E-01  2.9953000E-03  6.7218000E-01
 6.7000000E+01  2.9610000E-02 -7.4772000E-01  9.9885000E-01  6.6230000E-01  3.0569000E-03  6.6174000E-01
 6.7500000E+01  2.8810000E-02 -7.5698000E-01  9.9882000E-01  6.5166000E-01  3.1184000E-03  6.5109000E-01
 6.8000000E+01  2.8042000E-02 -7.6617000E-01  9.9878000E-01  6.4078000E-01  3.1797000E-03  6.4021000E-01
 6.8500000E+01  2.7302000E-02 -7.7527000E-01  9.9875000E-01  6.2969000E-01  3.2407000E-03  6.2910000E-01
 6.9000000E+01  2.6592000E-02 -7.8429000E-01  9.9871000E-01  6.1837000E-01  3.3015000E-03  6.1778000E-01
 6.9500000E+01  2.5908000E-02 -7.9322000E-01  9.9868000E-01  6.0683000E-01  3.3620000E-03  6.0623000E-01
 7.0000000E+01  2.5250000E-02 -8.0204000E-01  9.9864000E-01  5.9507000E-01  3.4221000E-03  5.9446000E-01
 7.0500000E+01  2.4616000E-02 -8.1076000E-01  9.9861000E-01  5.8309000E-01  3.4818000E-03  5.8247000E-01
 7.1000000E+01  2.4006000E-02 -8.1936000E-01  9.9857000E-01  5.7088000E-01  3.5411000E-03  5.7026000E-01
 7.1500000E+01  2.3419000E-02 -8.2784000E-01  9.9853000E-01  5.5846000E-01  3.6000000E-03  5.5783000E-01
 7.2000000E+01  2.2854000E-02 -8.3619000E-01  9.9850000E-01  5.4582000E-01  3.6583000E-03  5.4519000E-01
 7.2500000E+01  2.2309000E-02 -8.4440000E-01  9.9846000E-01  5.3296000E-01  3.7161000E-03  5.3233000E-01
 7.3000000E+01  2.1784000E-02 -8.5248000E-01  9.9842000E-01  5.1989000E-01  3.7732000E-03  5.1925000E-01
 7.3500000E+01  2.1278000E-02 -8.6040000E-01  9.9838000E-01  5.0660000E-01  3.8298000E-03  5.0596000E-01
 7.4000000E+01  2.0790000E-02 -8.6817000E-01  9.9835000E-01  4.9311000E-01  3.8856000E-03  4.9247000E-01
 7.4500000E+01  2.0319000E-02 -8.7577000E-01  9.9831000E-01  4.7941000E-01  3.9407000E-03  4.7876000E-01
 7.5000000E+01  1.9865000E-02 -8.8320000E-01  9.9827000E-01  4.6550000E-01  3.9951000E-03  4.6485000E-01
 7.5500000E+01  1.9427000E-02 -8.9046000E-01  9.9823000E-01  4.5139000E-01  4.0487000E-03  4.5075000E-01
 7.6000000E+01  1.9004000E-02 -8.9753000E-01  9.9819000E-01  4.3709000E-01  4.1014000E-03  4.3644000E-01
 7.6500000E+01  1.8596000E-02 -9.0441000E-01  9.9815000E-01  4.2259000E-01  4.1532000E-03  4.2194000E-01
 7.7000000E+01  1.8201000E-02 -9.1109000E-01  9.9812000E-01  4.0790000E-01  4.2041000E-03  4.0726000E-01
 7.7500000E+01  1.7821000E-02 -9.1757000E-01  9.9808000E-01  3.9303000E-01  4.2540000E-03  3.9239000E-01
 7.8000000E+01  1.7453000E-02 -9.2384000E-01  9.9804000E-01  3.7797000E-01  4.3029000E-03  3.7733000E-01
 7.8500000E+01  1.7098000E-02 -9.2989000E-01  9.9800000E-01  3.6274000E-01  4.3507000E-03  3.6211000E-01
 7.9000000E+01  1.6754000E-02 -9.3571000E-01  9.9796000E-01  3.4734000E-01  4.3974000E-03  3.4671000E-01
 7.9500000E+01  1.6422000E-02 -9.4131000E-01  9.9792000E-01  3.3177000E-01  4.4430000E-03  3.3115000E-01
 8.0000000E+01  1.6101000E-02 -9.4667000E-01  9.9788000E-01  3.1604000E-01  4.4873000E-03  3.1542000E-01
 8.0500000E+01  1.5791000E-02 -9.5179000E-01  9.9785000E-01  3.0016000E-01  4.5304000E-03  2.9955000E-01
 8.1000000E+01  1.5491000E-02 -9.5666000E-01  9.9781000E-01  2.8413000E-01  4.5722000E-03  2.8353000E-01
 8.1500000E+01  1.5200000E-02 -9.6128000E-01  9.9777000E-01  2.6796000E-01  4.6126000E-03  2.6737000E-01
 8.2000000E+01  1.4919000E-02 -9.6564000E-01  9.9773000E-01  2.5165000E-01  4.6516000E-03  2.5107000E-01
 8.2500000E+01  1.4648000E-02 -9.6974000E-01  9.9769000E-01  2.3522000E-01  4.6892000E-03  2.3465000E-01
 8.3000000E+01  1.4385000E-02 -9.7357000E-01  9.9765000E-01  2.1866000E-01  4.7253000E-03  2.1811000E-01
 8.3500000E+01  1.4131000E-02 -9.7712000E-01  9.9762000E-01  2.0200000E-01  4.7599000E-03  2.0145000E-01
 8.4000000E+01  1.3884000E-02 -9.8041000E-01  9.9758000E-01  1.8522000E-01  4.7928000E-03  1.8469000E-01
 8.4500000E+01  1.3646000E-02 -9.8341000E-01  9.9754000E-01  1.6835000E-01  4.8241000E-03  1.6784000E-01
 8.5000000E+01  1.3416000E-02 -9.8612000E-01  9.9750000E-01  1.5139000E-01  4.8537000E-03  1.5089000E-01
 8.5500000E+01  1.3193000E-02 -9.8855000E-01  9.9747000E-01  1.3435000E-01  4.8816000E-03  1.3387000E-01
 8.6000000E+01  1.2977000E-02 -9.9069000E-01  9.9743000E-01  1.1724000E-01  4.9077000E-03  1.1677000E-01
 8.6500000E+01  1.2768000E-02 -9.9254000E-01  9.9739000E-01  1.0006000E-01  4.9320000E-03  9.9611000E-02
 8.7000000E+01  1.2566000E-02 -9.9409000E-01  9.9736000E-01  8.2830000E-02  4.9544000E-03  8.2397000E-02
 8.7500000E+01  1.2370000E-02 -9.9535000E-01  9.9732000E-01  6.5551000E-02  4.9749000E-03  6.5136000E-02
 8.8000000E+01  1.2181000E-02 -9.9630000E-01  9.9728000E-01  4.8233000E-02  4.9934000E-03  4.7839000E-02
 8.8500000E+01  1.1998000E-02 -9.9695000E-01  9.9725000E-01  3.0887000E-02  5.0099000E-03  3.0513000E-02
 8.9000000E+01  1.1821000E-02 -9.9730000E-01  9.9721000E-01  1.3521000E-02  5.0244000E-03  1.3169000E-02
 8.9500000E+01  1.1649000E-02 -9.9735000E-01  9.9718000E-01 -3.8556000E-03  5.0368000E-03 -4.1854000E-03
 9.0000000E+01  1.1484000E-02 -9.9710000E-01  9.9715000E-01 -2.1233000E-02  5.0471000E-03 -2.1540000E-02
 9.0500000E+01  1.1323000E-02 -9.9654000E-01  9.9711000E-01 -3.8603000E-02  5.0553000E-03 -3.8886000E-02
 9.1000000E+01  1.1168000E-02 -9.9569000E-01  9.9708000E-01 -5.5955000E-02  5.0613000E-03 -5.6214000E-02
 9.1500000E+01  1.1019000E-02 -9.9453000E-01  9.9704000E-01 -7.3281000E-02  5.0652000E-03 -7.3514000E-02
 9.2000000E+01  1.0874000E-02 -9.9307000E-01  9.9701000E-01 -9.0572000E-02  5.0668000E-03 -9.0778000E-02
 9.2500000E+01  1.0734000E-02 -9.9131000E-01  9.9698000E-01 -1.0782000E-01  5.0662000E-03 -1.0800000E-01
 9.3000000E+01  1.0600000E-02 -9.8926000E-01  9.9695000E-01 -1.2501000E-01  5.0633000E-03 -1.2516000E-01
 9.3500000E+01  1.0469000E-02 -9.8691000E-01  9.9692000E-01 -1.4214000E-01  5.0583000E-03 -1.4226000E-01
 9.4000000E+01  1.0344000E-02 -9.8427000E-01  9.9689000E-01 -1.5919000E-01  5.0509000E-03 -1.5929000E-01
 9.4500000E+01  1.0222000E-02 -9.8134000E-01  9.9686000E-01 -1.7617000E-01  5.0413000E-03 -1.7624000E-01
 9.5000000E+01  1.0105000E-02 -9.7813000E-01  9.9683000E-01 -1.9306000E-01  5.0294000E-03 -1.9309000E-01
 9.5500000E+01  9.9924000E-03 -9.7463000E-01  9.9680000E-01 -2.0985000E-01  5.0153000E-03 -2.0985000E-01
 9.6000000E+01  9.8837000E-03 -9.7086000E-01  9.9677000E-01 -2.2653000E-01  4.9989000E-03 -2.2651000E-01
 9.6500000E+01  9.7791000E-03 -9.6681000E-01  9.9674000E-01 -2.4310000E-01  4.9803000E-03 -2.4304000E-01
 9.7000000E+01  9.6783000E-03 -9.6250000E-01  9.9672000E-01 -2.5955000E-01  4.9595000E-03 -2.5946000E-01
 9.7500000E+01  9.5813000E-03 -9.5792000E-01  9.9669000E-01 -2.7587000E-01  4.9365000E-03 -2.7575000E-01
 9.8000000E+01  9.4880000E-03 -9.5308000E-01  9.9666000E-01 -2.9205000E-01  4.9113000E-03 -2.9190000E-01
 9.8500000E+01  9.3983000E-03 -9.4799000E-01  9.9664000E-01 -3.0809000E-01  4.8840000E-03 -3.0790000E-01
 9.9000000E+01  9.3122000E-03 -9.4265000E-01  9.9661000E-01 -3.2397000E-01  4.8546000E-03 -3.2375000E-01
 9.9500000E+01  9.2295000E-03 -9.3707000E-01  9.9659000E-01 -3.3970000E-01  4.8231000E-03 -3.3945000E-01
 1.0000000E+02  9.1501000E-03 -9.3125000E-01  9.9657000E-01 -3.5527000E-01  4.7896000E-03 -3.5498000E-01
 1.0050000E+02  9.0741000E-03 -9.2521000E-01  9.9655000E-01 -3.7066000E-01  4.7541000E-03 -3.7033000E-01
 1.0100000E+02  9.0012000E-03 -9.1894000E-01  9.9653000E-01 -3.8588000E-01  4.7167000E-03 -3.8552000E-01
 1.0150000E+02  8.9315000E-03 -9.1245000E-01  9.9651000E-01 -4.0092000E-01  4.6774000E-03 -4.0052000E-01
 1.0200000E+02  8.8648000E-03 -9.0576000E-01  9.9649000E-01 -4.1577000E-01  4.6363000E-03 -4.1533000E-01
 1.0250000E+02  8.8011000E-03 -8.9886000E-01  9.9647000E-01 -4.3042000E-01  4.5935000E-03 -4.2995000E-01
 1.0300000E+02  8.7403000E-03 -8.9177000E-01  9.9645000E-01 -4.4489000E-01  4.5490000E-03 -4.4438000E-01
 1.0350000E+02  8.6823000E-03 -8.8449000E-01  9.9643000E-01 -4.5915000E-01  4.5028000E-03 -4.5860000E-01
 1.0400000E+02  8.6270000E-03 -8.7703000E-01  9.9642000E-01 -4.7321000E-01  4.4551000E-03 -4.7262000E-01
 1.0450000E+02  8.5745000E-03 -8.6939000E-01  9.9640000E-01 -4.8706000E-01  4.4060000E-03 -4.8644000E-01
 1.0500000E+02  8.5245000E-03 -8.6159000E-01  9.9639000E-01 -5.0069000E-01  4.3554000E-03 -5.0004000E-01
 1.0550000E+02  8.4772000E-03 -8.5363000E-01  9.9637000E-01 -5.1412000E-01  4.3035000E-03 -5.1342000E-01
 1.0600000E+02  8.4323000E-03 -8.4552000E-01  9.9636000E-01 -5.2732000E-01  4.2503000E-03 -5.2659000E-01
 1.0650000E+02  8.3898000E-03 -8.3726000E-01  9.9635000E-01 -5.4031000E-01  4.1959000E-03 -5.3954000E-01
 1.0700000E+02  8.3498000E-03 -8.2887000E-01  9.9633000E-01 -5.5307000E-01  4.1405000E-03 -5.5227000E-01
 1.0750000E+02  8.3120000E-03 -8.2034000E-01  9.9632000E-01 -5.6561000E-01  4.0840000E-03 -5.6477000E-01
 1.0800000E+02  8.2764000E-03 -8.1170000E-01  9.9631000E-01 -5.7793000E-01  4.0266000E-03 -5.7705000E-01
 1.0850000E+02  8.2431000E-03 -8.0294000E-01  9.9630000E-01 -5.9002000E-01  3.9683000E-03 -5.8910000E-01
 1.0900000E+02  8.2119000E-03 -7.9407000E-01  9.9630000E-01 -6.0188000E-01  3.9092000E-03 -6.0093000E-01
 1.0950000E+02  8.1827000E-03 -7.8511000E-01  9.9629000E-01 -6.1352000E-01  3.8495000E-03 -6.1252000E-01
 1.1000000E+02  8.1556000E-03 -7.7605000E-01  9.9628000E-01 -6.2492000E-01  3.7891000E-03 -6.2389000E-01
 1.1050000E+02  8.1305000E-03 -7.6690000E-01  9.9628000E-01 -6.3610000E-01  3.7282000E-03 -6.3503000E-01
 1.1100000E+02  8.1072000E-03 -7.5768000E-01  9.9627000E-01 -6.4705000E-01  3.6668000E-03 -6.4594000E-01
 1.1150000E+02  8.0859000E-03 -7.4838000E-01  9.9627000E-01 -6.5777000E-01  3.6050000E-03 -6.5663000E-01
 1.1200000E+02  8.0663000E-03 -7.3902000E-01  9.9626000E-01 -6.6826000E-01  3.5429000E-03 -6.6708000E-01
 1.1250000E+02  8.0485000E-03 -7.2960000E-01  9.9626000E-01 -6.7852000E-01  3.4806000E-03 -6.7731000E-01
 1.1300000E+02  8.0324000E-03 -7.2012000E-01  9.9626000E-01 -6.8856000E-01  3.4181000E-03 -6.8731000E-01
 1.1350000E+02  8.0179000E-03 -7.1061000E-01  9.9626000E-01 -6.9838000E-01  3.3555000E-03 -6.9709000E-01
 1.1400000E+02  8.0051000E-03 -7.0105000E-01  9.9625000E-01 -7.0797000E-01  3.2928000E-03 -7.0665000E-01
 1.1450000E+02  7.9938000E-03 -6.9145000E-01  9.9625000E-01 -7.1734000E-01  3.2302000E-03 -7.1598000E-01
 1.1500000E+02  7.9841000E-03 -6.8183000E-01  9.9625000E-01 -7.2648000E-01  3.1677000E-03 -7.2509000E-01
 1.1550000E+02  7.9758000E-03 -6.7219000E-01  9.9625000E-01 -7.3541000E-01  3.1053000E-03 -7.3399000E-01
 1.1600000E+02  7.9689000E-03 -6.6253000E-01  9.9626000E-01 -7.4413000E-01  3.0432000E-03 -7.4267000E-01
 1.1650000E+02  7.9635000E-03 -6.5286000E-01  9.9626000E-01 -7.5262000E-01  2.9813000E-03 -7.5113000E-01
 1.1700000E+02  7.9593000E-03 -6.4319000E-01  9.9626000E-01 -7.6091000E-01  2.9198000E-03 -7.5938000E-01
 1.1750000E+02  7.9565000E-03 -6.3351000E-01  9.9626000E-01 -7.6899000E-01  2.8586000E-03 -7.6743000E-01
 1.1800000E+02  7.9549000E-03 -6.2384000E-01  9.9627000E-01 -7.7685000E-01  2.7978000E-03 -7.7526000E-01
 1.1850000E+02  7.9546000E-03 -6.1418000E-01  9.9627000E-01 -7.8452000E-01  2.7375000E-03 -7.8289000E-01
 1.1900000E+02  7.9554000E-03 -6.0453000E-01  9.9628000E-01 -7.9198000E-01  2.6778000E-03 -7.9032000E-01
 1.1950000E+02  7.9574000E-03 -5.9490000E-01  9.9628000E-01 -7.9924000E-01  2.6185000E-03 -7.9755000E-01
 1.2000000E+02  7.9604000E-03 -5.8530000E-01  9.9629000E-01 -8.0631000E-01  2.5599000E-03 -8.0459000E-01
 1.2050000E+02  7.9646000E-03 -5.7572000E-01  9.9629000E-01 -8.1318000E-01  2.5018000E-03 -8.1143000E-01
 1.2100000E+02  7.9697000E-03 -5.6617000E-01  9.9630000E-01 -8.1986000E-01  2.4445000E-03 -8.1808000E-01
 1.2150000E+02  7.9758000E-03 -5.5665000E-01  9.9630000E-01 -8.2636000E-01  2.3878000E-03 -8.2455000E-01
 1.2200000E+02  7.9829000E-03 -5.4718000E-01  9.9631000E-01 -8.3267000E-01  2.3318000E-03 -8.3083000E-01
 1.2250000E+02  7.9909000E-03 -5.3775000E-01  9.9632000E-01 -8.3879000E-01  2.2765000E-03 -8.3693000E-01
 1.2300000E+02  7.9998000E-03 -5.2836000E-01  9.9633000E-01 -8.4475000E-01  2.2220000E-03 -8.4285000E-01
 1.2350000E+02  8.0095000E-03 -5.1902000E-01  9.9633000E-01 -8.5052000E-01  2.1683000E-03 -8.4860000E-01
 1.2400000E+02  8.0201000E-03 -5.0974000E-01  9.9634000E-01 -8.5613000E-01  2.1154000E-03 -8.5418000E-01
 1.2450000E+02  8.0314000E-03 -5.0050000E-01  9.9635000E-01 -8.6156000E-01  2.0633000E-03 -8.5959000E-01
 1.2500000E+02  8.0435000E-03 -4.9133000E-01  9.9636000E-01 -8.6684000E-01  2.0120000E-03 -8.6484000E-01
 1.2550000E+02  8.0563000E-03 -4.8222000E-01  9.9637000E-01 -8.7195000E-01  1.9615000E-03 -8.6993000E-01
 1.2600000E+02  8.0698000E-03 -4.7317000E-01  9.9638000E-01 -8.7690000E-01  1.9119000E-03 -8.7485000E-01
 1.2650000E+02  8.0840000E-03 -4.6418000E-01  9.9639000E-01 -8.8170000E-01  1.8631000E-03 -8.7963000E-01
 1.2700000E+02  8.0987000E-03 -4.5527000E-01  9.9640000E-01 -8.8634000E-01  1.8152000E-03 -8.8425000E-01
 1.2750000E+02  8.1141000E-03 -4.4642000E-01  9.9641000E-01 -8.9084000E-01  1.7681000E-03 -8.8872000E-01
 1.2800000E+02  8.1301000E-03 -4.3765000E-01  9.9642000E-01 -8.9519000E-01  1.7219000E-03 -8.9305000E-01
 1.2850000E+02  8.1466000E-03 -4.2895000E-01  9.9643000E-01 -8.9940000E-01  1.6766000E-03 -8.9724000E-01
 1.2900000E+02  8.1636000E-03 -4.2032000E-01  9.9644000E-01 -9.0348000E-01  1.6321000E-03 -9.0129000E-01
 1.2950000E+02  8.1812000E-03 -4.1177000E-01  9.9645000E-01 -9.0741000E-01  1.5885000E-03 -9.0521000E-01
 1.3000000E+02  8.1991000E-03 -4.0331000E-01  9.9646000E-01 -9.1122000E-01  1.5457000E-03 -9.0899000E-01
 1.3050000E+02  8.2176000E-03 -3.9492000E-01  9.9647000E-01 -9.1489000E-01  1.5038000E-03 -9.1265000E-01
 1.3100000E+02  8.2364000E-03 -3.8662000E-01  9.9648000E-01 -9.1845000E-01  1.4628000E-03 -9.1618000E-01
 1.3150000E+02  8.2557000E-03 -3.7839000E-01  9.9649000E-01 -9.2187000E-01  1.4226000E-03 -9.1959000E-01
 1.3200000E+02  8.2753000E-03 -3.7026000E-01  9.9650000E-01 -9.2518000E-01  1.3832000E-03 -9.2288000E-01
 1.3250000E+02  8.2953000E-03 -3.6221000E-01  9.9651000E-01 -9.2837000E-01  1.3447000E-03 -9.2605000E-01
 1.3300000E+02  8.3156000E-03 -3.5424000E-01  9.9653000E-01 -9.3145000E-01  1.3070000E-03 -9.2911000E-01
 1.3350000E+02  8.3362000E-03 -3.4637000E-01  9.9654000E-01 -9.3442000E-01  1.2701000E-03 -9.3206000E-01
 1.3400000E+02  8.3570000E-03 -3.3858000E-01  9.9655000E-01 -9.3728000E-01  1.2340000E-03 -9.3490000E-01
 1.3450000E+02  8.3782000E-03 -3.3088000E-01  9.9656000E-01 -9.4003000E-01  1.1987000E-03 -9.3764000E-01
 1.3500000E+02  8.3995000E-03 -3.2327000E-01  9.9657000E-01 -9.4269000E-01  1.1642000E-03 -9.4028000E-01
 1.3550000E+02  8.4211000E-03 -3.1576000E-01  9.9658000E-01 -9.4524000E-01  1.1305000E-03 -9.4282000E-01
 1.3600000E+02  8.4429000E-03 -3.0833000E-01  9.9659000E-01 -9.4770000E-01  1.0975000E-03 -9.4526000E-01
 1.3650000E+02  8.4649000E-03 -3.0100000E-01  9.9660000E-01 -9.5007000E-01  1.0653000E-03 -9.4761000E-01
 1.3700000E+02  8.4871000E-03 -2.9376000E-01  9.9661000E-01 -9.5234000E-01  1.0338000E-03 -9.4987000E-01
 1.3750000E+02  8.5094000E-03 -2.8661000E-01  9.9662000E-01 -9.5453000E-01  1.0030000E-03 -9.5204000E-01
 1.3800000E+02  8.5318000E-03 -2.7955000E-01  9.9664000E-01 -9.5663000E-01  9.7299000E-04 -9.5413000E-01
 1.3850000E+02  8.5543000E-03 -2.7259000E-01  9.9665000E-01 -9.5864000E-01  9.4364000E-04 -9.5613000E-01
 1.3900000E+02  8.5769000E-03 -2.6572000E-01  9.9666000E-01 -9.6058000E-01  9.1498000E-04 -9.5806000E-01
 1.3950000E+02  8.5996000E-03 -2.5895000E-01  9.9667000E-01 -9.6244000E-01  8.8699000E-04 -9.5990000E-01
 1.4000000E+02  8.6224000E-03 -2.5227000E-01  9.9668000E-01 -9.6422000E-01  8.5967000E-04 -9.6167000E-01
 1.4050000E+02  8.6452000E-03 -2.4569000E-01  9.9669000E-01 -9.6593000E-01  8.3299000E-04 -9.6337000E-01
 1.4100000E+02  8.6680000E-03 -2.3920000E-01  9.9670000E-01 -9.6757000E-01  8.0695000E-04 -9.6499000E-01
 1.4150000E+02  8.6909000E-03 -2.3280000E-01  9.9671000E-01 -9.6914000E-01  7.8154000E-04 -9.6655000E-01
 1.4200000E+02  8.7137000E-03 -2.2650000E-01  9.9672000E-01 -9.7064000E-01  7.5673000E-04 -9.6804000E-01
 1.4250000E+02  8.7365000E-03 -2.2029000E-01  9.9673000E-01 -9.7208000E-01  7.3253000E-04 -9.6947000E-01
 1.4300000E+02  8.7594000E-03 -2.1418000E-01  9.9674000E-01 -9.7345000E-01  7.0891000E-04 -9.7083000E-01
 1.4350000E+02  8.7821000E-03 -2.0816000E-01  9.9675000E-01 -9.7476000E-01  6.8586000E-04 -9.7214000E-01
 1.4400000E+02  8.8048000E-03 -2.0223000E-01  9.9676000E-01 -9.7602000E-01  6.6338000E-04 -9.7338000E-01
 1.4450000E+02  8.8275000E-03 -1.9640000E-01  9.9677000E-01 -9.7722000E-01  6.4144000E-04 -9.7457000E-01
 1.4500000E+02  8.8500000E-03 -1.9066000E-01  9.9678000E-01 -9.7837000E-01  6.2004000E-04 -9.7571000E-01
 1.4550000E+02  8.8725000E-03 -1.8502000E-01  9.9679000E-01 -9.7946000E-01  5.9917000E-04 -9.7679000E-01
 1.4600000E+02  8.8949000E-03 -1.7947000E-01  9.9679000E-01 -9.8050000E-01  5.7881000E-04 -9.7782000E-01
 1.4650000E+02  8.9171000E-03 -1.7401000E-01  9.9680000E-01 -9.8149000E-01  5.5895000E-04 -9.7881000E-01
 1.4700000E+02  8.9393000E-03 -1.6864000E-01  9.9681000E-01 -9.8244000E-01  5.3959000E-04 -9.7975000E-01
 1.4750000E+02  8.9613000E-03 -1.6336000E-01  9.9682000E-01 -9.8334000E-01  5.2071000E-04 -9.8064000E-01
 1.4800000E+02  8.9831000E-03 -1.5818000E-01  9.9683000E-01 -9.8419000E-01  5.0230000E-04 -9.8148000E-01
 1.4850000E+02  9.0048000E-03 -1.5309000E-01  9.9684000E-01 -9.8501000E-01  4.8435000E-04 -9.8229000E-01
 1.4900000E+02  9.0264000E-03 -1.4809000E-01  9.9685000E-01 -9.8578000E-01  4.6685000E-04 -9.8305000E-01
 1.4950000E+02  9.0477000E-03 -1.4318000E-01  9.9685000E-01 -9.8651000E-01  4.4979000E-04 -9.8378000E-01
 1.5000000E+02  9.0689000E-03 -1.3836000E-01  9.9686000E-01 -9.8721000E-01  4.3316000E-04 -9.8447000E-01
 1.5050000E+02  9.0899000E-03 -1.3363000E-01  9.9687000E-01 -9.8787000E-01  4.1695000E-04 -9.8512000E-01
 1.5100000E+02  9.1106000E-03 -1.2899000E-01  9.9688000E-01 -9.8849000E-01  4.0116000E-04 -9.8574000E-01
 1.5150000E+02  9.1312000E-03 -1.2444000E-01  9.9688000E-01 -9.8908000E-01  3.8577000E-04 -9.8632000E-01
 1.5200000E+02  9.1515000E-03 -1.1997000E-01  9.9689000E-01 -9.8964000E-01  3.7078000E-04 -9.8687000E-01
 1.5250000E+02  9.1717000E-03 -1.1560000E-01  9.9690000E-01 -9.9017000E-01  3.5618000E-04 -9.8739000E-01
 1.5300000E+02  9.1915000E-03 -1.1131000E-01  9.9690000E-01 -9.9066000E-01  3.4195000E-04 -9.8789000E-01
 1.5350000E+02  9.2112000E-03 -1.0711000E-01  9.9691000E-01 -9.9113000E-01  3.2810000E-04 -9.8835000E-01
 1.5400000E+02  9.2306000E-03 -1.0300000E-01  9.9692000E-01 -9.9158000E-01  3.1461000E-04 -9.8879000E-01
 1.5450000E+02  9.2497000E-03 -9.8976000E-02  9.9692000E-01 -9.9199000E-01  3.0148000E-04 -9.8920000E-01
 1.5500000E+02  9.2686000E-03 -9.5036000E-02  9.9693000E-01 -9.9238000E-01  2.8871000E-04 -9.8958000E-01
 1.5550000E+02  9.2872000E-03 -9.1181000E-02  9.9694000E-01 -9.9275000E-01  2.7627000E-04 -9.8995000E-01
 1.5600000E+02  9.3055000E-03 -8.7412000E-02  9.9694000E-01 -9.9310000E-01  2.6418000E-04 -9.9029000E-01
 1.5650000E+02  9.3235000E-03 -8.3728000E-02  9.9695000E-01 -9.9342000E-01  2.5241000E-04 -9.9060000E-01
 1.5700000E+02  9.3413000E-03 -8.0127000E-02  9.9695000E-01 -9.9372000E-01  2.4097000E-04 -9.9090000E-01
 1.5750000E+02  9.3587000E-03 -7.6611000E-02  9.9696000E-01 -9.9401000E-01  2.2985000E-04 -9.9118000E-01
 1.5800000E+02  9.3759000E-03 -7.3178000E-02  9.9696000E-01 -9.9427000E-01  2.1905000E-04 -9.9144000E-01
 1.5850000E+02  9.3927000E-03 -6.9829000E-02  9.9697000E-01 -9.9452000E-01  2.0855000E-04 -9.9168000E-01
 1.5900000E+02  9.4092000E-03 -6.6562000E-02  9.9697000E-01 -9.9475000E-01  1.9836000E-04 -9.9190000E-01
 1.5950000E+02  9.4254000E-03 -6.3377000E-02  9.9698000E-01 -9.9496000E-01  1.8847000E-04 -9.9211000E-01
 1.6000000E+02  9.4413000E-03 -6.0274000E-02  9.9698000E-01 -9.9516000E-01  1.7887000E-04 -9.9231000E-01
 1.6050000E+02  9.4569000E-03 -5.7253000E-02  9.9699000E-01 -9.9534000E-01  1.6956000E-04 -9.9248000E-01
 1.6100000E+02  9.4721000E-03 -5.4313000E-02  9.9699000E-01 -9.9551000E-01  1.6054000E-04 -9.9265000E-01
 1.6150000E+02  9.4870000E-03 -5.1453000E-02  9.9700000E-01 -9.9566000E-01  1.5179000E-04 -9.9280000E-01
 1.6200000E+02  9.5015000E-03 -4.8674000E-02  9.9700000E-01 -9.9581000E-01  1.4333000E-04 -9.9294000E-01
 1.6250000E+02  9.5157000E-03 -4.5975000E-02  9.9700000E-01 -9.9594000E-01  1.3514000E-04 -9.9307000E-01
 1.6300000E+02  9.5295000E-03 -4.3356000E-02  9.9701000E-01 -9.9606000E-01  1.2721000E-04 -9.9319000E-01
 1.6350000E+02  9.5430000E-03 -4.0816000E-02  9.9701000E-01 -9.9617000E-01  1.1956000E-04 -9.9330000E-01
 1.6400000E+02  9.5562000E-03 -3.8355000E-02  9.9701000E-01 -9.9627000E-01  1.1216000E-04 -9.9339000E-01
 1.6450000E+02  9.5689000E-03 -3.5973000E-02  9.9702000E-01 -9.9637000E-01  1.0503000E-04 -9.9348000E-01
 1.6500000E+02  9.5813000E-03 -3.3670000E-02  9.9702000E-01 -9.9645000E-01  9.8152000E-05 -9.9356000E-01
 1.6550000E+02  9.5933000E-03 -3.1444000E-02  9.9702000E-01 -9.9653000E-01  9.1527000E-05 -9.9364000E-01
 1.6600000E+02  9.6050000E-03 -2.9297000E-02  9.9703000E-01 -9.9660000E-01  8.5152000E-05 -9.9370000E-01
 1.6650000E+02  9.6163000E-03 -2.7227000E-02  9.9703000E-01 -9.9666000E-01  7.9025000E-05 -9.9376000E-01
 1.6700000E+02  9.6272000E-03 -2.5235000E-02  9.9703000E-01 -9.9671000E-01  7.3143000E-05 -9.9381000E-01
 1.6750000E+02  9.6377000E-03 -2.3320000E-02  9.9703000E-01 -9.9676000E-01  6.7503000E-05 -9.9386000E-01
 1.6800000E+02  9.6478000E-03 -2.1481000E-02  9.9704000E-01 -9.9681000E-01  6.2103000E-05 -9.9390000E-01
 1.6850000E+02  9.6575000E-03 -1.9720000E-02  9.9704000E-01 -9.9684000E-01  5.6941000E-05 -9.9394000E-01
 1.6900000E+02  9.6668000E-03 -1.8034000E-02  9.9704000E-01 -9.9688000E-01  5.2015000E-05 -9.9397000E-01
 1.6950000E+02  9.6758000E-03 -1.6425000E-02  9.9704000E-01 -9.9691000E-01  4.7322000E-05 -9.9400000E-01
 1.7000000E+02  9.6843000E-03 -1.4893000E-02  9.9705000E-01 -9.9693000E-01  4.2860000E-05 -9.9402000E-01
 1.7050000E+02  9.6925000E-03 -1.3436000E-02  9.9705000E-01 -9.9696000E-01  3.8628000E-05 -9.9404000E-01
 1.7100000E+02  9.7002000E-03 -1.2054000E-02  9.9705000E-01 -9.9698000E-01  3.4623000E-05 -9.9406000E-01
 1.7150000E+02  9.7075000E-03 -1.0749000E-02  9.9705000E-01 -9.9699000E-01  3.0845000E-05 -9.9407000E-01
 1.7200000E+02  9.7145000E-03 -9.5184000E-03  9.9705000E-01 -9.9701000E-01  2.7290000E-05 -9.9409000E-01
 1.7250000E+02  9.7210000E-03 -8.3634000E-03  9.9705000E-01 -9.9702000E-01  2.3959000E-05 -9.9410000E-01
 1.7300000E+02  9.7271000E-03 -7.2835000E-03  9.9706000E-01 -9.9703000E-01  2.0850000E-05 -9.9410000E-01
 1.7350000E+02  9.7328000E-03 -6.2786000E-03  9.9706000E-01 -9.9704000E-01  1.7960000E-05 -9.9411000E-01
 1.7400000E+02  9.7381000E-03 -5.3486000E-03  9.9706000E-01 -9.9704000E-01  1.5290000E-05 -9.9412000E-01
 1.7450000E+02  9.7429000E-03 -4.4933000E-03  9.9706000E-01 -9.9705000E-01  1.2837000E-05 -9.9412000E-01
 1.7500000E+02  9.7474000E-03 -3.7128000E-03  9.9706000E-01 -9.9705000E-01  1.0601000E-05 -9.9412000E-01
 1.7550000E+02  9.7514000E-03 -3.0068000E-03  9.9706000E-01 -9.9706000E-01  8.5811000E-06 -9.9412000E-01
 1.7600000E+02  9.7550000E-03 -2.3754000E-03  9.9706000E-01 -9.9706000E-01  6.7760000E-06 -9.9413000E-01
 1.7650000E+02  9.7582000E-03 -1.8184000E-03  9.9706000E-01 -9.9706000E-01  5.1851000E-06 -9.9413000E-01
 1.7700000E+02  9.7609000E-03 -1.3358000E-03  9.9706000E-01 -9.9706000E-01  3.8077000E-06 -9.9413000E-01
 1.7750000E+02  9.7633000E-03 -9.2755000E-04  9.9706000E-01 -9.9706000E-01  2.6432000E-06 -9.9413000E-01
 1.7800000E+02  9.7652000E-03 -5.9359000E-04  9.9706000E-01 -9.9706000E-01  1.6911000E-06 -9.9413000E-01
 1.7850000E+02  9.7667000E-03 -3.3387000E-04  9.9706000E-01 -9.9706000E-01  9.5100000E-07 -9.9413000E-01
 1.7900000E+02  9.7677000E-03 -1.4838000E-04  9.9706000E-01 -9.9706000E-01  4.2259000E-07 -9.9413000E-01
 1.7950000E+02  9.7684000E-03 -3.7094000E-05  9.9706000E-01 -9.9706000E-01  1.0563000E-07 -9.9413000E-01
 1.8000000E+02  9.7686000E-03 -3.6773000E-15  9.9706000E-01 -9.9706000E-01  1.0472000E-17 -9.9413000E-01
