length scale factor
2.4931700E-03
volume cluster radius, area mean sphere radius, circumscribing radius, cross section radius
5.0209055E-02 2.4906768E-03 7.9340804E-01 5.0209055E-02
total extinction, absorption, scattering efficiencies (unpolarized incidence)
1.1947000E-03 1.1883000E-03 6.3746000E-06
theta     11          12          22          33          34          44
 0.0000000E+00  3.7220000E-01  0.0000000E+00  9.9983000E-01  9.9983000E-01  0.0000000E+00  9.9966000E-01
 5.0000000E-01  3.7218000E-01 -3.8082000E-05  9.9983000E-01  9.9983000E-01 -1.1348000E-10  9.9966000E-01
 1.0000000E+00  3.7214000E-01 -1.5234000E-04  9.9983000E-01  9.9983000E-01 -4.5392000E-10  9.9966000E-01
 1.5000000E+00  3.7206000E-01 -3.4278000E-04  9.9983000E-01  9.9983000E-01 -1.0214000E-09  9.9966000E-01
 2.0000000E+00  3.7196000E-01 -6.0943000E-04  9.9983000E-01  9.9983000E-01 -1.8160000E-09  9.9966000E-01
 2.5000000E+00  3.7183000E-01 -9.5235000E-04  9.9983000E-01  9.9983000E-01 -2.8377000E-09  9.9966000E-01
 3.0000000E+00  3.7166000E-01 -1.3716000E-03  9.9983000E-01  9.9983000E-01 -4.0869000E-09  9.9966000E-01
 3.5000000E+00  3.7147000E-01 -1.8672000E-03  9.9983000E-01  9.9983000E-01 -5.5636000E-09  9.9966000E-01
 4.0000000E+00  3.7125000E-01 -2.4392000E-03  9.9983000E-01  9.9983000E-01 -7.2681000E-09  9.9966000E-01
 4.5000000E+00  3.7100000E-01 -3.0878000E-03  9.9983000E-01  9.9983000E-01 -9.2006000E-09  9.9966000E-01
 5.0000000E+00  3.7072000E-01 -3.8130000E-03  9.9983000E-01  9.9982000E-01 -1.1361000E-08  9.9966000E-01
 5.5000000E+00  3.7041000E-01 -4.6150000E-03  9.9983000E-01  9.9982000E-01 -1.3751000E-08  9.9965000E-01
 6.0000000E+00  3.7007000E-01 -5.4938000E-03  9.9983000E-01  9.9982000E-01 -1.6369000E-08  9.9965000E-01
 6.5000000E+00  3.6970000E-01 -6.4496000E-03  9.9983000E-01  9.9981000E-01 -1.9217000E-08  9.9964000E-01
 7.0000000E+00  3.6930000E-01 -7.4825000E-03  9.9983000E-01  9.9980000E-01 -2.2295000E-08  9.9963000E-01
 7.5000000E+00  3.6887000E-01 -8.5928000E-03  9.9983000E-01  9.9979000E-01 -2.5603000E-08  9.9963000E-01
 8.0000000E+00  3.6842000E-01 -9.7805000E-03  9.9983000E-01  9.9978000E-01 -2.9141000E-08  9.9961000E-01
 8.5000000E+00  3.6794000E-01 -1.1046000E-02  9.9983000E-01  9.9977000E-01 -3.2911000E-08  9.9960000E-01
 9.0000000E+00  3.6743000E-01 -1.2389000E-02  9.9983000E-01  9.9975000E-01 -3.6912000E-08  9.9958000E-01
 9.5000000E+00  3.6689000E-01 -1.3810000E-02  9.9983000E-01  9.9973000E-01 -4.1146000E-08  9.9957000E-01
 1.0000000E+01  3.6632000E-01 -1.5309000E-02  9.9983000E-01  9.9971000E-01 -4.5613000E-08  9.9954000E-01
 1.0500000E+01  3.6572000E-01 -1.6887000E-02  9.9983000E-01  9.9969000E-01 -5.0313000E-08  9.9952000E-01
 1.1000000E+01  3.6510000E-01 -1.8544000E-02  9.9983000E-01  9.9966000E-01 -5.5248000E-08  9.9949000E-01
 1.1500000E+01  3.6445000E-01 -2.0279000E-02  9.9983000E-01  9.9962000E-01 -6.0417000E-08  9.9945000E-01
 1.2000000E+01  3.6377000E-01 -2.2094000E-02  9.9983000E-01  9.9958000E-01 -6.5822000E-08  9.9942000E-01
 1.2500000E+01  3.6306000E-01 -2.3988000E-02  9.9983000E-01  9.9954000E-01 -7.1464000E-08  9.9937000E-01
 1.3000000E+01  3.6233000E-01 -2.5961000E-02  9.9983000E-01  9.9949000E-01 -7.7343000E-08  9.9932000E-01
 1.3500000E+01  3.6157000E-01 -2.8015000E-02  9.9983000E-01  9.9943000E-01 -8.3459000E-08  9.9927000E-01
 1.4000000E+01  3.6079000E-01 -3.0149000E-02  9.9983000E-01  9.9937000E-01 -8.9815000E-08  9.9920000E-01
 1.4500000E+01  3.5998000E-01 -3.2363000E-02  9.9983000E-01  9.9930000E-01 -9.6410000E-08  9.9913000E-01
 1.5000000E+01  3.5914000E-01 -3.4658000E-02  9.9983000E-01  9.9922000E-01 -1.0325000E-07  9.9906000E-01
 1.5500000E+01  3.5828000E-01 -3.7035000E-02  9.9983000E-01  9.9914000E-01 -1.1032000E-07  9.9897000E-01
 1.6000000E+01  3.5739000E-01 -3.9493000E-02  9.9983000E-01  9.9904000E-01 -1.1764000E-07  9.9888000E-01
 1.6500000E+01  3.5648000E-01 -4.2032000E-02  9.9982000E-01  9.9894000E-01 -1.2520000E-07  9.9877000E-01
 1.7000000E+01  3.5554000E-01 -4.4654000E-02  9.9982000E-01  9.9883000E-01 -1.3301000E-07  9.9866000E-01
 1.7500000E+01  3.5458000E-01 -4.7358000E-02  9.9982000E-01  9.9870000E-01 -1.4106000E-07  9.9853000E-01
 1.8000000E+01  3.5359000E-01 -5.0145000E-02  9.9982000E-01  9.9856000E-01 -1.4936000E-07  9.9840000E-01
 1.8500000E+01  3.5258000E-01 -5.3016000E-02  9.9982000E-01  9.9842000E-01 -1.5791000E-07  9.9825000E-01
 1.9000000E+01  3.5155000E-01 -5.5970000E-02  9.9982000E-01  9.9825000E-01 -1.6670000E-07  9.9809000E-01
 1.9500000E+01  3.5049000E-01 -5.9007000E-02  9.9982000E-01  9.9808000E-01 -1.7575000E-07  9.9791000E-01
 2.0000000E+01  3.4941000E-01 -6.2129000E-02  9.9982000E-01  9.9789000E-01 -1.8504000E-07  9.9772000E-01
 2.0500000E+01  3.4831000E-01 -6.5336000E-02  9.9982000E-01  9.9768000E-01 -1.9459000E-07  9.9752000E-01
 2.1000000E+01  3.4719000E-01 -6.8628000E-02  9.9982000E-01  9.9746000E-01 -2.0439000E-07  9.9729000E-01
 2.1500000E+01  3.4604000E-01 -7.2005000E-02  9.9982000E-01  9.9722000E-01 -2.1444000E-07  9.9706000E-01
 2.2000000E+01  3.4487000E-01 -7.5468000E-02  9.9982000E-01  9.9697000E-01 -2.2474000E-07  9.9680000E-01
 2.2500000E+01  3.4368000E-01 -7.9017000E-02  9.9982000E-01  9.9669000E-01 -2.3531000E-07  9.9652000E-01
 2.3000000E+01  3.4247000E-01 -8.2653000E-02  9.9982000E-01  9.9640000E-01 -2.4613000E-07  9.9623000E-01
 2.3500000E+01  3.4124000E-01 -8.6376000E-02  9.9982000E-01  9.9608000E-01 -2.5721000E-07  9.9591000E-01
 2.4000000E+01  3.3999000E-01 -9.0186000E-02  9.9982000E-01  9.9574000E-01 -2.6855000E-07  9.9557000E-01
 2.4500000E+01  3.3872000E-01 -9.4084000E-02  9.9982000E-01  9.9538000E-01 -2.8015000E-07  9.9521000E-01
 2.5000000E+01  3.3743000E-01 -9.8071000E-02  9.9982000E-01  9.9499000E-01 -2.9201000E-07  9.9483000E-01
 2.5500000E+01  3.3613000E-01 -1.0215000E-01  9.9981000E-01  9.9458000E-01 -3.0413000E-07  9.9442000E-01
 2.6000000E+01  3.3480000E-01 -1.0631000E-01  9.9981000E-01  9.9415000E-01 -3.1652000E-07  9.9398000E-01
 2.6500000E+01  3.3346000E-01 -1.1056000E-01  9.9981000E-01  9.9368000E-01 -3.2917000E-07  9.9351000E-01
 2.7000000E+01  3.3209000E-01 -1.1491000E-01  9.9981000E-01  9.9319000E-01 -3.4209000E-07  9.9302000E-01
 2.7500000E+01  3.3072000E-01 -1.1934000E-01  9.9981000E-01  9.9266000E-01 -3.5528000E-07  9.9250000E-01
 2.8000000E+01  3.2932000E-01 -1.2386000E-01  9.9981000E-01  9.9211000E-01 -3.6873000E-07  9.9194000E-01
 2.8500000E+01  3.2791000E-01 -1.2848000E-01  9.9981000E-01  9.9152000E-01 -3.8246000E-07  9.9135000E-01
 2.9000000E+01  3.2648000E-01 -1.3318000E-01  9.9981000E-01  9.9090000E-01 -3.9646000E-07  9.9073000E-01
 2.9500000E+01  3.2504000E-01 -1.3798000E-01  9.9981000E-01  9.9024000E-01 -4.1072000E-07  9.9007000E-01
 3.0000000E+01  3.2358000E-01 -1.4287000E-01  9.9981000E-01  9.8955000E-01 -4.2526000E-07  9.8938000E-01
 3.0500000E+01  3.2211000E-01 -1.4785000E-01  9.9981000E-01  9.8881000E-01 -4.4008000E-07  9.8865000E-01
 3.1000000E+01  3.2062000E-01 -1.5293000E-01  9.9981000E-01  9.8804000E-01 -4.5517000E-07  9.8787000E-01
 3.1500000E+01  3.1912000E-01 -1.5810000E-01  9.9980000E-01  9.8723000E-01 -4.7053000E-07  9.8706000E-01
 3.2000000E+01  3.1761000E-01 -1.6336000E-01  9.9980000E-01  9.8637000E-01 -4.8617000E-07  9.8620000E-01
 3.2500000E+01  3.1608000E-01 -1.6871000E-01  9.9980000E-01  9.8547000E-01 -5.0209000E-07  9.8530000E-01
 3.3000000E+01  3.1454000E-01 -1.7416000E-01  9.9980000E-01  9.8452000E-01 -5.1828000E-07  9.8435000E-01
 3.3500000E+01  3.1299000E-01 -1.7970000E-01  9.9980000E-01  9.8352000E-01 -5.3476000E-07  9.8335000E-01
 3.4000000E+01  3.1143000E-01 -1.8534000E-01  9.9980000E-01  9.8247000E-01 -5.5151000E-07  9.8231000E-01
 3.4500000E+01  3.0986000E-01 -1.9107000E-01  9.9980000E-01  9.8137000E-01 -5.6854000E-07  9.8121000E-01
 3.5000000E+01  3.0828000E-01 -1.9690000E-01  9.9980000E-01  9.8022000E-01 -5.8585000E-07  9.8005000E-01
 3.5500000E+01  3.0669000E-01 -2.0282000E-01  9.9980000E-01  9.7901000E-01 -6.0345000E-07  9.7884000E-01
 3.6000000E+01  3.0509000E-01 -2.0884000E-01  9.9980000E-01  9.7774000E-01 -6.2132000E-07  9.7758000E-01
 3.6500000E+01  3.0348000E-01 -2.1495000E-01  9.9980000E-01  9.7642000E-01 -6.3948000E-07  9.7625000E-01
 3.7000000E+01  3.0186000E-01 -2.2115000E-01  9.9979000E-01  9.7503000E-01 -6.5792000E-07  9.7486000E-01
 3.7500000E+01  3.0023000E-01 -2.2746000E-01  9.9979000E-01  9.7358000E-01 -6.7664000E-07  9.7341000E-01
 3.8000000E+01  2.9860000E-01 -2.3385000E-01  9.9979000E-01  9.7206000E-01 -6.9564000E-07  9.7189000E-01
 3.8500000E+01  2.9696000E-01 -2.4035000E-01  9.9979000E-01  9.7047000E-01 -7.1492000E-07  9.7031000E-01
 3.9000000E+01  2.9531000E-01 -2.4694000E-01  9.9979000E-01  9.6882000E-01 -7.3449000E-07  9.6865000E-01
 3.9500000E+01  2.9366000E-01 -2.5362000E-01  9.9979000E-01  9.6709000E-01 -7.5433000E-07  9.6692000E-01
 4.0000000E+01  2.9200000E-01 -2.6040000E-01  9.9979000E-01  9.6528000E-01 -7.7446000E-07  9.6512000E-01
 4.0500000E+01  2.9034000E-01 -2.6727000E-01  9.9979000E-01  9.6340000E-01 -7.9487000E-07  9.6324000E-01
 4.1000000E+01  2.8867000E-01 -2.7424000E-01  9.9979000E-01  9.6144000E-01 -8.1555000E-07  9.6128000E-01
 4.1500000E+01  2.8700000E-01 -2.8130000E-01  9.9978000E-01  9.5939000E-01 -8.3652000E-07  9.5923000E-01
 4.2000000E+01  2.8533000E-01 -2.8846000E-01  9.9978000E-01  9.5727000E-01 -8.5776000E-07  9.5710000E-01
 4.2500000E+01  2.8365000E-01 -2.9571000E-01  9.9978000E-01  9.5505000E-01 -8.7928000E-07  9.5489000E-01
 4.3000000E+01  2.8197000E-01 -3.0305000E-01  9.9978000E-01  9.5274000E-01 -9.0107000E-07  9.5258000E-01
 4.3500000E+01  2.8029000E-01 -3.1049000E-01  9.9978000E-01  9.5034000E-01 -9.2314000E-07  9.5018000E-01
 4.4000000E+01  2.7861000E-01 -3.1802000E-01  9.9978000E-01  9.4785000E-01 -9.4547000E-07  9.4769000E-01
 4.4500000E+01  2.7693000E-01 -3.2564000E-01  9.9978000E-01  9.4526000E-01 -9.6808000E-07  9.4510000E-01
 4.5000000E+01  2.7525000E-01 -3.3335000E-01  9.9978000E-01  9.4256000E-01 -9.9096000E-07  9.4241000E-01
 4.5500000E+01  2.7356000E-01 -3.4115000E-01  9.9977000E-01  9.3977000E-01 -1.0141000E-06  9.3961000E-01
 4.6000000E+01  2.7188000E-01 -3.4904000E-01  9.9977000E-01  9.3686000E-01 -1.0375000E-06  9.3671000E-01
 4.6500000E+01  2.7020000E-01 -3.5702000E-01  9.9977000E-01  9.3385000E-01 -1.0612000E-06  9.3369000E-01
 4.7000000E+01  2.6852000E-01 -3.6509000E-01  9.9977000E-01  9.3073000E-01 -1.0851000E-06  9.3057000E-01
 4.7500000E+01  2.6685000E-01 -3.7324000E-01  9.9977000E-01  9.2748000E-01 -1.1093000E-06  9.2733000E-01
 4.8000000E+01  2.6517000E-01 -3.8148000E-01  9.9977000E-01  9.2412000E-01 -1.1337000E-06  9.2397000E-01
 4.8500000E+01  2.6350000E-01 -3.8981000E-01  9.9977000E-01  9.2064000E-01 -1.1584000E-06  9.2049000E-01
 4.9000000E+01  2.6184000E-01 -3.9821000E-01  9.9976000E-01  9.1704000E-01 -1.1833000E-06  9.1688000E-01
 4.9500000E+01  2.6017000E-01 -4.0670000E-01  9.9976000E-01  9.1330000E-01 -1.2084000E-06  9.1315000E-01
 5.0000000E+01  2.5852000E-01 -4.1526000E-01  9.9976000E-01  9.0944000E-01 -1.2338000E-06  9.0929000E-01
 5.0500000E+01  2.5686000E-01 -4.2391000E-01  9.9976000E-01  9.0544000E-01 -1.2594000E-06  9.0529000E-01
 5.1000000E+01  2.5522000E-01 -4.3263000E-01  9.9976000E-01  9.0130000E-01 -1.2853000E-06  9.0115000E-01
 5.1500000E+01  2.5358000E-01 -4.4143000E-01  9.9976000E-01  8.9703000E-01 -1.3113000E-06  8.9688000E-01
 5.2000000E+01  2.5194000E-01 -4.5029000E-01  9.9976000E-01  8.9261000E-01 -1.3376000E-06  8.9246000E-01
 5.2500000E+01  2.5032000E-01 -4.5923000E-01  9.9975000E-01  8.8804000E-01 -1.3641000E-06  8.8789000E-01
 5.3000000E+01  2.4870000E-01 -4.6824000E-01  9.9975000E-01  8.8332000E-01 -1.3907000E-06  8.8317000E-01
 5.3500000E+01  2.4709000E-01 -4.7731000E-01  9.9975000E-01  8.7845000E-01 -1.4176000E-06  8.7830000E-01
 5.4000000E+01  2.4549000E-01 -4.8645000E-01  9.9975000E-01  8.7342000E-01 -1.4447000E-06  8.7328000E-01
 5.4500000E+01  2.4390000E-01 -4.9565000E-01  9.9975000E-01  8.6823000E-01 -1.4719000E-06  8.6809000E-01
 5.5000000E+01  2.4231000E-01 -5.0490000E-01  9.9975000E-01  8.6288000E-01 -1.4993000E-06  8.6274000E-01
 5.5500000E+01  2.4074000E-01 -5.1422000E-01  9.9975000E-01  8.5736000E-01 -1.5268000E-06  8.5722000E-01
 5.6000000E+01  2.3918000E-01 -5.2358000E-01  9.9974000E-01  8.5168000E-01 -1.5546000E-06  8.5153000E-01
 5.6500000E+01  2.3763000E-01 -5.3299000E-01  9.9974000E-01  8.4581000E-01 -1.5824000E-06  8.4567000E-01
 5.7000000E+01  2.3609000E-01 -5.4245000E-01  9.9974000E-01  8.3978000E-01 -1.6104000E-06  8.3964000E-01
 5.7500000E+01  2.3456000E-01 -5.5196000E-01  9.9974000E-01  8.3356000E-01 -1.6385000E-06  8.3342000E-01
 5.8000000E+01  2.3304000E-01 -5.6150000E-01  9.9974000E-01  8.2716000E-01 -1.6667000E-06  8.2702000E-01
 5.8500000E+01  2.3154000E-01 -5.7107000E-01  9.9974000E-01  8.2058000E-01 -1.6951000E-06  8.2044000E-01
 5.9000000E+01  2.3005000E-01 -5.8068000E-01  9.9973000E-01  8.1380000E-01 -1.7235000E-06  8.1367000E-01
 5.9500000E+01  2.2857000E-01 -5.9032000E-01  9.9973000E-01  8.0684000E-01 -1.7520000E-06  8.0670000E-01
 6.0000000E+01  2.2711000E-01 -5.9998000E-01  9.9973000E-01  7.9968000E-01 -1.7805000E-06  7.9954000E-01
 6.0500000E+01  2.2566000E-01 -6.0966000E-01  9.9973000E-01  7.9232000E-01 -1.8091000E-06  7.9219000E-01
 6.1000000E+01  2.2423000E-01 -6.1936000E-01  9.9973000E-01  7.8476000E-01 -1.8378000E-06  7.8463000E-01
 6.1500000E+01  2.2281000E-01 -6.2906000E-01  9.9973000E-01  7.7700000E-01 -1.8665000E-06  7.7687000E-01
 6.2000000E+01  2.2141000E-01 -6.3877000E-01  9.9972000E-01  7.6904000E-01 -1.8952000E-06  7.6891000E-01
 6.2500000E+01  2.2003000E-01 -6.4848000E-01  9.9972000E-01  7.6086000E-01 -1.9239000E-06  7.6074000E-01
 6.3000000E+01  2.1866000E-01 -6.5819000E-01  9.9972000E-01  7.5248000E-01 -1.9525000E-06  7.5235000E-01
 6.3500000E+01  2.1730000E-01 -6.6789000E-01  9.9972000E-01  7.4388000E-01 -1.9812000E-06  7.4376000E-01
 6.4000000E+01  2.1597000E-01 -6.7757000E-01  9.9972000E-01  7.3507000E-01 -2.0098000E-06  7.3495000E-01
 6.4500000E+01  2.1465000E-01 -6.8723000E-01  9.9972000E-01  7.2605000E-01 -2.0383000E-06  7.2592000E-01
 6.5000000E+01  2.1335000E-01 -6.9687000E-01  9.9971000E-01  7.1680000E-01 -2.0667000E-06  7.1668000E-01
 6.5500000E+01  2.1207000E-01 -7.0647000E-01  9.9971000E-01  7.0733000E-01 -2.0951000E-06  7.0721000E-01
 6.6000000E+01  2.1081000E-01 -7.1604000E-01  9.9971000E-01  6.9765000E-01 -2.1233000E-06  6.9753000E-01
 6.6500000E+01  2.0956000E-01 -7.2556000E-01  9.9971000E-01  6.8773000E-01 -2.1514000E-06  6.8762000E-01
 6.7000000E+01  2.0834000E-01 -7.3504000E-01  9.9971000E-01  6.7760000E-01 -2.1793000E-06  6.7749000E-01
 6.7500000E+01  2.0714000E-01 -7.4445000E-01  9.9971000E-01  6.6724000E-01 -2.2071000E-06  6.6713000E-01
 6.8000000E+01  2.0595000E-01 -7.5380000E-01  9.9971000E-01  6.5665000E-01 -2.2347000E-06  6.5654000E-01
 6.8500000E+01  2.0479000E-01 -7.6309000E-01  9.9970000E-01  6.4584000E-01 -2.2620000E-06  6.4573000E-01
 6.9000000E+01  2.0365000E-01 -7.7230000E-01  9.9970000E-01  6.3480000E-01 -2.2892000E-06  6.3469000E-01
 6.9500000E+01  2.0252000E-01 -7.8142000E-01  9.9970000E-01  6.2353000E-01 -2.3161000E-06  6.2342000E-01
 7.0000000E+01  2.0142000E-01 -7.9045000E-01  9.9970000E-01  6.1203000E-01 -2.3427000E-06  6.1193000E-01
 7.0500000E+01  2.0034000E-01 -7.9939000E-01  9.9970000E-01  6.0031000E-01 -2.3690000E-06  6.0021000E-01
 7.1000000E+01  1.9929000E-01 -8.0822000E-01  9.9970000E-01  5.8836000E-01 -2.3950000E-06  5.8826000E-01
 7.1500000E+01  1.9825000E-01 -8.1695000E-01  9.9970000E-01  5.7618000E-01 -2.4207000E-06  5.7609000E-01
 7.2000000E+01  1.9724000E-01 -8.2555000E-01  9.9969000E-01  5.6378000E-01 -2.4460000E-06  5.6369000E-01
 7.2500000E+01  1.9625000E-01 -8.3403000E-01  9.9969000E-01  5.5116000E-01 -2.4710000E-06  5.5107000E-01
 7.3000000E+01  1.9528000E-01 -8.4238000E-01  9.9969000E-01  5.3832000E-01 -2.4955000E-06  5.3823000E-01
 7.3500000E+01  1.9434000E-01 -8.5058000E-01  9.9969000E-01  5.2525000E-01 -2.5197000E-06  5.2516000E-01
 7.4000000E+01  1.9342000E-01 -8.5864000E-01  9.9969000E-01  5.1197000E-01 -2.5433000E-06  5.1188000E-01
 7.4500000E+01  1.9252000E-01 -8.6655000E-01  9.9969000E-01  4.9847000E-01 -2.5666000E-06  4.9839000E-01
 7.5000000E+01  1.9165000E-01 -8.7429000E-01  9.9969000E-01  4.8476000E-01 -2.5893000E-06  4.8468000E-01
 7.5500000E+01  1.9080000E-01 -8.8186000E-01  9.9968000E-01  4.7084000E-01 -2.6116000E-06  4.7076000E-01
 7.6000000E+01  1.8998000E-01 -8.8926000E-01  9.9968000E-01  4.5671000E-01 -2.6333000E-06  4.5663000E-01
 7.6500000E+01  1.8918000E-01 -8.9647000E-01  9.9968000E-01  4.4238000E-01 -2.6545000E-06  4.4231000E-01
 7.7000000E+01  1.8840000E-01 -9.0350000E-01  9.9968000E-01  4.2785000E-01 -2.6751000E-06  4.2778000E-01
 7.7500000E+01  1.8765000E-01 -9.1032000E-01  9.9968000E-01  4.1313000E-01 -2.6951000E-06  4.1306000E-01
 7.8000000E+01  1.8693000E-01 -9.1694000E-01  9.9968000E-01  3.9821000E-01 -2.7145000E-06  3.9815000E-01
 7.8500000E+01  1.8623000E-01 -9.2335000E-01  9.9968000E-01  3.8311000E-01 -2.7333000E-06  3.8305000E-01
 7.9000000E+01  1.8556000E-01 -9.2954000E-01  9.9968000E-01  3.6783000E-01 -2.7514000E-06  3.6777000E-01
 7.9500000E+01  1.8491000E-01 -9.3551000E-01  9.9968000E-01  3.5238000E-01 -2.7688000E-06  3.5232000E-01
 8.0000000E+01  1.8429000E-01 -9.4125000E-01  9.9968000E-01  3.3675000E-01 -2.7856000E-06  3.3670000E-01
 8.0500000E+01  1.8369000E-01 -9.4675000E-01  9.9967000E-01  3.2097000E-01 -2.8017000E-06  3.2091000E-01
 8.1000000E+01  1.8312000E-01 -9.5200000E-01  9.9967000E-01  3.0502000E-01 -2.8170000E-06  3.0497000E-01
 8.1500000E+01  1.8258000E-01 -9.5701000E-01  9.9967000E-01  2.8893000E-01 -2.8316000E-06  2.8888000E-01
 8.2000000E+01  1.8206000E-01 -9.6176000E-01  9.9967000E-01  2.7269000E-01 -2.8455000E-06  2.7264000E-01
 8.2500000E+01  1.8157000E-01 -9.6625000E-01  9.9967000E-01  2.5631000E-01 -2.8586000E-06  2.5627000E-01
 8.3000000E+01  1.8110000E-01 -9.7048000E-01  9.9967000E-01  2.3981000E-01 -2.8709000E-06  2.3977000E-01
 8.3500000E+01  1.8067000E-01 -9.7444000E-01  9.9967000E-01  2.2318000E-01 -2.8823000E-06  2.2315000E-01
 8.4000000E+01  1.8025000E-01 -9.7812000E-01  9.9967000E-01  2.0644000E-01 -2.8930000E-06  2.0641000E-01
 8.4500000E+01  1.7987000E-01 -9.8153000E-01  9.9967000E-01  1.8959000E-01 -2.9029000E-06  1.8956000E-01
 8.5000000E+01  1.7951000E-01 -9.8465000E-01  9.9967000E-01  1.7265000E-01 -2.9119000E-06  1.7262000E-01
 8.5500000E+01  1.7918000E-01 -9.8748000E-01  9.9967000E-01  1.5561000E-01 -2.9201000E-06  1.5559000E-01
 8.6000000E+01  1.7888000E-01 -9.9003000E-01  9.9967000E-01  1.3850000E-01 -2.9274000E-06  1.3847000E-01
 8.6500000E+01  1.7860000E-01 -9.9228000E-01  9.9967000E-01  1.2131000E-01 -2.9338000E-06  1.2129000E-01
 8.7000000E+01  1.7835000E-01 -9.9424000E-01  9.9967000E-01  1.0405000E-01 -2.9394000E-06  1.0404000E-01
 8.7500000E+01  1.7813000E-01 -9.9590000E-01  9.9967000E-01  8.6745000E-02 -2.9441000E-06  8.6731000E-02
 8.8000000E+01  1.7794000E-01 -9.9726000E-01  9.9967000E-01  6.9391000E-02 -2.9479000E-06  6.9380000E-02
 8.8500000E+01  1.7777000E-01 -9.9831000E-01  9.9967000E-01  5.2000000E-02 -2.9508000E-06  5.1992000E-02
 8.9000000E+01  1.7763000E-01 -9.9907000E-01  9.9967000E-01  3.4582000E-02 -2.9528000E-06  3.4576000E-02
 8.9500000E+01  1.7751000E-01 -9.9952000E-01  9.9967000E-01  1.7145000E-02 -2.9539000E-06  1.7142000E-02
 9.0000000E+01  1.7742000E-01 -9.9967000E-01  9.9967000E-01 -3.0103000E-04 -2.9541000E-06 -3.0078000E-04
 9.0500000E+01  1.7736000E-01 -9.9951000E-01  9.9967000E-01 -1.7747000E-02 -2.9534000E-06 -1.7744000E-02
 9.1000000E+01  1.7733000E-01 -9.9905000E-01  9.9967000E-01 -3.5183000E-02 -2.9518000E-06 -3.5177000E-02
 9.1500000E+01  1.7733000E-01 -9.9828000E-01  9.9967000E-01 -5.2601000E-02 -2.9493000E-06 -5.2592000E-02
 9.2000000E+01  1.7735000E-01 -9.9721000E-01  9.9967000E-01 -6.9990000E-02 -2.9460000E-06 -6.9979000E-02
 9.2500000E+01  1.7739000E-01 -9.9584000E-01  9.9967000E-01 -8.7343000E-02 -2.9417000E-06 -8.7328000E-02
 9.3000000E+01  1.7747000E-01 -9.9418000E-01  9.9967000E-01 -1.0465000E-01 -2.9365000E-06 -1.0463000E-01
 9.3500000E+01  1.7757000E-01 -9.9221000E-01  9.9967000E-01 -1.2190000E-01 -2.9305000E-06 -1.2188000E-01
 9.4000000E+01  1.7770000E-01 -9.8995000E-01  9.9967000E-01 -1.3909000E-01 -2.9236000E-06 -1.3906000E-01
 9.4500000E+01  1.7785000E-01 -9.8739000E-01  9.9967000E-01 -1.5620000E-01 -2.9158000E-06 -1.5617000E-01
 9.5000000E+01  1.7803000E-01 -9.8455000E-01  9.9967000E-01 -1.7323000E-01 -2.9072000E-06 -1.7320000E-01
 9.5500000E+01  1.7824000E-01 -9.8141000E-01  9.9967000E-01 -1.9017000E-01 -2.8977000E-06 -1.9014000E-01
 9.6000000E+01  1.7848000E-01 -9.7800000E-01  9.9967000E-01 -2.0702000E-01 -2.8874000E-06 -2.0698000E-01
 9.6500000E+01  1.7874000E-01 -9.7431000E-01  9.9967000E-01 -2.2375000E-01 -2.8763000E-06 -2.2372000E-01
 9.7000000E+01  1.7902000E-01 -9.7034000E-01  9.9967000E-01 -2.4038000E-01 -2.8644000E-06 -2.4034000E-01
 9.7500000E+01  1.7933000E-01 -9.6611000E-01  9.9967000E-01 -2.5688000E-01 -2.8517000E-06 -2.5683000E-01
 9.8000000E+01  1.7967000E-01 -9.6161000E-01  9.9967000E-01 -2.7325000E-01 -2.8382000E-06 -2.7320000E-01
 9.8500000E+01  1.8003000E-01 -9.5684000E-01  9.9967000E-01 -2.8948000E-01 -2.8239000E-06 -2.8943000E-01
 9.9000000E+01  1.8042000E-01 -9.5183000E-01  9.9967000E-01 -3.0557000E-01 -2.8089000E-06 -3.0552000E-01
 9.9500000E+01  1.8084000E-01 -9.4657000E-01  9.9968000E-01 -3.2151000E-01 -2.7932000E-06 -3.2145000E-01
 1.0000000E+02  1.8127000E-01 -9.4106000E-01  9.9968000E-01 -3.3729000E-01 -2.7767000E-06 -3.3723000E-01
 1.0050000E+02  1.8174000E-01 -9.3532000E-01  9.9968000E-01 -3.5291000E-01 -2.7595000E-06 -3.5285000E-01
 1.0100000E+02  1.8223000E-01 -9.2934000E-01  9.9968000E-01 -3.6835000E-01 -2.7417000E-06 -3.6829000E-01
 1.0150000E+02  1.8274000E-01 -9.2314000E-01  9.9968000E-01 -3.8363000E-01 -2.7232000E-06 -3.8356000E-01
 1.0200000E+02  1.8328000E-01 -9.1673000E-01  9.9968000E-01 -3.9872000E-01 -2.7041000E-06 -3.9865000E-01
 1.0250000E+02  1.8384000E-01 -9.1010000E-01  9.9968000E-01 -4.1363000E-01 -2.6843000E-06 -4.1356000E-01
 1.0300000E+02  1.8442000E-01 -9.0327000E-01  9.9968000E-01 -4.2834000E-01 -2.6640000E-06 -4.2827000E-01
 1.0350000E+02  1.8503000E-01 -8.9624000E-01  9.9968000E-01 -4.4286000E-01 -2.6431000E-06 -4.4279000E-01
 1.0400000E+02  1.8566000E-01 -8.8902000E-01  9.9969000E-01 -4.5719000E-01 -2.6216000E-06 -4.5711000E-01
 1.0450000E+02  1.8632000E-01 -8.8162000E-01  9.9969000E-01 -4.7131000E-01 -2.5995000E-06 -4.7123000E-01
 1.0500000E+02  1.8700000E-01 -8.7404000E-01  9.9969000E-01 -4.8522000E-01 -2.5770000E-06 -4.8514000E-01
 1.0550000E+02  1.8770000E-01 -8.6629000E-01  9.9969000E-01 -4.9892000E-01 -2.5540000E-06 -4.9884000E-01
 1.0600000E+02  1.8842000E-01 -8.5838000E-01  9.9969000E-01 -5.1241000E-01 -2.5305000E-06 -5.1233000E-01
 1.0650000E+02  1.8917000E-01 -8.5032000E-01  9.9969000E-01 -5.2569000E-01 -2.5065000E-06 -5.2560000E-01
 1.0700000E+02  1.8993000E-01 -8.4211000E-01  9.9969000E-01 -5.3874000E-01 -2.4821000E-06 -5.3865000E-01
 1.0750000E+02  1.9072000E-01 -8.3376000E-01  9.9969000E-01 -5.5158000E-01 -2.4573000E-06 -5.5149000E-01
 1.0800000E+02  1.9153000E-01 -8.2527000E-01  9.9970000E-01 -5.6420000E-01 -2.4322000E-06 -5.6410000E-01
 1.0850000E+02  1.9237000E-01 -8.1667000E-01  9.9970000E-01 -5.7659000E-01 -2.4066000E-06 -5.7649000E-01
 1.0900000E+02  1.9322000E-01 -8.0794000E-01  9.9970000E-01 -5.8875000E-01 -2.3807000E-06 -5.8865000E-01
 1.0950000E+02  1.9409000E-01 -7.9911000E-01  9.9970000E-01 -6.0069000E-01 -2.3545000E-06 -6.0059000E-01
 1.1000000E+02  1.9498000E-01 -7.9017000E-01  9.9970000E-01 -6.1241000E-01 -2.3280000E-06 -6.1231000E-01
 1.1050000E+02  1.9590000E-01 -7.8113000E-01  9.9970000E-01 -6.2390000E-01 -2.3012000E-06 -6.2379000E-01
 1.1100000E+02  1.9683000E-01 -7.7200000E-01  9.9971000E-01 -6.3516000E-01 -2.2742000E-06 -6.3505000E-01
 1.1150000E+02  1.9778000E-01 -7.6279000E-01  9.9971000E-01 -6.4619000E-01 -2.2469000E-06 -6.4608000E-01
 1.1200000E+02  1.9875000E-01 -7.5351000E-01  9.9971000E-01 -6.5699000E-01 -2.2194000E-06 -6.5688000E-01
 1.1250000E+02  1.9974000E-01 -7.4416000E-01  9.9971000E-01 -6.6757000E-01 -2.1917000E-06 -6.6746000E-01
 1.1300000E+02  2.0075000E-01 -7.3474000E-01  9.9971000E-01 -6.7792000E-01 -2.1638000E-06 -6.7781000E-01
 1.1350000E+02  2.0177000E-01 -7.2527000E-01  9.9971000E-01 -6.8805000E-01 -2.1357000E-06 -6.8794000E-01
 1.1400000E+02  2.0282000E-01 -7.1574000E-01  9.9971000E-01 -6.9795000E-01 -2.1075000E-06 -6.9784000E-01
 1.1450000E+02  2.0388000E-01 -7.0618000E-01  9.9972000E-01 -7.0763000E-01 -2.0792000E-06 -7.0752000E-01
 1.1500000E+02  2.0495000E-01 -6.9657000E-01  9.9972000E-01 -7.1709000E-01 -2.0508000E-06 -7.1697000E-01
 1.1550000E+02  2.0605000E-01 -6.8694000E-01  9.9972000E-01 -7.2633000E-01 -2.0223000E-06 -7.2621000E-01
 1.1600000E+02  2.0715000E-01 -6.7728000E-01  9.9972000E-01 -7.3535000E-01 -1.9937000E-06 -7.3523000E-01
 1.1650000E+02  2.0828000E-01 -6.6759000E-01  9.9972000E-01 -7.4415000E-01 -1.9651000E-06 -7.4403000E-01
 1.1700000E+02  2.0942000E-01 -6.5790000E-01  9.9972000E-01 -7.5274000E-01 -1.9364000E-06 -7.5262000E-01
 1.1750000E+02  2.1058000E-01 -6.4819000E-01  9.9973000E-01 -7.6112000E-01 -1.9077000E-06 -7.6099000E-01
 1.1800000E+02  2.1175000E-01 -6.3848000E-01  9.9973000E-01 -7.6928000E-01 -1.8790000E-06 -7.6915000E-01
 1.1850000E+02  2.1293000E-01 -6.2877000E-01  9.9973000E-01 -7.7724000E-01 -1.8503000E-06 -7.7711000E-01
 1.1900000E+02  2.1413000E-01 -6.1907000E-01  9.9973000E-01 -7.8500000E-01 -1.8216000E-06 -7.8486000E-01
 1.1950000E+02  2.1534000E-01 -6.0938000E-01  9.9973000E-01 -7.9255000E-01 -1.7929000E-06 -7.9241000E-01
 1.2000000E+02  2.1656000E-01 -5.9970000E-01  9.9973000E-01 -7.9990000E-01 -1.7643000E-06 -7.9976000E-01
 1.2050000E+02  2.1780000E-01 -5.9004000E-01  9.9974000E-01 -8.0705000E-01 -1.7358000E-06 -8.0691000E-01
 1.2100000E+02  2.1905000E-01 -5.8040000E-01  9.9974000E-01 -8.1401000E-01 -1.7074000E-06 -8.1387000E-01
 1.2150000E+02  2.2031000E-01 -5.7080000E-01  9.9974000E-01 -8.2077000E-01 -1.6790000E-06 -8.2064000E-01
 1.2200000E+02  2.2159000E-01 -5.6122000E-01  9.9974000E-01 -8.2735000E-01 -1.6507000E-06 -8.2721000E-01
 1.2250000E+02  2.2287000E-01 -5.5168000E-01  9.9974000E-01 -8.3375000E-01 -1.6225000E-06 -8.3361000E-01
 1.2300000E+02  2.2417000E-01 -5.4218000E-01  9.9974000E-01 -8.3996000E-01 -1.5945000E-06 -8.3981000E-01
 1.2350000E+02  2.2547000E-01 -5.3273000E-01  9.9975000E-01 -8.4599000E-01 -1.5666000E-06 -8.4585000E-01
 1.2400000E+02  2.2678000E-01 -5.2332000E-01  9.9975000E-01 -8.5184000E-01 -1.5388000E-06 -8.5170000E-01
 1.2450000E+02  2.2811000E-01 -5.1395000E-01  9.9975000E-01 -8.5752000E-01 -1.5112000E-06 -8.5738000E-01
 1.2500000E+02  2.2944000E-01 -5.0465000E-01  9.9975000E-01 -8.6304000E-01 -1.4837000E-06 -8.6289000E-01
 1.2550000E+02  2.3078000E-01 -4.9539000E-01  9.9975000E-01 -8.6838000E-01 -1.4564000E-06 -8.6824000E-01
 1.2600000E+02  2.3213000E-01 -4.8620000E-01  9.9975000E-01 -8.7357000E-01 -1.4293000E-06 -8.7342000E-01
 1.2650000E+02  2.3349000E-01 -4.7707000E-01  9.9975000E-01 -8.7859000E-01 -1.4024000E-06 -8.7844000E-01
 1.2700000E+02  2.3485000E-01 -4.6800000E-01  9.9976000E-01 -8.8345000E-01 -1.3756000E-06 -8.8331000E-01
 1.2750000E+02  2.3623000E-01 -4.5899000E-01  9.9976000E-01 -8.8817000E-01 -1.3491000E-06 -8.8802000E-01
 1.2800000E+02  2.3760000E-01 -4.5006000E-01  9.9976000E-01 -8.9273000E-01 -1.3227000E-06 -8.9258000E-01
 1.2850000E+02  2.3899000E-01 -4.4119000E-01  9.9976000E-01 -8.9715000E-01 -1.2966000E-06 -8.9700000E-01
 1.2900000E+02  2.4038000E-01 -4.3240000E-01  9.9976000E-01 -9.0142000E-01 -1.2707000E-06 -9.0127000E-01
 1.2950000E+02  2.4177000E-01 -4.2368000E-01  9.9976000E-01 -9.0555000E-01 -1.2450000E-06 -9.0540000E-01
 1.3000000E+02  2.4317000E-01 -4.1504000E-01  9.9976000E-01 -9.0954000E-01 -1.2195000E-06 -9.0939000E-01
 1.3050000E+02  2.4457000E-01 -4.0648000E-01  9.9977000E-01 -9.1340000E-01 -1.1943000E-06 -9.1325000E-01
 1.3100000E+02  2.4598000E-01 -3.9800000E-01  9.9977000E-01 -9.1713000E-01 -1.1693000E-06 -9.1698000E-01
 1.3150000E+02  2.4739000E-01 -3.8959000E-01  9.9977000E-01 -9.2074000E-01 -1.1445000E-06 -9.2058000E-01
 1.3200000E+02  2.4880000E-01 -3.8128000E-01  9.9977000E-01 -9.2421000E-01 -1.1200000E-06 -9.2406000E-01
 1.3250000E+02  2.5022000E-01 -3.7304000E-01  9.9977000E-01 -9.2757000E-01 -1.0958000E-06 -9.2741000E-01
 1.3300000E+02  2.5164000E-01 -3.6489000E-01  9.9977000E-01 -9.3081000E-01 -1.0718000E-06 -9.3065000E-01
 1.3350000E+02  2.5305000E-01 -3.5683000E-01  9.9977000E-01 -9.3393000E-01 -1.0480000E-06 -9.3377000E-01
 1.3400000E+02  2.5447000E-01 -3.4885000E-01  9.9978000E-01 -9.3694000E-01 -1.0245000E-06 -9.3678000E-01
 1.3450000E+02  2.5590000E-01 -3.4096000E-01  9.9978000E-01 -9.3984000E-01 -1.0013000E-06 -9.3968000E-01
 1.3500000E+02  2.5732000E-01 -3.3317000E-01  9.9978000E-01 -9.4263000E-01 -9.7835000E-07 -9.4248000E-01
 1.3550000E+02  2.5874000E-01 -3.2546000E-01  9.9978000E-01 -9.4532000E-01 -9.5567000E-07 -9.4516000E-01
 1.3600000E+02  2.6016000E-01 -3.1784000E-01  9.9978000E-01 -9.4791000E-01 -9.3325000E-07 -9.4775000E-01
 1.3650000E+02  2.6158000E-01 -3.1032000E-01  9.9978000E-01 -9.5040000E-01 -9.1110000E-07 -9.5024000E-01
 1.3700000E+02  2.6299000E-01 -3.0288000E-01  9.9978000E-01 -9.5280000E-01 -8.8923000E-07 -9.5264000E-01
 1.3750000E+02  2.6441000E-01 -2.9554000E-01  9.9978000E-01 -9.5510000E-01 -8.6763000E-07 -9.5494000E-01
 1.3800000E+02  2.6582000E-01 -2.8830000E-01  9.9979000E-01 -9.5732000E-01 -8.4631000E-07 -9.5716000E-01
 1.3850000E+02  2.6723000E-01 -2.8114000E-01  9.9979000E-01 -9.5944000E-01 -8.2527000E-07 -9.5928000E-01
 1.3900000E+02  2.6864000E-01 -2.7408000E-01  9.9979000E-01 -9.6149000E-01 -8.0451000E-07 -9.6132000E-01
 1.3950000E+02  2.7004000E-01 -2.6712000E-01  9.9979000E-01 -9.6344000E-01 -7.8402000E-07 -9.6328000E-01
 1.4000000E+02  2.7144000E-01 -2.6025000E-01  9.9979000E-01 -9.6532000E-01 -7.6382000E-07 -9.6516000E-01
 1.4050000E+02  2.7284000E-01 -2.5347000E-01  9.9979000E-01 -9.6713000E-01 -7.4390000E-07 -9.6696000E-01
 1.4100000E+02  2.7423000E-01 -2.4679000E-01  9.9979000E-01 -9.6885000E-01 -7.2426000E-07 -9.6869000E-01
 1.4150000E+02  2.7561000E-01 -2.4021000E-01  9.9979000E-01 -9.7051000E-01 -7.0490000E-07 -9.7035000E-01
 1.4200000E+02  2.7699000E-01 -2.3372000E-01  9.9979000E-01 -9.7209000E-01 -6.8582000E-07 -9.7193000E-01
 1.4250000E+02  2.7836000E-01 -2.2733000E-01  9.9980000E-01 -9.7361000E-01 -6.6702000E-07 -9.7345000E-01
 1.4300000E+02  2.7973000E-01 -2.2103000E-01  9.9980000E-01 -9.7506000E-01 -6.4851000E-07 -9.7490000E-01
 1.4350000E+02  2.8109000E-01 -2.1482000E-01  9.9980000E-01 -9.7645000E-01 -6.3028000E-07 -9.7628000E-01
 1.4400000E+02  2.8244000E-01 -2.0872000E-01  9.9980000E-01 -9.7777000E-01 -6.1233000E-07 -9.7761000E-01
 1.4450000E+02  2.8378000E-01 -2.0270000E-01  9.9980000E-01 -9.7904000E-01 -5.9466000E-07 -9.7887000E-01
 1.4500000E+02  2.8512000E-01 -1.9678000E-01  9.9980000E-01 -9.8024000E-01 -5.7727000E-07 -9.8008000E-01
 1.4550000E+02  2.8645000E-01 -1.9096000E-01  9.9980000E-01 -9.8140000E-01 -5.6016000E-07 -9.8123000E-01
 1.4600000E+02  2.8776000E-01 -1.8523000E-01  9.9980000E-01 -9.8249000E-01 -5.4333000E-07 -9.8233000E-01
 1.4650000E+02  2.8907000E-01 -1.7960000E-01  9.9980000E-01 -9.8354000E-01 -5.2678000E-07 -9.8338000E-01
 1.4700000E+02  2.9037000E-01 -1.7406000E-01  9.9980000E-01 -9.8454000E-01 -5.1051000E-07 -9.8437000E-01
 1.4750000E+02  2.9166000E-01 -1.6861000E-01  9.9981000E-01 -9.8548000E-01 -4.9452000E-07 -9.8532000E-01
 1.4800000E+02  2.9293000E-01 -1.6326000E-01  9.9981000E-01 -9.8639000E-01 -4.7880000E-07 -9.8622000E-01
 1.4850000E+02  2.9420000E-01 -1.5800000E-01  9.9981000E-01 -9.8724000E-01 -4.6336000E-07 -9.8708000E-01
 1.4900000E+02  2.9545000E-01 -1.5284000E-01  9.9981000E-01 -9.8806000E-01 -4.4820000E-07 -9.8789000E-01
 1.4950000E+02  2.9670000E-01 -1.4777000E-01  9.9981000E-01 -9.8883000E-01 -4.3331000E-07 -9.8866000E-01
 1.5000000E+02  2.9793000E-01 -1.4279000E-01  9.9981000E-01 -9.8956000E-01 -4.1869000E-07 -9.8939000E-01
 1.5050000E+02  2.9915000E-01 -1.3790000E-01  9.9981000E-01 -9.9025000E-01 -4.0434000E-07 -9.9009000E-01
 1.5100000E+02  3.0035000E-01 -1.3311000E-01  9.9981000E-01 -9.9091000E-01 -3.9027000E-07 -9.9075000E-01
 1.5150000E+02  3.0154000E-01 -1.2840000E-01  9.9981000E-01 -9.9153000E-01 -3.7646000E-07 -9.9137000E-01
 1.5200000E+02  3.0272000E-01 -1.2379000E-01  9.9981000E-01 -9.9212000E-01 -3.6293000E-07 -9.9195000E-01
 1.5250000E+02  3.0388000E-01 -1.1927000E-01  9.9981000E-01 -9.9267000E-01 -3.4966000E-07 -9.9251000E-01
 1.5300000E+02  3.0503000E-01 -1.1484000E-01  9.9981000E-01 -9.9320000E-01 -3.3666000E-07 -9.9303000E-01
 1.5350000E+02  3.0617000E-01 -1.1050000E-01  9.9981000E-01 -9.9369000E-01 -3.2392000E-07 -9.9352000E-01
 1.5400000E+02  3.0729000E-01 -1.0625000E-01  9.9982000E-01 -9.9415000E-01 -3.1145000E-07 -9.9399000E-01
 1.5450000E+02  3.0840000E-01 -1.0209000E-01  9.9982000E-01 -9.9459000E-01 -2.9924000E-07 -9.9442000E-01
 1.5500000E+02  3.0948000E-01 -9.8013000E-02  9.9982000E-01 -9.9500000E-01 -2.8729000E-07 -9.9483000E-01
 1.5550000E+02  3.1056000E-01 -9.4029000E-02  9.9982000E-01 -9.9539000E-01 -2.7561000E-07 -9.9522000E-01
 1.5600000E+02  3.1161000E-01 -9.0134000E-02  9.9982000E-01 -9.9575000E-01 -2.6418000E-07 -9.9558000E-01
 1.5650000E+02  3.1265000E-01 -8.6326000E-02  9.9982000E-01 -9.9608000E-01 -2.5301000E-07 -9.9592000E-01
 1.5700000E+02  3.1368000E-01 -8.2605000E-02  9.9982000E-01 -9.9640000E-01 -2.4210000E-07 -9.9623000E-01
 1.5750000E+02  3.1468000E-01 -7.8971000E-02  9.9982000E-01 -9.9670000E-01 -2.3144000E-07 -9.9653000E-01
 1.5800000E+02  3.1567000E-01 -7.5424000E-02  9.9982000E-01 -9.9697000E-01 -2.2104000E-07 -9.9680000E-01
 1.5850000E+02  3.1664000E-01 -7.1963000E-02  9.9982000E-01 -9.9723000E-01 -2.1089000E-07 -9.9706000E-01
 1.5900000E+02  3.1760000E-01 -6.8588000E-02  9.9982000E-01 -9.9747000E-01 -2.0099000E-07 -9.9730000E-01
 1.5950000E+02  3.1853000E-01 -6.5298000E-02  9.9982000E-01 -9.9769000E-01 -1.9134000E-07 -9.9752000E-01
 1.6000000E+02  3.1945000E-01 -6.2093000E-02  9.9982000E-01 -9.9789000E-01 -1.8195000E-07 -9.9773000E-01
 1.6050000E+02  3.2034000E-01 -5.8973000E-02  9.9982000E-01 -9.9808000E-01 -1.7280000E-07 -9.9792000E-01
 1.6100000E+02  3.2122000E-01 -5.5937000E-02  9.9982000E-01 -9.9826000E-01 -1.6390000E-07 -9.9809000E-01
 1.6150000E+02  3.2208000E-01 -5.2985000E-02  9.9982000E-01 -9.9842000E-01 -1.5525000E-07 -9.9825000E-01
 1.6200000E+02  3.2291000E-01 -5.0116000E-02  9.9982000E-01 -9.9857000E-01 -1.4684000E-07 -9.9840000E-01
 1.6250000E+02  3.2373000E-01 -4.7331000E-02  9.9982000E-01 -9.9870000E-01 -1.3867000E-07 -9.9854000E-01
 1.6300000E+02  3.2453000E-01 -4.4628000E-02  9.9983000E-01 -9.9883000E-01 -1.3075000E-07 -9.9866000E-01
 1.6350000E+02  3.2531000E-01 -4.2008000E-02  9.9983000E-01 -9.9894000E-01 -1.2307000E-07 -9.9878000E-01
 1.6400000E+02  3.2606000E-01 -3.9470000E-02  9.9983000E-01 -9.9905000E-01 -1.1563000E-07 -9.9888000E-01
 1.6450000E+02  3.2680000E-01 -3.7013000E-02  9.9983000E-01 -9.9914000E-01 -1.0843000E-07 -9.9897000E-01
 1.6500000E+02  3.2751000E-01 -3.4638000E-02  9.9983000E-01 -9.9923000E-01 -1.0147000E-07 -9.9906000E-01
 1.6550000E+02  3.2821000E-01 -3.2344000E-02  9.9983000E-01 -9.9930000E-01 -9.4751000E-08 -9.9914000E-01
 1.6600000E+02  3.2888000E-01 -3.0131000E-02  9.9983000E-01 -9.9937000E-01 -8.8266000E-08 -9.9921000E-01
 1.6650000E+02  3.2953000E-01 -2.7999000E-02  9.9983000E-01 -9.9944000E-01 -8.2018000E-08 -9.9927000E-01
 1.6700000E+02  3.3016000E-01 -2.5946000E-02  9.9983000E-01 -9.9949000E-01 -7.6004000E-08 -9.9932000E-01
 1.6750000E+02  3.3076000E-01 -2.3974000E-02  9.9983000E-01 -9.9954000E-01 -7.0225000E-08 -9.9937000E-01
 1.6800000E+02  3.3135000E-01 -2.2081000E-02  9.9983000E-01 -9.9959000E-01 -6.4679000E-08 -9.9942000E-01
 1.6850000E+02  3.3191000E-01 -2.0267000E-02  9.9983000E-01 -9.9962000E-01 -5.9366000E-08 -9.9946000E-01
 1.6900000E+02  3.3245000E-01 -1.8533000E-02  9.9983000E-01 -9.9966000E-01 -5.4285000E-08 -9.9949000E-01
 1.6950000E+02  3.3296000E-01 -1.6877000E-02  9.9983000E-01 -9.9969000E-01 -4.9435000E-08 -9.9952000E-01
 1.7000000E+02  3.3345000E-01 -1.5301000E-02  9.9983000E-01 -9.9971000E-01 -4.4815000E-08 -9.9955000E-01
 1.7050000E+02  3.3392000E-01 -1.3802000E-02  9.9983000E-01 -9.9974000E-01 -4.0426000E-08 -9.9957000E-01
 1.7100000E+02  3.3437000E-01 -1.2382000E-02  9.9983000E-01 -9.9975000E-01 -3.6265000E-08 -9.9959000E-01
 1.7150000E+02  3.3479000E-01 -1.1039000E-02  9.9983000E-01 -9.9977000E-01 -3.2333000E-08 -9.9960000E-01
 1.7200000E+02  3.3519000E-01 -9.7747000E-03  9.9983000E-01 -9.9978000E-01 -2.8629000E-08 -9.9962000E-01
 1.7250000E+02  3.3557000E-01 -8.5877000E-03  9.9983000E-01 -9.9979000E-01 -2.5152000E-08 -9.9963000E-01
 1.7300000E+02  3.3592000E-01 -7.4782000E-03  9.9983000E-01 -9.9980000E-01 -2.1902000E-08 -9.9964000E-01
 1.7350000E+02  3.3625000E-01 -6.4458000E-03  9.9983000E-01 -9.9981000E-01 -1.8878000E-08 -9.9964000E-01
 1.7400000E+02  3.3655000E-01 -5.4906000E-03  9.9983000E-01 -9.9982000E-01 -1.6080000E-08 -9.9965000E-01
 1.7450000E+02  3.3683000E-01 -4.6123000E-03  9.9983000E-01 -9.9982000E-01 -1.3508000E-08 -9.9965000E-01
 1.7500000E+02  3.3709000E-01 -3.8108000E-03  9.9983000E-01 -9.9982000E-01 -1.1161000E-08 -9.9966000E-01
 1.7550000E+02  3.3732000E-01 -3.0860000E-03  9.9983000E-01 -9.9983000E-01 -9.0379000E-09 -9.9966000E-01
 1.7600000E+02  3.3753000E-01 -2.4378000E-03  9.9983000E-01 -9.9983000E-01 -7.1394000E-09 -9.9966000E-01
 1.7650000E+02  3.3771000E-01 -1.8661000E-03  9.9983000E-01 -9.9983000E-01 -5.4651000E-09 -9.9966000E-01
 1.7700000E+02  3.3787000E-01 -1.3708000E-03  9.9983000E-01 -9.9983000E-01 -4.0145000E-09 -9.9966000E-01
 1.7750000E+02  3.3801000E-01 -9.5179000E-04  9.9983000E-01 -9.9983000E-01 -2.7874000E-09 -9.9966000E-01
 1.7800000E+02  3.3812000E-01 -6.0907000E-04  9.9983000E-01 -9.9983000E-01 -1.7837000E-09 -9.9966000E-01
 1.7850000E+02  3.3820000E-01 -3.4257000E-04  9.9983000E-01 -9.9983000E-01 -1.0033000E-09 -9.9967000E-01
 1.7900000E+02  3.3826000E-01 -1.5224000E-04  9.9983000E-01 -9.9983000E-01 -4.4586000E-10 -9.9967000E-01
 1.7950000E+02  3.3830000E-01 -3.8059000E-05  9.9983000E-01 -9.9983000E-01 -1.1146000E-10 -9.9967000E-01
 1.8000000E+02  3.3831000E-01 -3.7730000E-15  9.9983000E-01 -9.9983000E-01 -1.1050000E-20 -9.9967000E-01
