length scale factor
2.8048000E-04
volume cluster radius, area mean sphere radius, circumscribing radius, cross section radius
5.6484989E-03 2.8019952E-04 8.7338539E-02 5.6484989E-03
total extinction, absorption, scattering efficiencies (unpolarized incidence)
1.3366000E-04 1.3362000E-04 3.8738000E-08
theta     11          12          22          33          34          44
 0.0000000E+00  9.8058000E-03  0.0000000E+00  9.9983000E-01  9.9983000E-01  0.0000000E+00  9.9966000E-01
 5.0000000E-01  9.8054000E-03 -3.8071000E-05  9.9983000E-01  9.9983000E-01 -1.4355000E-12  9.9966000E-01
 1.0000000E+00  9.8043000E-03 -1.5229000E-04  9.9983000E-01  9.9983000E-01 -5.7421000E-12  9.9966000E-01
 1.5000000E+00  9.8024000E-03 -3.4268000E-04  9.9983000E-01  9.9983000E-01 -1.2921000E-11  9.9966000E-01
 2.0000000E+00  9.7998000E-03 -6.0926000E-04  9.9983000E-01  9.9983000E-01 -2.2972000E-11  9.9966000E-01
 2.5000000E+00  9.7965000E-03 -9.5207000E-04  9.9983000E-01  9.9983000E-01 -3.5898000E-11  9.9966000E-01
 3.0000000E+00  9.7924000E-03 -1.3712000E-03  9.9983000E-01  9.9983000E-01 -5.1700000E-11  9.9966000E-01
 3.5000000E+00  9.7875000E-03 -1.8666000E-03  9.9983000E-01  9.9983000E-01 -7.0381000E-11  9.9966000E-01
 4.0000000E+00  9.7819000E-03 -2.4385000E-03  9.9983000E-01  9.9983000E-01 -9.1944000E-11  9.9966000E-01
 4.5000000E+00  9.7756000E-03 -3.0869000E-03  9.9983000E-01  9.9983000E-01 -1.1639000E-10  9.9966000E-01
 5.0000000E+00  9.7685000E-03 -3.8119000E-03  9.9983000E-01  9.9982000E-01 -1.4373000E-10  9.9966000E-01
 5.5000000E+00  9.7607000E-03 -4.6136000E-03  9.9983000E-01  9.9982000E-01 -1.7396000E-10  9.9965000E-01
 6.0000000E+00  9.7522000E-03 -5.4922000E-03  9.9983000E-01  9.9982000E-01 -2.0708000E-10  9.9965000E-01
 6.5000000E+00  9.7429000E-03 -6.4477000E-03  9.9983000E-01  9.9981000E-01 -2.4311000E-10  9.9964000E-01
 7.0000000E+00  9.7330000E-03 -7.4804000E-03  9.9983000E-01  9.9980000E-01 -2.8205000E-10  9.9963000E-01
 7.5000000E+00  9.7222000E-03 -8.5903000E-03  9.9983000E-01  9.9979000E-01 -3.2390000E-10  9.9963000E-01
 8.0000000E+00  9.7108000E-03 -9.7776000E-03  9.9983000E-01  9.9978000E-01 -3.6867000E-10  9.9961000E-01
 8.5000000E+00  9.6986000E-03 -1.1043000E-02  9.9983000E-01  9.9977000E-01 -4.1636000E-10  9.9960000E-01
 9.0000000E+00  9.6858000E-03 -1.2385000E-02  9.9983000E-01  9.9975000E-01 -4.6699000E-10  9.9959000E-01
 9.5000000E+00  9.6722000E-03 -1.3806000E-02  9.9983000E-01  9.9973000E-01 -5.2056000E-10  9.9957000E-01
 1.0000000E+01  9.6579000E-03 -1.5305000E-02  9.9983000E-01  9.9971000E-01 -5.7708000E-10  9.9954000E-01
 1.0500000E+01  9.6429000E-03 -1.6882000E-02  9.9983000E-01  9.9969000E-01 -6.3655000E-10  9.9952000E-01
 1.1000000E+01  9.6272000E-03 -1.8538000E-02  9.9983000E-01  9.9966000E-01 -6.9899000E-10  9.9949000E-01
 1.1500000E+01  9.6108000E-03 -2.0273000E-02  9.9983000E-01  9.9962000E-01 -7.6441000E-10  9.9945000E-01
 1.2000000E+01  9.5938000E-03 -2.2087000E-02  9.9983000E-01  9.9958000E-01 -8.3280000E-10  9.9942000E-01
 1.2500000E+01  9.5760000E-03 -2.3981000E-02  9.9983000E-01  9.9954000E-01 -9.0420000E-10  9.9937000E-01
 1.3000000E+01  9.5576000E-03 -2.5954000E-02  9.9983000E-01  9.9949000E-01 -9.7859000E-10  9.9932000E-01
 1.3500000E+01  9.5385000E-03 -2.8007000E-02  9.9983000E-01  9.9943000E-01 -1.0560000E-09  9.9927000E-01
 1.4000000E+01  9.5187000E-03 -3.0140000E-02  9.9983000E-01  9.9937000E-01 -1.1364000E-09  9.9920000E-01
 1.4500000E+01  9.4983000E-03 -3.2354000E-02  9.9983000E-01  9.9930000E-01 -1.2199000E-09  9.9913000E-01
 1.5000000E+01  9.4772000E-03 -3.4648000E-02  9.9983000E-01  9.9923000E-01 -1.3064000E-09  9.9906000E-01
 1.5500000E+01  9.4555000E-03 -3.7024000E-02  9.9983000E-01  9.9914000E-01 -1.3960000E-09  9.9897000E-01
 1.6000000E+01  9.4331000E-03 -3.9481000E-02  9.9983000E-01  9.9905000E-01 -1.4886000E-09  9.9888000E-01
 1.6500000E+01  9.4101000E-03 -4.2020000E-02  9.9982000E-01  9.9894000E-01 -1.5844000E-09  9.9877000E-01
 1.7000000E+01  9.3865000E-03 -4.4641000E-02  9.9982000E-01  9.9883000E-01 -1.6832000E-09  9.9866000E-01
 1.7500000E+01  9.3623000E-03 -4.7345000E-02  9.9982000E-01  9.9870000E-01 -1.7851000E-09  9.9853000E-01
 1.8000000E+01  9.3374000E-03 -5.0131000E-02  9.9982000E-01  9.9857000E-01 -1.8902000E-09  9.9840000E-01
 1.8500000E+01  9.3120000E-03 -5.3000000E-02  9.9982000E-01  9.9842000E-01 -1.9984000E-09  9.9825000E-01
 1.9000000E+01  9.2859000E-03 -5.5953000E-02  9.9982000E-01  9.9826000E-01 -2.1097000E-09  9.9809000E-01
 1.9500000E+01  9.2593000E-03 -5.8990000E-02  9.9982000E-01  9.9808000E-01 -2.2242000E-09  9.9791000E-01
 2.0000000E+01  9.2320000E-03 -6.2111000E-02  9.9982000E-01  9.9789000E-01 -2.3419000E-09  9.9772000E-01
 2.0500000E+01  9.2042000E-03 -6.5317000E-02  9.9982000E-01  9.9768000E-01 -2.4628000E-09  9.9752000E-01
 2.1000000E+01  9.1759000E-03 -6.8608000E-02  9.9982000E-01  9.9746000E-01 -2.5869000E-09  9.9730000E-01
 2.1500000E+01  9.1470000E-03 -7.1984000E-02  9.9982000E-01  9.9722000E-01 -2.7142000E-09  9.9706000E-01
 2.2000000E+01  9.1175000E-03 -7.5446000E-02  9.9982000E-01  9.9697000E-01 -2.8447000E-09  9.9680000E-01
 2.2500000E+01  9.0875000E-03 -7.8994000E-02  9.9982000E-01  9.9669000E-01 -2.9785000E-09  9.9653000E-01
 2.3000000E+01  9.0570000E-03 -8.2629000E-02  9.9982000E-01  9.9640000E-01 -3.1156000E-09  9.9623000E-01
 2.3500000E+01  9.0259000E-03 -8.6351000E-02  9.9982000E-01  9.9608000E-01 -3.2559000E-09  9.9591000E-01
 2.4000000E+01  8.9944000E-03 -9.0160000E-02  9.9982000E-01  9.9574000E-01 -3.3995000E-09  9.9558000E-01
 2.4500000E+01  8.9623000E-03 -9.4057000E-02  9.9982000E-01  9.9538000E-01 -3.5465000E-09  9.9521000E-01
 2.5000000E+01  8.9298000E-03 -9.8042000E-02  9.9982000E-01  9.9500000E-01 -3.6967000E-09  9.9483000E-01
 2.5500000E+01  8.8967000E-03 -1.0212000E-01  9.9981000E-01  9.9459000E-01 -3.8503000E-09  9.9442000E-01
 2.6000000E+01  8.8632000E-03 -1.0628000E-01  9.9981000E-01  9.9415000E-01 -4.0073000E-09  9.9398000E-01
 2.6500000E+01  8.8293000E-03 -1.1053000E-01  9.9981000E-01  9.9368000E-01 -4.1676000E-09  9.9352000E-01
 2.7000000E+01  8.7949000E-03 -1.1487000E-01  9.9981000E-01  9.9319000E-01 -4.3313000E-09  9.9302000E-01
 2.7500000E+01  8.7600000E-03 -1.1930000E-01  9.9981000E-01  9.9267000E-01 -4.4984000E-09  9.9250000E-01
 2.8000000E+01  8.7247000E-03 -1.2383000E-01  9.9981000E-01  9.9211000E-01 -4.6690000E-09  9.9195000E-01
 2.8500000E+01  8.6891000E-03 -1.2844000E-01  9.9981000E-01  9.9153000E-01 -4.8429000E-09  9.9136000E-01
 2.9000000E+01  8.6530000E-03 -1.3315000E-01  9.9981000E-01  9.9090000E-01 -5.0203000E-09  9.9074000E-01
 2.9500000E+01  8.6165000E-03 -1.3794000E-01  9.9981000E-01  9.9025000E-01 -5.2012000E-09  9.9008000E-01
 3.0000000E+01  8.5796000E-03 -1.4283000E-01  9.9981000E-01  9.8955000E-01 -5.3855000E-09  9.8939000E-01
 3.0500000E+01  8.5423000E-03 -1.4781000E-01  9.9981000E-01  9.8882000E-01 -5.5733000E-09  9.8865000E-01
 3.1000000E+01  8.5047000E-03 -1.5288000E-01  9.9981000E-01  9.8805000E-01 -5.7646000E-09  9.8788000E-01
 3.1500000E+01  8.4668000E-03 -1.5805000E-01  9.9980000E-01  9.8723000E-01 -5.9594000E-09  9.8707000E-01
 3.2000000E+01  8.4285000E-03 -1.6331000E-01  9.9980000E-01  9.8638000E-01 -6.1577000E-09  9.8621000E-01
 3.2500000E+01  8.3898000E-03 -1.6866000E-01  9.9980000E-01  9.8547000E-01 -6.3596000E-09  9.8531000E-01
 3.3000000E+01  8.3509000E-03 -1.7411000E-01  9.9980000E-01  9.8453000E-01 -6.5649000E-09  9.8436000E-01
 3.3500000E+01  8.3116000E-03 -1.7965000E-01  9.9980000E-01  9.8353000E-01 -6.7739000E-09  9.8336000E-01
 3.4000000E+01  8.2721000E-03 -1.8529000E-01  9.9980000E-01  9.8248000E-01 -6.9864000E-09  9.8232000E-01
 3.4500000E+01  8.2323000E-03 -1.9102000E-01  9.9980000E-01  9.8138000E-01 -7.2024000E-09  9.8122000E-01
 3.5000000E+01  8.1922000E-03 -1.9684000E-01  9.9980000E-01  9.8023000E-01 -7.4221000E-09  9.8006000E-01
 3.5500000E+01  8.1518000E-03 -2.0276000E-01  9.9980000E-01  9.7902000E-01 -7.6453000E-09  9.7886000E-01
 3.6000000E+01  8.1112000E-03 -2.0878000E-01  9.9980000E-01  9.7776000E-01 -7.8721000E-09  9.7759000E-01
 3.6500000E+01  8.0704000E-03 -2.1489000E-01  9.9980000E-01  9.7643000E-01 -8.1025000E-09  9.7627000E-01
 3.7000000E+01  8.0294000E-03 -2.2109000E-01  9.9979000E-01  9.7504000E-01 -8.3365000E-09  9.7488000E-01
 3.7500000E+01  7.9881000E-03 -2.2739000E-01  9.9979000E-01  9.7359000E-01 -8.5740000E-09  9.7343000E-01
 3.8000000E+01  7.9467000E-03 -2.3379000E-01  9.9979000E-01  9.7207000E-01 -8.8152000E-09  9.7191000E-01
 3.8500000E+01  7.9051000E-03 -2.4028000E-01  9.9979000E-01  9.7049000E-01 -9.0600000E-09  9.7033000E-01
 3.9000000E+01  7.8633000E-03 -2.4687000E-01  9.9979000E-01  9.6883000E-01 -9.3083000E-09  9.6867000E-01
 3.9500000E+01  7.8214000E-03 -2.5355000E-01  9.9979000E-01  9.6710000E-01 -9.5603000E-09  9.6694000E-01
 4.0000000E+01  7.7793000E-03 -2.6032000E-01  9.9979000E-01  9.6530000E-01 -9.8158000E-09  9.6514000E-01
 4.0500000E+01  7.7371000E-03 -2.6720000E-01  9.9979000E-01  9.6342000E-01 -1.0075000E-08  9.6326000E-01
 4.1000000E+01  7.6947000E-03 -2.7416000E-01  9.9979000E-01  9.6146000E-01 -1.0338000E-08  9.6130000E-01
 4.1500000E+01  7.6523000E-03 -2.8122000E-01  9.9978000E-01  9.5942000E-01 -1.0604000E-08  9.5926000E-01
 4.2000000E+01  7.6098000E-03 -2.8838000E-01  9.9978000E-01  9.5729000E-01 -1.0874000E-08  9.5713000E-01
 4.2500000E+01  7.5672000E-03 -2.9563000E-01  9.9978000E-01  9.5507000E-01 -1.1147000E-08  9.5491000E-01
 4.3000000E+01  7.5245000E-03 -3.0297000E-01  9.9978000E-01  9.5277000E-01 -1.1424000E-08  9.5261000E-01
 4.3500000E+01  7.4818000E-03 -3.1040000E-01  9.9978000E-01  9.5037000E-01 -1.1704000E-08  9.5021000E-01
 4.4000000E+01  7.4390000E-03 -3.1793000E-01  9.9978000E-01  9.4788000E-01 -1.1988000E-08  9.4772000E-01
 4.4500000E+01  7.3963000E-03 -3.2555000E-01  9.9978000E-01  9.4529000E-01 -1.2275000E-08  9.4513000E-01
 4.5000000E+01  7.3535000E-03 -3.3326000E-01  9.9978000E-01  9.4260000E-01 -1.2566000E-08  9.4244000E-01
 4.5500000E+01  7.3107000E-03 -3.4106000E-01  9.9977000E-01  9.3980000E-01 -1.2860000E-08  9.3964000E-01
 4.6000000E+01  7.2679000E-03 -3.4895000E-01  9.9977000E-01  9.3690000E-01 -1.3158000E-08  9.3674000E-01
 4.6500000E+01  7.2251000E-03 -3.5693000E-01  9.9977000E-01  9.3389000E-01 -1.3458000E-08  9.3373000E-01
 4.7000000E+01  7.1824000E-03 -3.6499000E-01  9.9977000E-01  9.3076000E-01 -1.3763000E-08  9.3061000E-01
 4.7500000E+01  7.1397000E-03 -3.7314000E-01  9.9977000E-01  9.2752000E-01 -1.4070000E-08  9.2737000E-01
 4.8000000E+01  7.0971000E-03 -3.8138000E-01  9.9977000E-01  9.2417000E-01 -1.4381000E-08  9.2401000E-01
 4.8500000E+01  7.0546000E-03 -3.8970000E-01  9.9977000E-01  9.2069000E-01 -1.4694000E-08  9.2053000E-01
 4.9000000E+01  7.0122000E-03 -3.9810000E-01  9.9976000E-01  9.1708000E-01 -1.5011000E-08  9.1693000E-01
 4.9500000E+01  6.9699000E-03 -4.0659000E-01  9.9976000E-01  9.1335000E-01 -1.5331000E-08  9.1320000E-01
 5.0000000E+01  6.9276000E-03 -4.1515000E-01  9.9976000E-01  9.0949000E-01 -1.5654000E-08  9.0934000E-01
 5.0500000E+01  6.8856000E-03 -4.2380000E-01  9.9976000E-01  9.0549000E-01 -1.5980000E-08  9.0534000E-01
 5.1000000E+01  6.8436000E-03 -4.3252000E-01  9.9976000E-01  9.0136000E-01 -1.6309000E-08  9.0121000E-01
 5.1500000E+01  6.8018000E-03 -4.4131000E-01  9.9976000E-01  8.9708000E-01 -1.6640000E-08  8.9693000E-01
 5.2000000E+01  6.7602000E-03 -4.5018000E-01  9.9976000E-01  8.9267000E-01 -1.6975000E-08  8.9252000E-01
 5.2500000E+01  6.7188000E-03 -4.5911000E-01  9.9975000E-01  8.8810000E-01 -1.7312000E-08  8.8795000E-01
 5.3000000E+01  6.6776000E-03 -4.6812000E-01  9.9975000E-01  8.8339000E-01 -1.7651000E-08  8.8324000E-01
 5.3500000E+01  6.6365000E-03 -4.7719000E-01  9.9975000E-01  8.7852000E-01 -1.7993000E-08  8.7837000E-01
 5.4000000E+01  6.5957000E-03 -4.8632000E-01  9.9975000E-01  8.7349000E-01 -1.8338000E-08  8.7334000E-01
 5.4500000E+01  6.5551000E-03 -4.9552000E-01  9.9975000E-01  8.6831000E-01 -1.8685000E-08  8.6816000E-01
 5.5000000E+01  6.5148000E-03 -5.0477000E-01  9.9975000E-01  8.6296000E-01 -1.9034000E-08  8.6281000E-01
 5.5500000E+01  6.4747000E-03 -5.1408000E-01  9.9974000E-01  8.5744000E-01 -1.9385000E-08  8.5730000E-01
 5.6000000E+01  6.4349000E-03 -5.2345000E-01  9.9974000E-01  8.5176000E-01 -1.9738000E-08  8.5161000E-01
 5.6500000E+01  6.3953000E-03 -5.3286000E-01  9.9974000E-01  8.4590000E-01 -2.0093000E-08  8.4576000E-01
 5.7000000E+01  6.3561000E-03 -5.4232000E-01  9.9974000E-01  8.3986000E-01 -2.0449000E-08  8.3972000E-01
 5.7500000E+01  6.3171000E-03 -5.5182000E-01  9.9974000E-01  8.3365000E-01 -2.0808000E-08  8.3351000E-01
 5.8000000E+01  6.2785000E-03 -5.6136000E-01  9.9974000E-01  8.2725000E-01 -2.1167000E-08  8.2711000E-01
 5.8500000E+01  6.2402000E-03 -5.7094000E-01  9.9973000E-01  8.2067000E-01 -2.1528000E-08  8.2053000E-01
 5.9000000E+01  6.2022000E-03 -5.8054000E-01  9.9973000E-01  8.1390000E-01 -2.1891000E-08  8.1376000E-01
 5.9500000E+01  6.1646000E-03 -5.9018000E-01  9.9973000E-01  8.0694000E-01 -2.2254000E-08  8.0680000E-01
 6.0000000E+01  6.1274000E-03 -5.9984000E-01  9.9973000E-01  7.9978000E-01 -2.2618000E-08  7.9965000E-01
 6.0500000E+01  6.0905000E-03 -6.0952000E-01  9.9973000E-01  7.9243000E-01 -2.2983000E-08  7.9230000E-01
 6.1000000E+01  6.0540000E-03 -6.1921000E-01  9.9973000E-01  7.8488000E-01 -2.3349000E-08  7.8474000E-01
 6.1500000E+01  6.0179000E-03 -6.2892000E-01  9.9972000E-01  7.7712000E-01 -2.3715000E-08  7.7699000E-01
 6.2000000E+01  5.9822000E-03 -6.3863000E-01  9.9972000E-01  7.6916000E-01 -2.4081000E-08  7.6903000E-01
 6.2500000E+01  5.9470000E-03 -6.4834000E-01  9.9972000E-01  7.6099000E-01 -2.4447000E-08  7.6086000E-01
 6.3000000E+01  5.9121000E-03 -6.5804000E-01  9.9972000E-01  7.5261000E-01 -2.4813000E-08  7.5248000E-01
 6.3500000E+01  5.8777000E-03 -6.6774000E-01  9.9972000E-01  7.4401000E-01 -2.5179000E-08  7.4389000E-01
 6.4000000E+01  5.8438000E-03 -6.7742000E-01  9.9972000E-01  7.3521000E-01 -2.5544000E-08  7.3508000E-01
 6.4500000E+01  5.8103000E-03 -6.8708000E-01  9.9971000E-01  7.2618000E-01 -2.5908000E-08  7.2606000E-01
 6.5000000E+01  5.7772000E-03 -6.9672000E-01  9.9971000E-01  7.1694000E-01 -2.6272000E-08  7.1682000E-01
 6.5500000E+01  5.7447000E-03 -7.0632000E-01  9.9971000E-01  7.0748000E-01 -2.6634000E-08  7.0736000E-01
 6.6000000E+01  5.7126000E-03 -7.1589000E-01  9.9971000E-01  6.9780000E-01 -2.6995000E-08  6.9768000E-01
 6.6500000E+01  5.6811000E-03 -7.2541000E-01  9.9971000E-01  6.8789000E-01 -2.7354000E-08  6.8777000E-01
 6.7000000E+01  5.6500000E-03 -7.3489000E-01  9.9971000E-01  6.7776000E-01 -2.7711000E-08  6.7764000E-01
 6.7500000E+01  5.6195000E-03 -7.4430000E-01  9.9971000E-01  6.6740000E-01 -2.8066000E-08  6.6729000E-01
 6.8000000E+01  5.5895000E-03 -7.5366000E-01  9.9970000E-01  6.5682000E-01 -2.8419000E-08  6.5671000E-01
 6.8500000E+01  5.5601000E-03 -7.6294000E-01  9.9970000E-01  6.4601000E-01 -2.8769000E-08  6.4590000E-01
 6.9000000E+01  5.5311000E-03 -7.7215000E-01  9.9970000E-01  6.3497000E-01 -2.9116000E-08  6.3486000E-01
 6.9500000E+01  5.5028000E-03 -7.8127000E-01  9.9970000E-01  6.2371000E-01 -2.9460000E-08  6.2360000E-01
 7.0000000E+01  5.4750000E-03 -7.9031000E-01  9.9970000E-01  6.1222000E-01 -2.9801000E-08  6.1211000E-01
 7.0500000E+01  5.4477000E-03 -7.9925000E-01  9.9970000E-01  6.0050000E-01 -3.0138000E-08  6.0040000E-01
 7.1000000E+01  5.4211000E-03 -8.0808000E-01  9.9969000E-01  5.8855000E-01 -3.0471000E-08  5.8845000E-01
 7.1500000E+01  5.3950000E-03 -8.1680000E-01  9.9969000E-01  5.7638000E-01 -3.0800000E-08  5.7628000E-01
 7.2000000E+01  5.3696000E-03 -8.2541000E-01  9.9969000E-01  5.6399000E-01 -3.1125000E-08  5.6389000E-01
 7.2500000E+01  5.3447000E-03 -8.3389000E-01  9.9969000E-01  5.5137000E-01 -3.1445000E-08  5.5127000E-01
 7.3000000E+01  5.3205000E-03 -8.4224000E-01  9.9969000E-01  5.3852000E-01 -3.1760000E-08  5.3843000E-01
 7.3500000E+01  5.2969000E-03 -8.5045000E-01  9.9969000E-01  5.2546000E-01 -3.2069000E-08  5.2538000E-01
 7.4000000E+01  5.2738000E-03 -8.5851000E-01  9.9969000E-01  5.1219000E-01 -3.2373000E-08  5.1210000E-01
 7.4500000E+01  5.2515000E-03 -8.6641000E-01  9.9968000E-01  4.9869000E-01 -3.2671000E-08  4.9861000E-01
 7.5000000E+01  5.2298000E-03 -8.7416000E-01  9.9968000E-01  4.8498000E-01 -3.2963000E-08  4.8490000E-01
 7.5500000E+01  5.2087000E-03 -8.8174000E-01  9.9968000E-01  4.7107000E-01 -3.3249000E-08  4.7099000E-01
 7.6000000E+01  5.1882000E-03 -8.8914000E-01  9.9968000E-01  4.5694000E-01 -3.3528000E-08  4.5687000E-01
 7.6500000E+01  5.1685000E-03 -8.9635000E-01  9.9968000E-01  4.4262000E-01 -3.3800000E-08  4.4254000E-01
 7.7000000E+01  5.1494000E-03 -9.0338000E-01  9.9968000E-01  4.2809000E-01 -3.4065000E-08  4.2802000E-01
 7.7500000E+01  5.1309000E-03 -9.1021000E-01  9.9968000E-01  4.1337000E-01 -3.4323000E-08  4.1330000E-01
 7.8000000E+01  5.1132000E-03 -9.1683000E-01  9.9968000E-01  3.9846000E-01 -3.4573000E-08  3.9839000E-01
 7.8500000E+01  5.0961000E-03 -9.2324000E-01  9.9967000E-01  3.8337000E-01 -3.4815000E-08  3.8330000E-01
 7.9000000E+01  5.0797000E-03 -9.2944000E-01  9.9967000E-01  3.6809000E-01 -3.5048000E-08  3.6803000E-01
 7.9500000E+01  5.0640000E-03 -9.3541000E-01  9.9967000E-01  3.5264000E-01 -3.5273000E-08  3.5258000E-01
 8.0000000E+01  5.0490000E-03 -9.4115000E-01  9.9967000E-01  3.3702000E-01 -3.5490000E-08  3.3696000E-01
 8.0500000E+01  5.0347000E-03 -9.4665000E-01  9.9967000E-01  3.2123000E-01 -3.5698000E-08  3.2118000E-01
 8.1000000E+01  5.0211000E-03 -9.5191000E-01  9.9967000E-01  3.0529000E-01 -3.5896000E-08  3.0524000E-01
 8.1500000E+01  5.0082000E-03 -9.5692000E-01  9.9967000E-01  2.8920000E-01 -3.6085000E-08  2.8915000E-01
 8.2000000E+01  4.9961000E-03 -9.6168000E-01  9.9967000E-01  2.7296000E-01 -3.6264000E-08  2.7292000E-01
 8.2500000E+01  4.9846000E-03 -9.6617000E-01  9.9967000E-01  2.5659000E-01 -3.6434000E-08  2.5655000E-01
 8.3000000E+01  4.9739000E-03 -9.7041000E-01  9.9967000E-01  2.4009000E-01 -3.6594000E-08  2.4005000E-01
 8.3500000E+01  4.9639000E-03 -9.7437000E-01  9.9967000E-01  2.2346000E-01 -3.6743000E-08  2.2343000E-01
 8.4000000E+01  4.9546000E-03 -9.7806000E-01  9.9967000E-01  2.0673000E-01 -3.6882000E-08  2.0669000E-01
 8.4500000E+01  4.9460000E-03 -9.8146000E-01  9.9966000E-01  1.8988000E-01 -3.7011000E-08  1.8985000E-01
 8.5000000E+01  4.9382000E-03 -9.8459000E-01  9.9966000E-01  1.7294000E-01 -3.7129000E-08  1.7291000E-01
 8.5500000E+01  4.9311000E-03 -9.8743000E-01  9.9966000E-01  1.5590000E-01 -3.7236000E-08  1.5588000E-01
 8.6000000E+01  4.9248000E-03 -9.8998000E-01  9.9966000E-01  1.3879000E-01 -3.7332000E-08  1.3876000E-01
 8.6500000E+01  4.9192000E-03 -9.9224000E-01  9.9966000E-01  1.2160000E-01 -3.7417000E-08  1.2158000E-01
 8.7000000E+01  4.9143000E-03 -9.9420000E-01  9.9966000E-01  1.0435000E-01 -3.7491000E-08  1.0433000E-01
 8.7500000E+01  4.9102000E-03 -9.9586000E-01  9.9966000E-01  8.7040000E-02 -3.7554000E-08  8.7026000E-02
 8.8000000E+01  4.9068000E-03 -9.9723000E-01  9.9966000E-01  6.9687000E-02 -3.7605000E-08  6.9676000E-02
 8.8500000E+01  4.9042000E-03 -9.9829000E-01  9.9966000E-01  5.2297000E-02 -3.7646000E-08  5.2288000E-02
 8.9000000E+01  4.9023000E-03 -9.9905000E-01  9.9966000E-01  3.4879000E-02 -3.7674000E-08  3.4873000E-02
 8.9500000E+01  4.9012000E-03 -9.9951000E-01  9.9966000E-01  1.7443000E-02 -3.7692000E-08  1.7440000E-02
 9.0000000E+01  4.9008000E-03 -9.9966000E-01  9.9966000E-01 -3.2349000E-06 -3.7697000E-08 -3.2177000E-06
 9.0500000E+01  4.9011000E-03 -9.9951000E-01  9.9966000E-01 -1.7449000E-02 -3.7692000E-08 -1.7446000E-02
 9.1000000E+01  4.9022000E-03 -9.9905000E-01  9.9966000E-01 -3.4886000E-02 -3.7674000E-08 -3.4880000E-02
 9.1500000E+01  4.9040000E-03 -9.9829000E-01  9.9966000E-01 -5.2304000E-02 -3.7646000E-08 -5.2295000E-02
 9.2000000E+01  4.9066000E-03 -9.9723000E-01  9.9966000E-01 -6.9694000E-02 -3.7606000E-08 -6.9682000E-02
 9.2500000E+01  4.9099000E-03 -9.9586000E-01  9.9966000E-01 -8.7047000E-02 -3.7554000E-08 -8.7032000E-02
 9.3000000E+01  4.9140000E-03 -9.9420000E-01  9.9966000E-01 -1.0435000E-01 -3.7492000E-08 -1.0434000E-01
 9.3500000E+01  4.9188000E-03 -9.9224000E-01  9.9966000E-01 -1.2161000E-01 -3.7418000E-08 -1.2159000E-01
 9.4000000E+01  4.9244000E-03 -9.8998000E-01  9.9966000E-01 -1.3879000E-01 -3.7333000E-08 -1.3877000E-01
 9.4500000E+01  4.9307000E-03 -9.8743000E-01  9.9966000E-01 -1.5591000E-01 -3.7236000E-08 -1.5588000E-01
 9.5000000E+01  4.9377000E-03 -9.8459000E-01  9.9966000E-01 -1.7294000E-01 -3.7129000E-08 -1.7291000E-01
 9.5500000E+01  4.9455000E-03 -9.8146000E-01  9.9966000E-01 -1.8989000E-01 -3.7012000E-08 -1.8985000E-01
 9.6000000E+01  4.9540000E-03 -9.7805000E-01  9.9967000E-01 -2.0673000E-01 -3.6883000E-08 -2.0670000E-01
 9.6500000E+01  4.9632000E-03 -9.7437000E-01  9.9967000E-01 -2.2347000E-01 -3.6744000E-08 -2.2343000E-01
 9.7000000E+01  4.9732000E-03 -9.7040000E-01  9.9967000E-01 -2.4009000E-01 -3.6595000E-08 -2.4005000E-01
 9.7500000E+01  4.9838000E-03 -9.6617000E-01  9.9967000E-01 -2.5660000E-01 -3.6435000E-08 -2.5655000E-01
 9.8000000E+01  4.9952000E-03 -9.6168000E-01  9.9967000E-01 -2.7297000E-01 -3.6266000E-08 -2.7292000E-01
 9.8500000E+01  5.0073000E-03 -9.5692000E-01  9.9967000E-01 -2.8921000E-01 -3.6086000E-08 -2.8916000E-01
 9.9000000E+01  5.0202000E-03 -9.5191000E-01  9.9967000E-01 -3.0530000E-01 -3.5897000E-08 -3.0525000E-01
 9.9500000E+01  5.0337000E-03 -9.4665000E-01  9.9967000E-01 -3.2124000E-01 -3.5699000E-08 -3.2118000E-01
 1.0000000E+02  5.0480000E-03 -9.4115000E-01  9.9967000E-01 -3.3702000E-01 -3.5492000E-08 -3.3697000E-01
 1.0050000E+02  5.0629000E-03 -9.3541000E-01  9.9967000E-01 -3.5264000E-01 -3.5275000E-08 -3.5258000E-01
 1.0100000E+02  5.0785000E-03 -9.2944000E-01  9.9967000E-01 -3.6809000E-01 -3.5050000E-08 -3.6803000E-01
 1.0150000E+02  5.0949000E-03 -9.2324000E-01  9.9967000E-01 -3.8337000E-01 -3.4816000E-08 -3.8331000E-01
 1.0200000E+02  5.1119000E-03 -9.1683000E-01  9.9968000E-01 -3.9847000E-01 -3.4575000E-08 -3.9840000E-01
 1.0250000E+02  5.1296000E-03 -9.1020000E-01  9.9968000E-01 -4.1338000E-01 -3.4325000E-08 -4.1331000E-01
 1.0300000E+02  5.1480000E-03 -9.0338000E-01  9.9968000E-01 -4.2810000E-01 -3.4067000E-08 -4.2803000E-01
 1.0350000E+02  5.1670000E-03 -8.9635000E-01  9.9968000E-01 -4.4262000E-01 -3.3803000E-08 -4.4255000E-01
 1.0400000E+02  5.1867000E-03 -8.8913000E-01  9.9968000E-01 -4.5695000E-01 -3.3530000E-08 -4.5687000E-01
 1.0450000E+02  5.2071000E-03 -8.8173000E-01  9.9968000E-01 -4.7107000E-01 -3.3251000E-08 -4.7099000E-01
 1.0500000E+02  5.2281000E-03 -8.7416000E-01  9.9968000E-01 -4.8499000E-01 -3.2966000E-08 -4.8491000E-01
 1.0550000E+02  5.2498000E-03 -8.6641000E-01  9.9968000E-01 -4.9870000E-01 -3.2674000E-08 -4.9861000E-01
 1.0600000E+02  5.2721000E-03 -8.5851000E-01  9.9969000E-01 -5.1219000E-01 -3.2376000E-08 -5.1210000E-01
 1.0650000E+02  5.2950000E-03 -8.5044000E-01  9.9969000E-01 -5.2547000E-01 -3.2072000E-08 -5.2538000E-01
 1.0700000E+02  5.3186000E-03 -8.4224000E-01  9.9969000E-01 -5.3853000E-01 -3.1762000E-08 -5.3844000E-01
 1.0750000E+02  5.3428000E-03 -8.3389000E-01  9.9969000E-01 -5.5137000E-01 -3.1447000E-08 -5.5128000E-01
 1.0800000E+02  5.3676000E-03 -8.2541000E-01  9.9969000E-01 -5.6399000E-01 -3.1128000E-08 -5.6389000E-01
 1.0850000E+02  5.3930000E-03 -8.1680000E-01  9.9969000E-01 -5.7638000E-01 -3.0803000E-08 -5.7629000E-01
 1.0900000E+02  5.4190000E-03 -8.0808000E-01  9.9969000E-01 -5.8856000E-01 -3.0474000E-08 -5.8846000E-01
 1.0950000E+02  5.4455000E-03 -7.9924000E-01  9.9970000E-01 -6.0050000E-01 -3.0141000E-08 -6.0040000E-01
 1.1000000E+02  5.4727000E-03 -7.9030000E-01  9.9970000E-01 -6.1222000E-01 -2.9804000E-08 -6.1212000E-01
 1.1050000E+02  5.5004000E-03 -7.8127000E-01  9.9970000E-01 -6.2371000E-01 -2.9463000E-08 -6.2361000E-01
 1.1100000E+02  5.5287000E-03 -7.7214000E-01  9.9970000E-01 -6.3498000E-01 -2.9119000E-08 -6.3487000E-01
 1.1150000E+02  5.5576000E-03 -7.6294000E-01  9.9970000E-01 -6.4601000E-01 -2.8772000E-08 -6.4590000E-01
 1.1200000E+02  5.5870000E-03 -7.5365000E-01  9.9970000E-01 -6.5682000E-01 -2.8422000E-08 -6.5671000E-01
 1.1250000E+02  5.6169000E-03 -7.4430000E-01  9.9971000E-01 -6.6740000E-01 -2.8069000E-08 -6.6729000E-01
 1.1300000E+02  5.6474000E-03 -7.3488000E-01  9.9971000E-01 -6.7776000E-01 -2.7714000E-08 -6.7765000E-01
 1.1350000E+02  5.6783000E-03 -7.2541000E-01  9.9971000E-01 -6.8789000E-01 -2.7357000E-08 -6.8778000E-01
 1.1400000E+02  5.7098000E-03 -7.1589000E-01  9.9971000E-01 -6.9780000E-01 -2.6998000E-08 -6.9768000E-01
 1.1450000E+02  5.7418000E-03 -7.0632000E-01  9.9971000E-01 -7.0748000E-01 -2.6637000E-08 -7.0736000E-01
 1.1500000E+02  5.7743000E-03 -6.9672000E-01  9.9971000E-01 -7.1695000E-01 -2.6275000E-08 -7.1682000E-01
 1.1550000E+02  5.8072000E-03 -6.8708000E-01  9.9971000E-01 -7.2619000E-01 -2.5911000E-08 -7.2607000E-01
 1.1600000E+02  5.8407000E-03 -6.7742000E-01  9.9972000E-01 -7.3521000E-01 -2.5547000E-08 -7.3509000E-01
 1.1650000E+02  5.8745000E-03 -6.6774000E-01  9.9972000E-01 -7.4402000E-01 -2.5182000E-08 -7.4389000E-01
 1.1700000E+02  5.9089000E-03 -6.5804000E-01  9.9972000E-01 -7.5261000E-01 -2.4816000E-08 -7.5248000E-01
 1.1750000E+02  5.9436000E-03 -6.4833000E-01  9.9972000E-01 -7.6099000E-01 -2.4450000E-08 -7.6086000E-01
 1.1800000E+02  5.9788000E-03 -6.3862000E-01  9.9972000E-01 -7.6916000E-01 -2.4084000E-08 -7.6903000E-01
 1.1850000E+02  6.0144000E-03 -6.2891000E-01  9.9972000E-01 -7.7712000E-01 -2.3718000E-08 -7.7699000E-01
 1.1900000E+02  6.0505000E-03 -6.1921000E-01  9.9973000E-01 -7.8488000E-01 -2.3352000E-08 -7.8475000E-01
 1.1950000E+02  6.0869000E-03 -6.0951000E-01  9.9973000E-01 -7.9243000E-01 -2.2986000E-08 -7.9230000E-01
 1.2000000E+02  6.1237000E-03 -5.9984000E-01  9.9973000E-01 -7.9978000E-01 -2.2621000E-08 -7.9965000E-01
 1.2050000E+02  6.1608000E-03 -5.9018000E-01  9.9973000E-01 -8.0694000E-01 -2.2257000E-08 -8.0681000E-01
 1.2100000E+02  6.1984000E-03 -5.8054000E-01  9.9973000E-01 -8.1390000E-01 -2.1894000E-08 -8.1377000E-01
 1.2150000E+02  6.2363000E-03 -5.7093000E-01  9.9973000E-01 -8.2067000E-01 -2.1531000E-08 -8.2054000E-01
 1.2200000E+02  6.2745000E-03 -5.6136000E-01  9.9974000E-01 -8.2726000E-01 -2.1170000E-08 -8.2712000E-01
 1.2250000E+02  6.3130000E-03 -5.5182000E-01  9.9974000E-01 -8.3365000E-01 -2.0811000E-08 -8.3351000E-01
 1.2300000E+02  6.3519000E-03 -5.4231000E-01  9.9974000E-01 -8.3987000E-01 -2.0452000E-08 -8.3972000E-01
 1.2350000E+02  6.3911000E-03 -5.3286000E-01  9.9974000E-01 -8.4590000E-01 -2.0096000E-08 -8.4576000E-01
 1.2400000E+02  6.4305000E-03 -5.2344000E-01  9.9974000E-01 -8.5176000E-01 -1.9741000E-08 -8.5161000E-01
 1.2450000E+02  6.4702000E-03 -5.1408000E-01  9.9974000E-01 -8.5744000E-01 -1.9388000E-08 -8.5730000E-01
 1.2500000E+02  6.5102000E-03 -5.0477000E-01  9.9975000E-01 -8.6296000E-01 -1.9037000E-08 -8.6281000E-01
 1.2550000E+02  6.5505000E-03 -4.9552000E-01  9.9975000E-01 -8.6831000E-01 -1.8688000E-08 -8.6816000E-01
 1.2600000E+02  6.5910000E-03 -4.8632000E-01  9.9975000E-01 -8.7349000E-01 -1.8341000E-08 -8.7335000E-01
 1.2650000E+02  6.6317000E-03 -4.7719000E-01  9.9975000E-01 -8.7852000E-01 -1.7996000E-08 -8.7837000E-01
 1.2700000E+02  6.6727000E-03 -4.6812000E-01  9.9975000E-01 -8.8339000E-01 -1.7654000E-08 -8.8324000E-01
 1.2750000E+02  6.7138000E-03 -4.5911000E-01  9.9975000E-01 -8.8810000E-01 -1.7315000E-08 -8.8795000E-01
 1.2800000E+02  6.7552000E-03 -4.5017000E-01  9.9976000E-01 -8.9267000E-01 -1.6978000E-08 -8.9252000E-01
 1.2850000E+02  6.7967000E-03 -4.4131000E-01  9.9976000E-01 -8.9708000E-01 -1.6643000E-08 -8.9693000E-01
 1.2900000E+02  6.8384000E-03 -4.3251000E-01  9.9976000E-01 -9.0136000E-01 -1.6312000E-08 -9.0121000E-01
 1.2950000E+02  6.8803000E-03 -4.2379000E-01  9.9976000E-01 -9.0549000E-01 -1.5983000E-08 -9.0534000E-01
 1.3000000E+02  6.9222000E-03 -4.1515000E-01  9.9976000E-01 -9.0949000E-01 -1.5657000E-08 -9.0934000E-01
 1.3050000E+02  6.9644000E-03 -4.0659000E-01  9.9976000E-01 -9.1335000E-01 -1.5334000E-08 -9.1320000E-01
 1.3100000E+02  7.0066000E-03 -3.9810000E-01  9.9976000E-01 -9.1708000E-01 -1.5014000E-08 -9.1693000E-01
 1.3150000E+02  7.0489000E-03 -3.8970000E-01  9.9977000E-01 -9.2069000E-01 -1.4697000E-08 -9.2053000E-01
 1.3200000E+02  7.0914000E-03 -3.8138000E-01  9.9977000E-01 -9.2417000E-01 -1.4383000E-08 -9.2401000E-01
 1.3250000E+02  7.1339000E-03 -3.7314000E-01  9.9977000E-01 -9.2753000E-01 -1.4072000E-08 -9.2737000E-01
 1.3300000E+02  7.1765000E-03 -3.6499000E-01  9.9977000E-01 -9.3076000E-01 -1.3765000E-08 -9.3061000E-01
 1.3350000E+02  7.2191000E-03 -3.5692000E-01  9.9977000E-01 -9.3389000E-01 -1.3461000E-08 -9.3373000E-01
 1.3400000E+02  7.2618000E-03 -3.4895000E-01  9.9977000E-01 -9.3690000E-01 -1.3160000E-08 -9.3674000E-01
 1.3450000E+02  7.3044000E-03 -3.4106000E-01  9.9977000E-01 -9.3980000E-01 -1.2863000E-08 -9.3964000E-01
 1.3500000E+02  7.3471000E-03 -3.3326000E-01  9.9978000E-01 -9.4260000E-01 -1.2568000E-08 -9.4244000E-01
 1.3550000E+02  7.3899000E-03 -3.2555000E-01  9.9978000E-01 -9.4529000E-01 -1.2278000E-08 -9.4513000E-01
 1.3600000E+02  7.4325000E-03 -3.1793000E-01  9.9978000E-01 -9.4788000E-01 -1.1990000E-08 -9.4772000E-01
 1.3650000E+02  7.4752000E-03 -3.1040000E-01  9.9978000E-01 -9.5037000E-01 -1.1706000E-08 -9.5021000E-01
 1.3700000E+02  7.5178000E-03 -3.0297000E-01  9.9978000E-01 -9.5277000E-01 -1.1426000E-08 -9.5261000E-01
 1.3750000E+02  7.5604000E-03 -2.9563000E-01  9.9978000E-01 -9.5508000E-01 -1.1149000E-08 -9.5491000E-01
 1.3800000E+02  7.6029000E-03 -2.8838000E-01  9.9978000E-01 -9.5729000E-01 -1.0876000E-08 -9.5713000E-01
 1.3850000E+02  7.6454000E-03 -2.8122000E-01  9.9978000E-01 -9.5942000E-01 -1.0606000E-08 -9.5926000E-01
 1.3900000E+02  7.6877000E-03 -2.7416000E-01  9.9979000E-01 -9.6146000E-01 -1.0340000E-08 -9.6130000E-01
 1.3950000E+02  7.7299000E-03 -2.6719000E-01  9.9979000E-01 -9.6342000E-01 -1.0077000E-08 -9.6326000E-01
 1.4000000E+02  7.7720000E-03 -2.6032000E-01  9.9979000E-01 -9.6530000E-01 -9.8178000E-09 -9.6514000E-01
 1.4050000E+02  7.8140000E-03 -2.5355000E-01  9.9979000E-01 -9.6710000E-01 -9.5623000E-09 -9.6694000E-01
 1.4100000E+02  7.8559000E-03 -2.4686000E-01  9.9979000E-01 -9.6883000E-01 -9.3103000E-09 -9.6867000E-01
 1.4150000E+02  7.8976000E-03 -2.4028000E-01  9.9979000E-01 -9.7049000E-01 -9.0619000E-09 -9.7033000E-01
 1.4200000E+02  7.9391000E-03 -2.3379000E-01  9.9979000E-01 -9.7207000E-01 -8.8171000E-09 -9.7191000E-01
 1.4250000E+02  7.9804000E-03 -2.2739000E-01  9.9979000E-01 -9.7359000E-01 -8.5759000E-09 -9.7343000E-01
 1.4300000E+02  8.0216000E-03 -2.2109000E-01  9.9979000E-01 -9.7504000E-01 -8.3383000E-09 -9.7488000E-01
 1.4350000E+02  8.0625000E-03 -2.1488000E-01  9.9980000E-01 -9.7643000E-01 -8.1042000E-09 -9.7627000E-01
 1.4400000E+02  8.1033000E-03 -2.0877000E-01  9.9980000E-01 -9.7776000E-01 -7.8738000E-09 -9.7759000E-01
 1.4450000E+02  8.1438000E-03 -2.0276000E-01  9.9980000E-01 -9.7902000E-01 -7.6470000E-09 -9.7886000E-01
 1.4500000E+02  8.1840000E-03 -1.9684000E-01  9.9980000E-01 -9.8023000E-01 -7.4237000E-09 -9.8007000E-01
 1.4550000E+02  8.2240000E-03 -1.9102000E-01  9.9980000E-01 -9.8138000E-01 -7.2040000E-09 -9.8122000E-01
 1.4600000E+02  8.2638000E-03 -1.8529000E-01  9.9980000E-01 -9.8248000E-01 -6.9879000E-09 -9.8232000E-01
 1.4650000E+02  8.3032000E-03 -1.7965000E-01  9.9980000E-01 -9.8353000E-01 -6.7754000E-09 -9.8336000E-01
 1.4700000E+02  8.3424000E-03 -1.7411000E-01  9.9980000E-01 -9.8453000E-01 -6.5664000E-09 -9.8436000E-01
 1.4750000E+02  8.3812000E-03 -1.6866000E-01  9.9980000E-01 -9.8547000E-01 -6.3610000E-09 -9.8531000E-01
 1.4800000E+02  8.4198000E-03 -1.6331000E-01  9.9980000E-01 -9.8638000E-01 -6.1591000E-09 -9.8621000E-01
 1.4850000E+02  8.4580000E-03 -1.5805000E-01  9.9981000E-01 -9.8723000E-01 -5.9608000E-09 -9.8707000E-01
 1.4900000E+02  8.4959000E-03 -1.5288000E-01  9.9981000E-01 -9.8805000E-01 -5.7659000E-09 -9.8788000E-01
 1.4950000E+02  8.5334000E-03 -1.4781000E-01  9.9981000E-01 -9.8882000E-01 -5.5746000E-09 -9.8865000E-01
 1.5000000E+02  8.5706000E-03 -1.4283000E-01  9.9981000E-01 -9.8955000E-01 -5.3867000E-09 -9.8939000E-01
 1.5050000E+02  8.6074000E-03 -1.3794000E-01  9.9981000E-01 -9.9025000E-01 -5.2024000E-09 -9.9008000E-01
 1.5100000E+02  8.6438000E-03 -1.3314000E-01  9.9981000E-01 -9.9090000E-01 -5.0215000E-09 -9.9074000E-01
 1.5150000E+02  8.6798000E-03 -1.2844000E-01  9.9981000E-01 -9.9153000E-01 -4.8441000E-09 -9.9136000E-01
 1.5200000E+02  8.7154000E-03 -1.2383000E-01  9.9981000E-01 -9.9211000E-01 -4.6701000E-09 -9.9195000E-01
 1.5250000E+02  8.7506000E-03 -1.1930000E-01  9.9981000E-01 -9.9267000E-01 -4.4995000E-09 -9.9250000E-01
 1.5300000E+02  8.7854000E-03 -1.1487000E-01  9.9981000E-01 -9.9319000E-01 -4.3324000E-09 -9.9302000E-01
 1.5350000E+02  8.8197000E-03 -1.1053000E-01  9.9981000E-01 -9.9368000E-01 -4.1686000E-09 -9.9352000E-01
 1.5400000E+02  8.8536000E-03 -1.0628000E-01  9.9981000E-01 -9.9415000E-01 -4.0083000E-09 -9.9398000E-01
 1.5450000E+02  8.8870000E-03 -1.0212000E-01  9.9981000E-01 -9.9459000E-01 -3.8513000E-09 -9.9442000E-01
 1.5500000E+02  8.9199000E-03 -9.8042000E-02  9.9982000E-01 -9.9500000E-01 -3.6976000E-09 -9.9483000E-01
 1.5550000E+02  8.9524000E-03 -9.4056000E-02  9.9982000E-01 -9.9538000E-01 -3.5473000E-09 -9.9521000E-01
 1.5600000E+02  8.9844000E-03 -9.0160000E-02  9.9982000E-01 -9.9574000E-01 -3.4004000E-09 -9.9558000E-01
 1.5650000E+02  9.0159000E-03 -8.6350000E-02  9.9982000E-01 -9.9608000E-01 -3.2567000E-09 -9.9591000E-01
 1.5700000E+02  9.0468000E-03 -8.2629000E-02  9.9982000E-01 -9.9640000E-01 -3.1163000E-09 -9.9623000E-01
 1.5750000E+02  9.0773000E-03 -7.8994000E-02  9.9982000E-01 -9.9669000E-01 -2.9792000E-09 -9.9653000E-01
 1.5800000E+02  9.1072000E-03 -7.5446000E-02  9.9982000E-01 -9.9697000E-01 -2.8454000E-09 -9.9680000E-01
 1.5850000E+02  9.1366000E-03 -7.1984000E-02  9.9982000E-01 -9.9723000E-01 -2.7149000E-09 -9.9706000E-01
 1.5900000E+02  9.1655000E-03 -6.8607000E-02  9.9982000E-01 -9.9746000E-01 -2.5875000E-09 -9.9730000E-01
 1.5950000E+02  9.1938000E-03 -6.5317000E-02  9.9982000E-01 -9.9768000E-01 -2.4634000E-09 -9.9752000E-01
 1.6000000E+02  9.2215000E-03 -6.2111000E-02  9.9982000E-01 -9.9789000E-01 -2.3425000E-09 -9.9772000E-01
 1.6050000E+02  9.2487000E-03 -5.8990000E-02  9.9982000E-01 -9.9808000E-01 -2.2248000E-09 -9.9791000E-01
 1.6100000E+02  9.2752000E-03 -5.5953000E-02  9.9982000E-01 -9.9826000E-01 -2.1103000E-09 -9.9809000E-01
 1.6150000E+02  9.3012000E-03 -5.3000000E-02  9.9982000E-01 -9.9842000E-01 -1.9989000E-09 -9.9825000E-01
 1.6200000E+02  9.3266000E-03 -5.0131000E-02  9.9982000E-01 -9.9857000E-01 -1.8907000E-09 -9.9840000E-01
 1.6250000E+02  9.3514000E-03 -4.7344000E-02  9.9982000E-01 -9.9870000E-01 -1.7856000E-09 -9.9853000E-01
 1.6300000E+02  9.3756000E-03 -4.4641000E-02  9.9982000E-01 -9.9883000E-01 -1.6836000E-09 -9.9866000E-01
 1.6350000E+02  9.3992000E-03 -4.2020000E-02  9.9982000E-01 -9.9894000E-01 -1.5848000E-09 -9.9877000E-01
 1.6400000E+02  9.4221000E-03 -3.9481000E-02  9.9983000E-01 -9.9905000E-01 -1.4890000E-09 -9.9888000E-01
 1.6450000E+02  9.4444000E-03 -3.7024000E-02  9.9983000E-01 -9.9914000E-01 -1.3964000E-09 -9.9897000E-01
 1.6500000E+02  9.4661000E-03 -3.4648000E-02  9.9983000E-01 -9.9923000E-01 -1.3068000E-09 -9.9906000E-01
 1.6550000E+02  9.4871000E-03 -3.2354000E-02  9.9983000E-01 -9.9930000E-01 -1.2202000E-09 -9.9913000E-01
 1.6600000E+02  9.5075000E-03 -3.0140000E-02  9.9983000E-01 -9.9937000E-01 -1.1367000E-09 -9.9920000E-01
 1.6650000E+02  9.5272000E-03 -2.8007000E-02  9.9983000E-01 -9.9943000E-01 -1.0563000E-09 -9.9927000E-01
 1.6700000E+02  9.5463000E-03 -2.5954000E-02  9.9983000E-01 -9.9949000E-01 -9.7885000E-10 -9.9932000E-01
 1.6750000E+02  9.5647000E-03 -2.3981000E-02  9.9983000E-01 -9.9954000E-01 -9.0443000E-10 -9.9937000E-01
 1.6800000E+02  9.5824000E-03 -2.2087000E-02  9.9983000E-01 -9.9958000E-01 -8.3302000E-10 -9.9942000E-01
 1.6850000E+02  9.5994000E-03 -2.0273000E-02  9.9983000E-01 -9.9962000E-01 -7.6461000E-10 -9.9945000E-01
 1.6900000E+02  9.6157000E-03 -1.8538000E-02  9.9983000E-01 -9.9966000E-01 -6.9918000E-10 -9.9949000E-01
 1.6950000E+02  9.6314000E-03 -1.6882000E-02  9.9983000E-01 -9.9969000E-01 -6.3672000E-10 -9.9952000E-01
 1.7000000E+02  9.6463000E-03 -1.5305000E-02  9.9983000E-01 -9.9971000E-01 -5.7723000E-10 -9.9954000E-01
 1.7050000E+02  9.6606000E-03 -1.3806000E-02  9.9983000E-01 -9.9973000E-01 -5.2070000E-10 -9.9957000E-01
 1.7100000E+02  9.6741000E-03 -1.2385000E-02  9.9983000E-01 -9.9975000E-01 -4.6711000E-10 -9.9959000E-01
 1.7150000E+02  9.6870000E-03 -1.1043000E-02  9.9983000E-01 -9.9977000E-01 -4.1647000E-10 -9.9960000E-01
 1.7200000E+02  9.6991000E-03 -9.7776000E-03  9.9983000E-01 -9.9978000E-01 -3.6876000E-10 -9.9961000E-01
 1.7250000E+02  9.7105000E-03 -8.5902000E-03  9.9983000E-01 -9.9979000E-01 -3.2398000E-10 -9.9963000E-01
 1.7300000E+02  9.7212000E-03 -7.4803000E-03  9.9983000E-01 -9.9980000E-01 -2.8212000E-10 -9.9963000E-01
 1.7350000E+02  9.7312000E-03 -6.4477000E-03  9.9983000E-01 -9.9981000E-01 -2.4318000E-10 -9.9964000E-01
 1.7400000E+02  9.7404000E-03 -5.4921000E-03  9.9983000E-01 -9.9982000E-01 -2.0714000E-10 -9.9965000E-01
 1.7450000E+02  9.7489000E-03 -4.6136000E-03  9.9983000E-01 -9.9982000E-01 -1.7400000E-10 -9.9965000E-01
 1.7500000E+02  9.7567000E-03 -3.8119000E-03  9.9983000E-01 -9.9982000E-01 -1.4377000E-10 -9.9966000E-01
 1.7550000E+02  9.7638000E-03 -3.0869000E-03  9.9983000E-01 -9.9983000E-01 -1.1642000E-10 -9.9966000E-01
 1.7600000E+02  9.7701000E-03 -2.4385000E-03  9.9983000E-01 -9.9983000E-01 -9.1968000E-11 -9.9966000E-01
 1.7650000E+02  9.7757000E-03 -1.8666000E-03  9.9983000E-01 -9.9983000E-01 -7.0400000E-11 -9.9966000E-01
 1.7700000E+02  9.7805000E-03 -1.3712000E-03  9.9983000E-01 -9.9983000E-01 -5.1714000E-11 -9.9966000E-01
 1.7750000E+02  9.7846000E-03 -9.5206000E-04  9.9983000E-01 -9.9983000E-01 -3.5907000E-11 -9.9966000E-01
 1.7800000E+02  9.7879000E-03 -6.0925000E-04  9.9983000E-01 -9.9983000E-01 -2.2978000E-11 -9.9966000E-01
 1.7850000E+02  9.7905000E-03 -3.4267000E-04  9.9983000E-01 -9.9983000E-01 -1.2924000E-11 -9.9966000E-01
 1.7900000E+02  9.7924000E-03 -1.5229000E-04  9.9983000E-01 -9.9983000E-01 -5.7436000E-12 -9.9966000E-01
 1.7950000E+02  9.7935000E-03 -3.8070000E-05  9.9983000E-01 -9.9983000E-01 -1.4358000E-12 -9.9966000E-01
 1.8000000E+02  9.7939000E-03 -3.7741000E-15  9.9983000E-01 -9.9983000E-01 -1.4234000E-22 -9.9966000E-01
