length scale factor
2.4931700E-01
volume cluster radius, area mean sphere radius, circumscribing radius, cross section radius
5.0208814E+00 2.4906768E-01 1.6956152E+01 5.0208814E+00
total extinction, absorption, scattering efficiencies (unpolarized incidence)
8.3546000E+00 1.7756000E-01 8.1770000E+00
theta     11          12          22          33          34          44
0.000000 9.7481000E+00 -8.4062000E-08 9.9998000E-01 9.9998000E-01 4.3973000E-08 9.9996000E-01
0.500000 9.7223000E+00 -3.2007000E-05 9.9998000E-01 9.9998000E-01 1.6750000E-05 9.9996000E-01
1.000000 9.6453000E+00 -1.2801000E-04 9.9998000E-01 9.9998000E-01 6.7073000E-05 9.9996000E-01
1.500000 9.5181000E+00 -2.8796000E-04 9.9998000E-01 9.9998000E-01 1.5119000E-04 9.9996000E-01
2.000000 9.3427000E+00 -5.1177000E-04 9.9998000E-01 9.9998000E-01 2.6949000E-04 9.9996000E-01
2.500000 9.1216000E+00 -7.9930000E-04 9.9998000E-01 9.9998000E-01 4.2248000E-04 9.9995000E-01
3.000000 8.8578000E+00 -1.1504000E-03 9.9998000E-01 9.9997000E-01 6.1086000E-04 9.9995000E-01
3.500000 8.5552000E+00 -1.5648000E-03 9.9997000E-01 9.9997000E-01 8.3549000E-04 9.9995000E-01
4.000000 8.2178000E+00 -2.0423000E-03 9.9997000E-01 9.9997000E-01 1.0974000E-03 9.9994000E-01
4.500000 7.8503000E+00 -2.5825000E-03 9.9997000E-01 9.9997000E-01 1.3978000E-03 9.9994000E-01
5.000000 7.4576000E+00 -3.1849000E-03 9.9997000E-01 9.9996000E-01 1.7381000E-03 9.9993000E-01
5.500000 7.0447000E+00 -3.8490000E-03 9.9997000E-01 9.9996000E-01 2.1200000E-03 9.9993000E-01
6.000000 6.6168000E+00 -4.5741000E-03 9.9996000E-01 9.9995000E-01 2.5452000E-03 9.9992000E-01
6.500000 6.1790000E+00 -5.3595000E-03 9.9996000E-01 9.9994000E-01 3.0158000E-03 9.9990000E-01
7.000000 5.7364000E+00 -6.2040000E-03 9.9996000E-01 9.9993000E-01 3.5342000E-03 9.9989000E-01
7.500000 5.2939000E+00 -7.1065000E-03 9.9995000E-01 9.9992000E-01 4.1028000E-03 9.9987000E-01
8.000000 4.8561000E+00 -8.0653000E-03 9.9995000E-01 9.9990000E-01 4.7246000E-03 9.9985000E-01
8.500000 4.4272000E+00 -9.0786000E-03 9.9994000E-01 9.9988000E-01 5.4026000E-03 9.9983000E-01
9.000000 4.0111000E+00 -1.0144000E-02 9.9993000E-01 9.9986000E-01 6.1400000E-03 9.9980000E-01
9.500000 3.6111000E+00 -1.1259000E-02 9.9992000E-01 9.9983000E-01 6.9402000E-03 9.9977000E-01
10.000000 3.2303000E+00 -1.2419000E-02 9.9991000E-01 9.9980000E-01 7.8069000E-03 9.9973000E-01
10.500000 2.8709000E+00 -1.3620000E-02 9.9990000E-01 9.9976000E-01 8.7434000E-03 9.9968000E-01
11.000000 2.5350000E+00 -1.4856000E-02 9.9989000E-01 9.9972000E-01 9.7530000E-03 9.9963000E-01
11.500000 2.2237000E+00 -1.6121000E-02 9.9987000E-01 9.9967000E-01 1.0838000E-02 9.9957000E-01
12.000000 1.9381000E+00 -1.7406000E-02 9.9985000E-01 9.9961000E-01 1.2000000E-02 9.9949000E-01
12.500000 1.6784000E+00 -1.8701000E-02 9.9982000E-01 9.9954000E-01 1.3238000E-02 9.9941000E-01
13.000000 1.4445000E+00 -1.9992000E-02 9.9979000E-01 9.9946000E-01 1.4549000E-02 9.9930000E-01
13.500000 1.2361000E+00 -2.1265000E-02 9.9975000E-01 9.9937000E-01 1.5924000E-02 9.9919000E-01
14.000000 1.0521000E+00 -2.2501000E-02 9.9971000E-01 9.9927000E-01 1.7348000E-02 9.9905000E-01
14.500000 8.9160000E-01 -2.3680000E-02 9.9965000E-01 9.9915000E-01 1.8796000E-02 9.9889000E-01
15.000000 7.5303000E-01 -2.4781000E-02 9.9959000E-01 9.9901000E-01 2.0230000E-02 9.9871000E-01
15.500000 6.3484000E-01 -2.5784000E-02 9.9951000E-01 9.9886000E-01 2.1597000E-02 9.9850000E-01
16.000000 5.3528000E-01 -2.6672000E-02 9.9941000E-01 9.9868000E-01 2.2825000E-02 9.9826000E-01
16.500000 4.5252000E-01 -2.7438000E-02 9.9930000E-01 9.9849000E-01 2.3825000E-02 9.9799000E-01
17.000000 3.8469000E-01 -2.8096000E-02 9.9917000E-01 9.9828000E-01 2.4493000E-02 9.9770000E-01
17.500000 3.2993000E-01 -2.8681000E-02 9.9902000E-01 9.9807000E-01 2.4731000E-02 9.9738000E-01
18.000000 2.8642000E-01 -2.9258000E-02 9.9887000E-01 9.9785000E-01 2.4464000E-02 9.9706000E-01
18.500000 2.5241000E-01 -2.9919000E-02 9.9871000E-01 9.9763000E-01 2.3668000E-02 9.9674000E-01
19.000000 2.2629000E-01 -3.0769000E-02 9.9855000E-01 9.9742000E-01 2.2388000E-02 9.9643000E-01
19.500000 2.0655000E-01 -3.1903000E-02 9.9840000E-01 9.9722000E-01 2.0745000E-02 9.9615000E-01
20.000000 1.9185000E-01 -3.3389000E-02 9.9827000E-01 9.9705000E-01 1.8913000E-02 9.9589000E-01
20.500000 1.8099000E-01 -3.5251000E-02 9.9816000E-01 9.9688000E-01 1.7082000E-02 9.9566000E-01
21.000000 1.7295000E-01 -3.7473000E-02 9.9806000E-01 9.9673000E-01 1.5418000E-02 9.9545000E-01
21.500000 1.6685000E-01 -4.0006000E-02 9.9798000E-01 9.9657000E-01 1.4045000E-02 9.9525000E-01
22.000000 1.6198000E-01 -4.2787000E-02 9.9791000E-01 9.9641000E-01 1.3030000E-02 9.9506000E-01
22.500000 1.5777000E-01 -4.5750000E-02 9.9785000E-01 9.9623000E-01 1.2397000E-02 9.9485000E-01
23.000000 1.5379000E-01 -4.8838000E-02 9.9779000E-01 9.9604000E-01 1.2133000E-02 9.9463000E-01
23.500000 1.4973000E-01 -5.2003000E-02 9.9772000E-01 9.9582000E-01 1.2208000E-02 9.9438000E-01
24.000000 1.4538000E-01 -5.5205000E-02 9.9765000E-01 9.9557000E-01 1.2584000E-02 9.9410000E-01
24.500000 1.4064000E-01 -5.8419000E-02 9.9757000E-01 9.9530000E-01 1.3215000E-02 9.9378000E-01
25.000000 1.3545000E-01 -6.1622000E-02 9.9747000E-01 9.9499000E-01 1.4063000E-02 9.9343000E-01
25.500000 1.2983000E-01 -6.4801000E-02 9.9736000E-01 9.9465000E-01 1.5086000E-02 9.9303000E-01
26.000000 1.2385000E-01 -6.7945000E-02 9.9723000E-01 9.9428000E-01 1.6250000E-02 9.9259000E-01
26.500000 1.1759000E-01 -7.1047000E-02 9.9708000E-01 9.9387000E-01 1.7519000E-02 9.9210000E-01
27.000000 1.1116000E-01 -7.4103000E-02 9.9691000E-01 9.9342000E-01 1.8859000E-02 9.9157000E-01
27.500000 1.0467000E-01 -7.7112000E-02 9.9671000E-01 9.9294000E-01 2.0239000E-02 9.9098000E-01
28.000000 9.8237000E-02 -8.0076000E-02 9.9649000E-01 9.9241000E-01 2.1624000E-02 9.9035000E-01
28.500000 9.1966000E-02 -8.3002000E-02 9.9625000E-01 9.9185000E-01 2.2981000E-02 9.8966000E-01
29.000000 8.5945000E-02 -8.5901000E-02 9.9598000E-01 9.9125000E-01 2.4275000E-02 9.8893000E-01
29.500000 8.0251000E-02 -8.8789000E-02 9.9569000E-01 9.9062000E-01 2.5473000E-02 9.8814000E-01
30.000000 7.4940000E-02 -9.1689000E-02 9.9537000E-01 9.8995000E-01 2.6542000E-02 9.8731000E-01
30.500000 7.0051000E-02 -9.4626000E-02 9.9503000E-01 9.8924000E-01 2.7457000E-02 9.8643000E-01
31.000000 6.5604000E-02 -9.7634000E-02 9.9468000E-01 9.8850000E-01 2.8195000E-02 9.8552000E-01
31.500000 6.1604000E-02 -1.0075000E-01 9.9431000E-01 9.8774000E-01 2.8747000E-02 9.8457000E-01
32.000000 5.8041000E-02 -1.0400000E-01 9.9393000E-01 9.8694000E-01 2.9111000E-02 9.8359000E-01
32.500000 5.4892000E-02 -1.0743000E-01 9.9355000E-01 9.8612000E-01 2.9298000E-02 9.8258000E-01
33.000000 5.2126000E-02 -1.1107000E-01 9.9317000E-01 9.8528000E-01 2.9333000E-02 9.8155000E-01
33.500000 4.9707000E-02 -1.1492000E-01 9.9279000E-01 9.8441000E-01 2.9245000E-02 9.8050000E-01
34.000000 4.7591000E-02 -1.1901000E-01 9.9242000E-01 9.8351000E-01 2.9074000E-02 9.7943000E-01
34.500000 4.5737000E-02 -1.2334000E-01 9.9206000E-01 9.8258000E-01 2.8858000E-02 9.7833000E-01
35.000000 4.4100000E-02 -1.2789000E-01 9.9171000E-01 9.8162000E-01 2.8638000E-02 9.7721000E-01
35.500000 4.2642000E-02 -1.3265000E-01 9.9137000E-01 9.8062000E-01 2.8446000E-02 9.7605000E-01
36.000000 4.1324000E-02 -1.3761000E-01 9.9102000E-01 9.7958000E-01 2.8310000E-02 9.7485000E-01
36.500000 4.0115000E-02 -1.4273000E-01 9.9069000E-01 9.7849000E-01 2.8249000E-02 9.7361000E-01
37.000000 3.8987000E-02 -1.4799000E-01 9.9035000E-01 9.7736000E-01 2.8276000E-02 9.7232000E-01
37.500000 3.7918000E-02 -1.5337000E-01 9.9001000E-01 9.7617000E-01 2.8396000E-02 9.7097000E-01
38.000000 3.6891000E-02 -1.5884000E-01 9.8966000E-01 9.7493000E-01 2.8605000E-02 9.6957000E-01
38.500000 3.5893000E-02 -1.6437000E-01 9.8931000E-01 9.7363000E-01 2.8900000E-02 9.6811000E-01
39.000000 3.4916000E-02 -1.6995000E-01 9.8894000E-01 9.7227000E-01 2.9271000E-02 9.6659000E-01
39.500000 3.3955000E-02 -1.7557000E-01 9.8857000E-01 9.7086000E-01 2.9706000E-02 9.6500000E-01
40.000000 3.3009000E-02 -1.8120000E-01 9.8818000E-01 9.6939000E-01 3.0194000E-02 9.6335000E-01
40.500000 3.2077000E-02 -1.8684000E-01 9.8778000E-01 9.6786000E-01 3.0725000E-02 9.6165000E-01
41.000000 3.1162000E-02 -1.9247000E-01 9.8737000E-01 9.6628000E-01 3.1287000E-02 9.5988000E-01
41.500000 3.0266000E-02 -1.9809000E-01 9.8695000E-01 9.6464000E-01 3.1874000E-02 9.5806000E-01
42.000000 2.9392000E-02 -2.0370000E-01 9.8652000E-01 9.6295000E-01 3.2479000E-02 9.5618000E-01
42.500000 2.8541000E-02 -2.0931000E-01 9.8608000E-01 9.6121000E-01 3.3100000E-02 9.5425000E-01
43.000000 2.7716000E-02 -2.1490000E-01 9.8563000E-01 9.5941000E-01 3.3737000E-02 9.5227000E-01
43.500000 2.6919000E-02 -2.2050000E-01 9.8518000E-01 9.5756000E-01 3.4391000E-02 9.5024000E-01
44.000000 2.6148000E-02 -2.2611000E-01 9.8472000E-01 9.5565000E-01 3.5066000E-02 9.4816000E-01
44.500000 2.5404000E-02 -2.3174000E-01 9.8425000E-01 9.5368000E-01 3.5767000E-02 9.4601000E-01
45.000000 2.4685000E-02 -2.3740000E-01 9.8378000E-01 9.5165000E-01 3.6499000E-02 9.4380000E-01
45.500000 2.3989000E-02 -2.4312000E-01 9.8329000E-01 9.4954000E-01 3.7267000E-02 9.4152000E-01
46.000000 2.3314000E-02 -2.4890000E-01 9.8280000E-01 9.4734000E-01 3.8073000E-02 9.3916000E-01
46.500000 2.2655000E-02 -2.5477000E-01 9.8229000E-01 9.4506000E-01 3.8920000E-02 9.3671000E-01
47.000000 2.2012000E-02 -2.6074000E-01 9.8176000E-01 9.4267000E-01 3.9806000E-02 9.3415000E-01
47.500000 2.1380000E-02 -2.6681000E-01 9.8121000E-01 9.4016000E-01 4.0725000E-02 9.3147000E-01
48.000000 2.0758000E-02 -2.7302000E-01 9.8064000E-01 9.3753000E-01 4.1668000E-02 9.2866000E-01
48.500000 2.0144000E-02 -2.7936000E-01 9.8003000E-01 9.3475000E-01 4.2622000E-02 9.2570000E-01
49.000000 1.9536000E-02 -2.8585000E-01 9.7940000E-01 9.3182000E-01 4.3571000E-02 9.2259000E-01
49.500000 1.8934000E-02 -2.9250000E-01 9.7873000E-01 9.2873000E-01 4.4494000E-02 9.1930000E-01
50.000000 1.8338000E-02 -2.9931000E-01 9.7802000E-01 9.2547000E-01 4.5365000E-02 9.1582000E-01
50.500000 1.7749000E-02 -3.0629000E-01 9.7726000E-01 9.2202000E-01 4.6158000E-02 9.1215000E-01
51.000000 1.7168000E-02 -3.1343000E-01 9.7647000E-01 9.1839000E-01 4.6842000E-02 9.0828000E-01
51.500000 1.6598000E-02 -3.2073000E-01 9.7563000E-01 9.1456000E-01 4.7386000E-02 9.0421000E-01
52.000000 1.6040000E-02 -3.2820000E-01 9.7475000E-01 9.1055000E-01 4.7757000E-02 8.9993000E-01
52.500000 1.5498000E-02 -3.3581000E-01 9.7382000E-01 9.0634000E-01 4.7925000E-02 8.9545000E-01
53.000000 1.4973000E-02 -3.4357000E-01 9.7286000E-01 9.0195000E-01 4.7860000E-02 8.9077000E-01
53.500000 1.4468000E-02 -3.5146000E-01 9.7187000E-01 8.9739000E-01 4.7538000E-02 8.8591000E-01
54.000000 1.3987000E-02 -3.5946000E-01 9.7085000E-01 8.9268000E-01 4.6939000E-02 8.8088000E-01
54.500000 1.3530000E-02 -3.6756000E-01 9.6981000E-01 8.8781000E-01 4.6050000E-02 8.7570000E-01
55.000000 1.3100000E-02 -3.7574000E-01 9.6876000E-01 8.8283000E-01 4.4868000E-02 8.7040000E-01
55.500000 1.2697000E-02 -3.8398000E-01 9.6771000E-01 8.7774000E-01 4.3399000E-02 8.6499000E-01
56.000000 1.2324000E-02 -3.9227000E-01 9.6667000E-01 8.7258000E-01 4.1660000E-02 8.5951000E-01
56.500000 1.1979000E-02 -4.0059000E-01 9.6565000E-01 8.6735000E-01 3.9675000E-02 8.5397000E-01
57.000000 1.1663000E-02 -4.0892000E-01 9.6466000E-01 8.6209000E-01 3.7480000E-02 8.4840000E-01
57.500000 1.1375000E-02 -4.1725000E-01 9.6370000E-01 8.5680000E-01 3.5119000E-02 8.4282000E-01
58.000000 1.1113000E-02 -4.2559000E-01 9.6279000E-01 8.5149000E-01 3.2639000E-02 8.3724000E-01
58.500000 1.0876000E-02 -4.3392000E-01 9.6192000E-01 8.4617000E-01 3.0092000E-02 8.3167000E-01
59.000000 1.0662000E-02 -4.4226000E-01 9.6111000E-01 8.4084000E-01 2.7530000E-02 8.2610000E-01
59.500000 1.0469000E-02 -4.5059000E-01 9.6035000E-01 8.3548000E-01 2.5002000E-02 8.2053000E-01
60.000000 1.0293000E-02 -4.5895000E-01 9.5963000E-01 8.3009000E-01 2.2553000E-02 8.1495000E-01
60.500000 1.0133000E-02 -4.6733000E-01 9.5896000E-01 8.2464000E-01 2.0223000E-02 8.0934000E-01
61.000000 9.9858000E-03 -4.7575000E-01 9.5834000E-01 8.1911000E-01 1.8042000E-02 8.0366000E-01
61.500000 9.8495000E-03 -4.8424000E-01 9.5775000E-01 8.1347000E-01 1.6036000E-02 7.9790000E-01
62.000000 9.7217000E-03 -4.9280000E-01 9.5719000E-01 8.0769000E-01 1.4220000E-02 7.9201000E-01
62.500000 9.6002000E-03 -5.0145000E-01 9.5665000E-01 8.0174000E-01 1.2602000E-02 7.8597000E-01
63.000000 9.4832000E-03 -5.1020000E-01 9.5614000E-01 7.9558000E-01 1.1184000E-02 7.7975000E-01
63.500000 9.3692000E-03 -5.1907000E-01 9.5563000E-01 7.8918000E-01 9.9622000E-03 7.7330000E-01
64.000000 9.2568000E-03 -5.2806000E-01 9.5512000E-01 7.8252000E-01 8.9282000E-03 7.6660000E-01
64.500000 9.1450000E-03 -5.3718000E-01 9.5462000E-01 7.7557000E-01 8.0698000E-03 7.5963000E-01
65.000000 9.0331000E-03 -5.4643000E-01 9.5410000E-01 7.6830000E-01 7.3725000E-03 7.5235000E-01
65.500000 8.9204000E-03 -5.5580000E-01 9.5358000E-01 7.6069000E-01 6.8202000E-03 7.4474000E-01
66.000000 8.8068000E-03 -5.6530000E-01 9.5304000E-01 7.5273000E-01 6.3961000E-03 7.3678000E-01
66.500000 8.6921000E-03 -5.7490000E-01 9.5248000E-01 7.4441000E-01 6.0833000E-03 7.2847000E-01
67.000000 8.5763000E-03 -5.8460000E-01 9.5190000E-01 7.3572000E-01 5.8653000E-03 7.1980000E-01
67.500000 8.4596000E-03 -5.9438000E-01 9.5129000E-01 7.2665000E-01 5.7265000E-03 7.1075000E-01
68.000000 8.3424000E-03 -6.0422000E-01 9.5066000E-01 7.1721000E-01 5.6523000E-03 7.0132000E-01
68.500000 8.2248000E-03 -6.1409000E-01 9.5001000E-01 7.0740000E-01 5.6296000E-03 6.9153000E-01
69.000000 8.1074000E-03 -6.2397000E-01 9.4933000E-01 6.9724000E-01 5.6463000E-03 6.8139000E-01
69.500000 7.9906000E-03 -6.3383000E-01 9.4863000E-01 6.8674000E-01 5.6921000E-03 6.7089000E-01
70.000000 7.8746000E-03 -6.4364000E-01 9.4790000E-01 6.7592000E-01 5.7576000E-03 6.6007000E-01
70.500000 7.7600000E-03 -6.5338000E-01 9.4715000E-01 6.6480000E-01 5.8351000E-03 6.4893000E-01
71.000000 7.6470000E-03 -6.6301000E-01 9.4637000E-01 6.5340000E-01 5.9178000E-03 6.3751000E-01
71.500000 7.5360000E-03 -6.7252000E-01 9.4557000E-01 6.4175000E-01 6.0001000E-03 6.2582000E-01
72.000000 7.4272000E-03 -6.8187000E-01 9.4476000E-01 6.2988000E-01 6.0776000E-03 6.1390000E-01
72.500000 7.3209000E-03 -6.9104000E-01 9.4393000E-01 6.1781000E-01 6.1466000E-03 6.0177000E-01
73.000000 7.2172000E-03 -7.0002000E-01 9.4308000E-01 6.0557000E-01 6.2043000E-03 5.8945000E-01
73.500000 7.1162000E-03 -7.0878000E-01 9.4222000E-01 5.9319000E-01 6.2487000E-03 5.7697000E-01
74.000000 7.0181000E-03 -7.1732000E-01 9.4136000E-01 5.8069000E-01 6.2787000E-03 5.6436000E-01
74.500000 6.9229000E-03 -7.2563000E-01 9.4049000E-01 5.6809000E-01 6.2935000E-03 5.5163000E-01
75.000000 6.8306000E-03 -7.3369000E-01 9.3961000E-01 5.5540000E-01 6.2934000E-03 5.3882000E-01
75.500000 6.7413000E-03 -7.4152000E-01 9.3874000E-01 5.4266000E-01 6.2789000E-03 5.2592000E-01
76.000000 6.6549000E-03 -7.4910000E-01 9.3788000E-01 5.2986000E-01 6.2512000E-03 5.1297000E-01
76.500000 6.5714000E-03 -7.5644000E-01 9.3702000E-01 5.1701000E-01 6.2122000E-03 4.9997000E-01
77.000000 6.4907000E-03 -7.6356000E-01 9.3618000E-01 5.0412000E-01 6.1637000E-03 4.8693000E-01
77.500000 6.4129000E-03 -7.7045000E-01 9.3535000E-01 4.9118000E-01 6.1083000E-03 4.7385000E-01
78.000000 6.3378000E-03 -7.7713000E-01 9.3454000E-01 4.7820000E-01 6.0484000E-03 4.6072000E-01
78.500000 6.2655000E-03 -7.8361000E-01 9.3376000E-01 4.6517000E-01 5.9868000E-03 4.4756000E-01
79.000000 6.1957000E-03 -7.8990000E-01 9.3300000E-01 4.5207000E-01 5.9259000E-03 4.3434000E-01
79.500000 6.1284000E-03 -7.9601000E-01 9.3227000E-01 4.3890000E-01 5.8681000E-03 4.2107000E-01
80.000000 6.0636000E-03 -8.0195000E-01 9.3158000E-01 4.2564000E-01 5.8156000E-03 4.0774000E-01
80.500000 6.0012000E-03 -8.0773000E-01 9.3092000E-01 4.1227000E-01 5.7701000E-03 3.9432000E-01
81.000000 5.9410000E-03 -8.1336000E-01 9.3029000E-01 3.9878000E-01 5.7326000E-03 3.8081000E-01
81.500000 5.8830000E-03 -8.1884000E-01 9.2970000E-01 3.8517000E-01 5.7040000E-03 3.6719000E-01
82.000000 5.8271000E-03 -8.2418000E-01 9.2916000E-01 3.7140000E-01 5.6843000E-03 3.5346000E-01
82.500000 5.7732000E-03 -8.2938000E-01 9.2865000E-01 3.5748000E-01 5.6733000E-03 3.3961000E-01
83.000000 5.7212000E-03 -8.3443000E-01 9.2818000E-01 3.4339000E-01 5.6701000E-03 3.2562000E-01
83.500000 5.6710000E-03 -8.3934000E-01 9.2775000E-01 3.2912000E-01 5.6737000E-03 3.1148000E-01
84.000000 5.6225000E-03 -8.4410000E-01 9.2736000E-01 3.1468000E-01 5.6828000E-03 2.9720000E-01
84.500000 5.5756000E-03 -8.4869000E-01 9.2701000E-01 3.0006000E-01 5.6961000E-03 2.8278000E-01
85.000000 5.5301000E-03 -8.5312000E-01 9.2670000E-01 2.8527000E-01 5.7123000E-03 2.6821000E-01
85.500000 5.4860000E-03 -8.5737000E-01 9.2642000E-01 2.7032000E-01 5.7304000E-03 2.5351000E-01
86.000000 5.4432000E-03 -8.6143000E-01 9.2617000E-01 2.5522000E-01 5.7499000E-03 2.3868000E-01
86.500000 5.4014000E-03 -8.6529000E-01 9.2595000E-01 2.3999000E-01 5.7705000E-03 2.2374000E-01
87.000000 5.3606000E-03 -8.6893000E-01 9.2576000E-01 2.2464000E-01 5.7927000E-03 2.0871000E-01
87.500000 5.3207000E-03 -8.7233000E-01 9.2558000E-01 2.0920000E-01 5.8176000E-03 1.9360000E-01
88.000000 5.2814000E-03 -8.7550000E-01 9.2543000E-01 1.9369000E-01 5.8467000E-03 1.7844000E-01
88.500000 5.2427000E-03 -8.7840000E-01 9.2528000E-01 1.7813000E-01 5.8819000E-03 1.6324000E-01
89.000000 5.2043000E-03 -8.8104000E-01 9.2514000E-01 1.6255000E-01 5.9255000E-03 1.4804000E-01
89.500000 5.1661000E-03 -8.8340000E-01 9.2500000E-01 1.4698000E-01 5.9802000E-03 1.3284000E-01
90.000000 5.1279000E-03 -8.8547000E-01 9.2486000E-01 1.3143000E-01 6.0484000E-03 1.1768000E-01
90.500000 5.0895000E-03 -8.8725000E-01 9.2470000E-01 1.1594000E-01 6.1321000E-03 1.0257000E-01
91.000000 5.0507000E-03 -8.8872000E-01 9.2453000E-01 1.0051000E-01 6.2333000E-03 8.7539000E-02
91.500000 5.0113000E-03 -8.8989000E-01 9.2434000E-01 8.5172000E-02 6.3528000E-03 7.2589000E-02
92.000000 4.9711000E-03 -8.9074000E-01 9.2411000E-01 6.9928000E-02 6.4906000E-03 5.7737000E-02
92.500000 4.9300000E-03 -8.9128000E-01 9.2386000E-01 5.4789000E-02 6.6458000E-03 4.2990000E-02
93.000000 4.8878000E-03 -8.9151000E-01 9.2356000E-01 3.9761000E-02 6.8161000E-03 2.8353000E-02
93.500000 4.8444000E-03 -8.9143000E-01 9.2322000E-01 2.4842000E-02 6.9979000E-03 1.3827000E-02
94.000000 4.7996000E-03 -8.9103000E-01 9.2284000E-01 1.0031000E-02 7.1861000E-03 -5.9272000E-04
94.500000 4.7533000E-03 -8.9032000E-01 9.2241000E-01 -4.6815000E-03 7.3746000E-03 -1.4912000E-02
95.000000 4.7055000E-03 -8.8930000E-01 9.2192000E-01 -1.9305000E-02 7.5560000E-03 -2.9141000E-02
95.500000 4.6562000E-03 -8.8797000E-01 9.2139000E-01 -3.3854000E-02 7.7216000E-03 -4.3291000E-02
96.000000 4.6053000E-03 -8.8634000E-01 9.2080000E-01 -4.8345000E-02 7.8621000E-03 -5.7379000E-02
96.500000 4.5529000E-03 -8.8441000E-01 9.2017000E-01 -6.2794000E-02 7.9674000E-03 -7.1421000E-02
97.000000 4.4992000E-03 -8.8218000E-01 9.1949000E-01 -7.7221000E-02 8.0274000E-03 -8.5434000E-02
97.500000 4.4443000E-03 -8.7965000E-01 9.1876000E-01 -9.1644000E-02 8.0315000E-03 -9.9436000E-02
98.000000 4.3883000E-03 -8.7683000E-01 9.1800000E-01 -1.0608000E-01 7.9699000E-03 -1.1345000E-01
98.500000 4.3314000E-03 -8.7372000E-01 9.1721000E-01 -1.2056000E-01 7.8332000E-03 -1.2748000E-01
99.000000 4.2740000E-03 -8.7032000E-01 9.1639000E-01 -1.3508000E-01 7.6129000E-03 -1.4155000E-01
99.500000 4.2162000E-03 -8.6663000E-01 9.1555000E-01 -1.4966000E-01 7.3020000E-03 -1.5568000E-01
100.000000 4.1585000E-03 -8.6266000E-01 9.1471000E-01 -1.6431000E-01 6.8948000E-03 -1.6987000E-01
100.500000 4.1010000E-03 -8.5841000E-01 9.1386000E-01 -1.7904000E-01 6.3876000E-03 -1.8413000E-01
101.000000 4.0442000E-03 -8.5389000E-01 9.1303000E-01 -1.9384000E-01 5.7783000E-03 -1.9846000E-01
101.500000 3.9883000E-03 -8.4909000E-01 9.1222000E-01 -2.0872000E-01 5.0668000E-03 -2.1286000E-01
102.000000 3.9337000E-03 -8.4403000E-01 9.1144000E-01 -2.2368000E-01 4.2549000E-03 -2.2733000E-01
102.500000 3.8808000E-03 -8.3872000E-01 9.1069000E-01 -2.3868000E-01 3.3464000E-03 -2.4185000E-01
103.000000 3.8298000E-03 -8.3315000E-01 9.1000000E-01 -2.5373000E-01 2.3462000E-03 -2.5642000E-01
103.500000 3.7809000E-03 -8.2735000E-01 9.0936000E-01 -2.6880000E-01 1.2611000E-03 -2.7101000E-01
104.000000 3.7345000E-03 -8.2132000E-01 9.0879000E-01 -2.8387000E-01 9.8395000E-05 -2.8561000E-01
104.500000 3.6908000E-03 -8.1508000E-01 9.0829000E-01 -2.9891000E-01 -1.1339000E-03 -3.0019000E-01
105.000000 3.6500000E-03 -8.0864000E-01 9.0786000E-01 -3.1390000E-01 -2.4276000E-03 -3.1473000E-01
105.500000 3.6122000E-03 -8.0202000E-01 9.0752000E-01 -3.2882000E-01 -3.7749000E-03 -3.2919000E-01
106.000000 3.5776000E-03 -7.9523000E-01 9.0725000E-01 -3.4362000E-01 -5.1687000E-03 -3.4356000E-01
106.500000 3.5462000E-03 -7.8830000E-01 9.0706000E-01 -3.5829000E-01 -6.6028000E-03 -3.5781000E-01
107.000000 3.5181000E-03 -7.8124000E-01 9.0695000E-01 -3.7281000E-01 -8.0722000E-03 -3.7192000E-01
107.500000 3.4933000E-03 -7.7406000E-01 9.0692000E-01 -3.8715000E-01 -9.5733000E-03 -3.8586000E-01
108.000000 3.4719000E-03 -7.6678000E-01 9.0697000E-01 -4.0131000E-01 -1.1104000E-02 -3.9962000E-01
108.500000 3.4538000E-03 -7.5942000E-01 9.0709000E-01 -4.1526000E-01 -1.2663000E-02 -4.1318000E-01
109.000000 3.4388000E-03 -7.5198000E-01 9.0727000E-01 -4.2900000E-01 -1.4250000E-02 -4.2653000E-01
109.500000 3.4271000E-03 -7.4449000E-01 9.0752000E-01 -4.4252000E-01 -1.5866000E-02 -4.3966000E-01
110.000000 3.4183000E-03 -7.3695000E-01 9.0782000E-01 -4.5582000E-01 -1.7511000E-02 -4.5258000E-01
110.500000 3.4126000E-03 -7.2936000E-01 9.0818000E-01 -4.6891000E-01 -1.9186000E-02 -4.6527000E-01
111.000000 3.4096000E-03 -7.2174000E-01 9.0858000E-01 -4.8178000E-01 -2.0890000E-02 -4.7774000E-01
111.500000 3.4093000E-03 -7.1408000E-01 9.0903000E-01 -4.9444000E-01 -2.2621000E-02 -4.9000000E-01
112.000000 3.4114000E-03 -7.0640000E-01 9.0952000E-01 -5.0689000E-01 -2.4375000E-02 -5.0204000E-01
112.500000 3.4159000E-03 -6.9868000E-01 9.1005000E-01 -5.1915000E-01 -2.6146000E-02 -5.1387000E-01
113.000000 3.4226000E-03 -6.9093000E-01 9.1061000E-01 -5.3121000E-01 -2.7928000E-02 -5.2550000E-01
113.500000 3.4312000E-03 -6.8314000E-01 9.1120000E-01 -5.4307000E-01 -2.9708000E-02 -5.3692000E-01
114.000000 3.4416000E-03 -6.7532000E-01 9.1182000E-01 -5.5474000E-01 -3.1474000E-02 -5.4814000E-01
114.500000 3.4536000E-03 -6.6747000E-01 9.1246000E-01 -5.6621000E-01 -3.3212000E-02 -5.5916000E-01
115.000000 3.4670000E-03 -6.5958000E-01 9.1312000E-01 -5.7749000E-01 -3.4904000E-02 -5.6998000E-01
115.500000 3.4815000E-03 -6.5166000E-01 9.1380000E-01 -5.8856000E-01 -3.6532000E-02 -5.8059000E-01
116.000000 3.4970000E-03 -6.4370000E-01 9.1449000E-01 -5.9941000E-01 -3.8076000E-02 -5.9099000E-01
116.500000 3.5132000E-03 -6.3570000E-01 9.1519000E-01 -6.1005000E-01 -3.9516000E-02 -6.0117000E-01
117.000000 3.5299000E-03 -6.2767000E-01 9.1591000E-01 -6.2046000E-01 -4.0832000E-02 -6.1113000E-01
117.500000 3.5470000E-03 -6.1962000E-01 9.1662000E-01 -6.3064000E-01 -4.2006000E-02 -6.2085000E-01
118.000000 3.5641000E-03 -6.1153000E-01 9.1734000E-01 -6.4056000E-01 -4.3018000E-02 -6.3034000E-01
118.500000 3.5812000E-03 -6.0343000E-01 9.1805000E-01 -6.5023000E-01 -4.3853000E-02 -6.3958000E-01
119.000000 3.5980000E-03 -5.9531000E-01 9.1875000E-01 -6.5964000E-01 -4.4497000E-02 -6.4856000E-01
119.500000 3.6143000E-03 -5.8719000E-01 9.1944000E-01 -6.6877000E-01 -4.4940000E-02 -6.5729000E-01
120.000000 3.6301000E-03 -5.7905000E-01 9.2011000E-01 -6.7764000E-01 -4.5173000E-02 -6.6575000E-01
120.500000 3.6451000E-03 -5.7092000E-01 9.2077000E-01 -6.8623000E-01 -4.5193000E-02 -6.7395000E-01
121.000000 3.6593000E-03 -5.6280000E-01 9.2140000E-01 -6.9455000E-01 -4.4999000E-02 -6.8188000E-01
121.500000 3.6726000E-03 -5.5468000E-01 9.2201000E-01 -7.0261000E-01 -4.4595000E-02 -6.8955000E-01
122.000000 3.6850000E-03 -5.4658000E-01 9.2259000E-01 -7.1040000E-01 -4.3987000E-02 -6.9696000E-01
122.500000 3.6964000E-03 -5.3849000E-01 9.2314000E-01 -7.1794000E-01 -4.3188000E-02 -7.0411000E-01
123.000000 3.7069000E-03 -5.3042000E-01 9.2367000E-01 -7.2523000E-01 -4.2212000E-02 -7.1102000E-01
123.500000 3.7164000E-03 -5.2237000E-01 9.2417000E-01 -7.3230000E-01 -4.1076000E-02 -7.1770000E-01
124.000000 3.7250000E-03 -5.1433000E-01 9.2464000E-01 -7.3914000E-01 -3.9803000E-02 -7.2416000E-01
124.500000 3.7328000E-03 -5.0631000E-01 9.2508000E-01 -7.4578000E-01 -3.8415000E-02 -7.3040000E-01
125.000000 3.7399000E-03 -4.9830000E-01 9.2550000E-01 -7.5224000E-01 -3.6938000E-02 -7.3645000E-01
125.500000 3.7464000E-03 -4.9030000E-01 9.2590000E-01 -7.5851000E-01 -3.5401000E-02 -7.4231000E-01
126.000000 3.7524000E-03 -4.8230000E-01 9.2629000E-01 -7.6463000E-01 -3.3829000E-02 -7.4801000E-01
126.500000 3.7580000E-03 -4.7430000E-01 9.2665000E-01 -7.7060000E-01 -3.2251000E-02 -7.5355000E-01
127.000000 3.7633000E-03 -4.6629000E-01 9.2701000E-01 -7.7644000E-01 -3.0695000E-02 -7.5896000E-01
127.500000 3.7686000E-03 -4.5827000E-01 9.2737000E-01 -7.8216000E-01 -2.9186000E-02 -7.6423000E-01
128.000000 3.7737000E-03 -4.5023000E-01 9.2772000E-01 -7.8776000E-01 -2.7748000E-02 -7.6938000E-01
128.500000 3.7790000E-03 -4.4216000E-01 9.2807000E-01 -7.9326000E-01 -2.6401000E-02 -7.7443000E-01
129.000000 3.7845000E-03 -4.3408000E-01 9.2843000E-01 -7.9865000E-01 -2.5164000E-02 -7.7937000E-01
129.500000 3.7902000E-03 -4.2596000E-01 9.2879000E-01 -8.0396000E-01 -2.4051000E-02 -7.8422000E-01
130.000000 3.7962000E-03 -4.1781000E-01 9.2916000E-01 -8.0916000E-01 -2.3072000E-02 -7.8898000E-01
130.500000 3.8027000E-03 -4.0964000E-01 9.2955000E-01 -8.1427000E-01 -2.2233000E-02 -7.9365000E-01
131.000000 3.8095000E-03 -4.0143000E-01 9.2995000E-01 -8.1929000E-01 -2.1536000E-02 -7.9823000E-01
131.500000 3.8168000E-03 -3.9320000E-01 9.3036000E-01 -8.2420000E-01 -2.0979000E-02 -8.0272000E-01
132.000000 3.8245000E-03 -3.8496000E-01 9.3079000E-01 -8.2902000E-01 -2.0558000E-02 -8.0713000E-01
132.500000 3.8327000E-03 -3.7670000E-01 9.3124000E-01 -8.3372000E-01 -2.0264000E-02 -8.1143000E-01
133.000000 3.8413000E-03 -3.6844000E-01 9.3170000E-01 -8.3831000E-01 -2.0087000E-02 -8.1564000E-01
133.500000 3.8503000E-03 -3.6019000E-01 9.3217000E-01 -8.4278000E-01 -2.0013000E-02 -8.1975000E-01
134.000000 3.8597000E-03 -3.5196000E-01 9.3265000E-01 -8.4713000E-01 -2.0029000E-02 -8.2374000E-01
134.500000 3.8695000E-03 -3.4376000E-01 9.3314000E-01 -8.5135000E-01 -2.0121000E-02 -8.2762000E-01
135.000000 3.8795000E-03 -3.3562000E-01 9.3364000E-01 -8.5543000E-01 -2.0275000E-02 -8.3139000E-01
135.500000 3.8898000E-03 -3.2754000E-01 9.3415000E-01 -8.5938000E-01 -2.0478000E-02 -8.3502000E-01
136.000000 3.9004000E-03 -3.1954000E-01 9.3466000E-01 -8.6318000E-01 -2.0717000E-02 -8.3853000E-01
136.500000 3.9112000E-03 -3.1163000E-01 9.3517000E-01 -8.6683000E-01 -2.0982000E-02 -8.4191000E-01
137.000000 3.9221000E-03 -3.0385000E-01 9.3568000E-01 -8.7034000E-01 -2.1267000E-02 -8.4515000E-01
137.500000 3.9332000E-03 -2.9618000E-01 9.3619000E-01 -8.7371000E-01 -2.1564000E-02 -8.4825000E-01
138.000000 3.9444000E-03 -2.8866000E-01 9.3669000E-01 -8.7692000E-01 -2.1871000E-02 -8.5120000E-01
138.500000 3.9556000E-03 -2.8129000E-01 9.3719000E-01 -8.7999000E-01 -2.2187000E-02 -8.5402000E-01
139.000000 3.9669000E-03 -2.7409000E-01 9.3768000E-01 -8.8291000E-01 -2.2513000E-02 -8.5670000E-01
139.500000 3.9783000E-03 -2.6705000E-01 9.3816000E-01 -8.8569000E-01 -2.2852000E-02 -8.5923000E-01
140.000000 3.9896000E-03 -2.6019000E-01 9.3862000E-01 -8.8834000E-01 -2.3208000E-02 -8.6163000E-01
140.500000 4.0008000E-03 -2.5350000E-01 9.3908000E-01 -8.9085000E-01 -2.3587000E-02 -8.6389000E-01
141.000000 4.0120000E-03 -2.4699000E-01 9.3952000E-01 -8.9324000E-01 -2.3995000E-02 -8.6602000E-01
141.500000 4.0232000E-03 -2.4066000E-01 9.3995000E-01 -8.9550000E-01 -2.4438000E-02 -8.6802000E-01
142.000000 4.0341000E-03 -2.3449000E-01 9.4036000E-01 -8.9764000E-01 -2.4922000E-02 -8.6990000E-01
142.500000 4.0450000E-03 -2.2848000E-01 9.4076000E-01 -8.9968000E-01 -2.5450000E-02 -8.7167000E-01
143.000000 4.0556000E-03 -2.2261000E-01 9.4115000E-01 -9.0161000E-01 -2.6026000E-02 -8.7332000E-01
143.500000 4.0661000E-03 -2.1688000E-01 9.4152000E-01 -9.0345000E-01 -2.6652000E-02 -8.7488000E-01
144.000000 4.0762000E-03 -2.1126000E-01 9.4187000E-01 -9.0520000E-01 -2.7328000E-02 -8.7634000E-01
144.500000 4.0861000E-03 -2.0575000E-01 9.4221000E-01 -9.0686000E-01 -2.8051000E-02 -8.7771000E-01
145.000000 4.0957000E-03 -2.0031000E-01 9.4253000E-01 -9.0846000E-01 -2.8816000E-02 -8.7899000E-01
145.500000 4.1049000E-03 -1.9493000E-01 9.4284000E-01 -9.0998000E-01 -2.9619000E-02 -8.8021000E-01
146.000000 4.1138000E-03 -1.8961000E-01 9.4314000E-01 -9.1145000E-01 -3.0451000E-02 -8.8136000E-01
146.500000 4.1222000E-03 -1.8430000E-01 9.4343000E-01 -9.1286000E-01 -3.1303000E-02 -8.8245000E-01
147.000000 4.1302000E-03 -1.7901000E-01 9.4370000E-01 -9.1422000E-01 -3.2166000E-02 -8.8349000E-01
147.500000 4.1378000E-03 -1.7372000E-01 9.4396000E-01 -9.1554000E-01 -3.3029000E-02 -8.8449000E-01
148.000000 4.1450000E-03 -1.6842000E-01 9.4421000E-01 -9.1683000E-01 -3.3881000E-02 -8.8545000E-01
148.500000 4.1517000E-03 -1.6309000E-01 9.4445000E-01 -9.1808000E-01 -3.4712000E-02 -8.8637000E-01
149.000000 4.1580000E-03 -1.5773000E-01 9.4469000E-01 -9.1930000E-01 -3.5513000E-02 -8.8726000E-01
149.500000 4.1639000E-03 -1.5234000E-01 9.4491000E-01 -9.2050000E-01 -3.6274000E-02 -8.8812000E-01
150.000000 4.1693000E-03 -1.4692000E-01 9.4514000E-01 -9.2167000E-01 -3.6990000E-02 -8.8897000E-01
150.500000 4.1743000E-03 -1.4147000E-01 9.4535000E-01 -9.2283000E-01 -3.7656000E-02 -8.8979000E-01
151.000000 4.1790000E-03 -1.3599000E-01 9.4556000E-01 -9.2396000E-01 -3.8267000E-02 -8.9060000E-01
151.500000 4.1833000E-03 -1.3050000E-01 9.4577000E-01 -9.2508000E-01 -3.8824000E-02 -8.9139000E-01
152.000000 4.1873000E-03 -1.2500000E-01 9.4597000E-01 -9.2618000E-01 -3.9326000E-02 -8.9216000E-01
152.500000 4.1911000E-03 -1.1951000E-01 9.4617000E-01 -9.2726000E-01 -3.9776000E-02 -8.9291000E-01
153.000000 4.1946000E-03 -1.1404000E-01 9.4636000E-01 -9.2833000E-01 -4.0179000E-02 -8.9364000E-01
153.500000 4.1980000E-03 -1.0860000E-01 9.4655000E-01 -9.2937000E-01 -4.0539000E-02 -8.9436000E-01
154.000000 4.2014000E-03 -1.0322000E-01 9.4673000E-01 -9.3040000E-01 -4.0863000E-02 -8.9505000E-01
154.500000 4.2047000E-03 -9.7896000E-02 9.4691000E-01 -9.3140000E-01 -4.1157000E-02 -8.9571000E-01
155.000000 4.2080000E-03 -9.2654000E-02 9.4708000E-01 -9.3237000E-01 -4.1427000E-02 -8.9635000E-01
155.500000 4.2114000E-03 -8.7505000E-02 9.4724000E-01 -9.3332000E-01 -4.1679000E-02 -8.9695000E-01
156.000000 4.2150000E-03 -8.2464000E-02 9.4739000E-01 -9.3424000E-01 -4.1917000E-02 -8.9752000E-01
156.500000 4.2188000E-03 -7.7540000E-02 9.4753000E-01 -9.3512000E-01 -4.2146000E-02 -8.9805000E-01
157.000000 4.2230000E-03 -7.2744000E-02 9.4765000E-01 -9.3597000E-01 -4.2366000E-02 -8.9854000E-01
157.500000 4.2275000E-03 -6.8084000E-02 9.4776000E-01 -9.3679000E-01 -4.2576000E-02 -8.9898000E-01
158.000000 4.2325000E-03 -6.3567000E-02 9.4786000E-01 -9.3756000E-01 -4.2774000E-02 -8.9938000E-01
158.500000 4.2379000E-03 -5.9197000E-02 9.4793000E-01 -9.3829000E-01 -4.2954000E-02 -8.9971000E-01
159.000000 4.2440000E-03 -5.4978000E-02 9.4798000E-01 -9.3898000E-01 -4.3109000E-02 -8.9999000E-01
159.500000 4.2507000E-03 -5.0912000E-02 9.4801000E-01 -9.3962000E-01 -4.3229000E-02 -9.0021000E-01
160.000000 4.2581000E-03 -4.7000000E-02 9.4801000E-01 -9.4021000E-01 -4.3304000E-02 -9.0036000E-01
160.500000 4.2663000E-03 -4.3244000E-02 9.4799000E-01 -9.4075000E-01 -4.3320000E-02 -9.0045000E-01
161.000000 4.2753000E-03 -3.9642000E-02 9.4794000E-01 -9.4124000E-01 -4.3265000E-02 -9.0046000E-01
161.500000 4.2851000E-03 -3.6195000E-02 9.4786000E-01 -9.4168000E-01 -4.3125000E-02 -9.0041000E-01
162.000000 4.2959000E-03 -3.2903000E-02 9.4775000E-01 -9.4207000E-01 -4.2885000E-02 -9.0028000E-01
162.500000 4.3076000E-03 -2.9765000E-02 9.4761000E-01 -9.4241000E-01 -4.2534000E-02 -9.0007000E-01
163.000000 4.3202000E-03 -2.6782000E-02 9.4744000E-01 -9.4269000E-01 -4.2061000E-02 -8.9979000E-01
163.500000 4.3339000E-03 -2.3955000E-02 9.4724000E-01 -9.4292000E-01 -4.1455000E-02 -8.9943000E-01
164.000000 4.3485000E-03 -2.1283000E-02 9.4702000E-01 -9.4311000E-01 -4.0710000E-02 -8.9901000E-01
164.500000 4.3641000E-03 -1.8769000E-02 9.4676000E-01 -9.4324000E-01 -3.9822000E-02 -8.9851000E-01
165.000000 4.3808000E-03 -1.6414000E-02 9.4649000E-01 -9.4332000E-01 -3.8789000E-02 -8.9794000E-01
165.500000 4.3983000E-03 -1.4219000E-02 9.4619000E-01 -9.4336000E-01 -3.7613000E-02 -8.9731000E-01
166.000000 4.4168000E-03 -1.2185000E-02 9.4587000E-01 -9.4336000E-01 -3.6300000E-02 -8.9662000E-01
166.500000 4.4362000E-03 -1.0314000E-02 9.4553000E-01 -9.4333000E-01 -3.4856000E-02 -8.9588000E-01
167.000000 4.4565000E-03 -8.6037000E-03 9.4519000E-01 -9.4325000E-01 -3.3294000E-02 -8.9509000E-01
167.500000 4.4775000E-03 -7.0550000E-03 9.4483000E-01 -9.4315000E-01 -3.1626000E-02 -8.9427000E-01
168.000000 4.4992000E-03 -5.6658000E-03 9.4447000E-01 -9.4302000E-01 -2.9869000E-02 -8.9341000E-01
168.500000 4.5215000E-03 -4.4329000E-03 9.4411000E-01 -9.4286000E-01 -2.8039000E-02 -8.9254000E-01
169.000000 4.5443000E-03 -3.3523000E-03 9.4375000E-01 -9.4269000E-01 -2.6155000E-02 -8.9165000E-01
169.500000 4.5675000E-03 -2.4184000E-03 9.4340000E-01 -9.4251000E-01 -2.4237000E-02 -8.9075000E-01
170.000000 4.5910000E-03 -1.6245000E-03 9.4306000E-01 -9.4232000E-01 -2.2304000E-02 -8.8986000E-01
170.500000 4.6147000E-03 -9.6273000E-04 9.4273000E-01 -9.4212000E-01 -2.0375000E-02 -8.8898000E-01
171.000000 4.6383000E-03 -4.2399000E-04 9.4242000E-01 -9.4192000E-01 -1.8470000E-02 -8.8812000E-01
171.500000 4.6618000E-03 1.6338000E-06 9.4213000E-01 -9.4173000E-01 -1.6606000E-02 -8.8729000E-01
172.000000 4.6851000E-03 3.2479000E-04 9.4186000E-01 -9.4154000E-01 -1.4798000E-02 -8.8650000E-01
172.500000 4.7079000E-03 5.5667000E-04 9.4161000E-01 -9.4136000E-01 -1.3061000E-02 -8.8574000E-01
173.000000 4.7301000E-03 7.0872000E-04 9.4138000E-01 -9.4119000E-01 -1.1407000E-02 -8.8503000E-01
173.500000 4.7516000E-03 7.9250000E-04 9.4118000E-01 -9.4104000E-01 -9.8480000E-03 -8.8436000E-01
174.000000 4.7722000E-03 8.1938000E-04 9.4100000E-01 -9.4089000E-01 -8.3915000E-03 -8.8375000E-01
174.500000 4.7918000E-03 8.0043000E-04 9.4084000E-01 -9.4077000E-01 -7.0442000E-03 -8.8319000E-01
175.000000 4.8102000E-03 7.4618000E-04 9.4070000E-01 -9.4065000E-01 -5.8113000E-03 -8.8268000E-01
175.500000 4.8274000E-03 6.6650000E-04 9.4059000E-01 -9.4056000E-01 -4.6959000E-03 -8.8223000E-01
176.000000 4.8430000E-03 5.7048000E-04 9.4049000E-01 -9.4047000E-01 -3.7000000E-03 -8.8183000E-01
176.500000 4.8572000E-03 4.6636000E-04 9.4041000E-01 -9.4040000E-01 -2.8244000E-03 -8.8148000E-01
177.000000 4.8697000E-03 3.6142000E-04 9.4035000E-01 -9.4034000E-01 -2.0688000E-03 -8.8118000E-01
177.500000 4.8804000E-03 2.6200000E-04 9.4030000E-01 -9.4029000E-01 -1.4325000E-03 -8.8094000E-01
178.000000 4.8893000E-03 1.7343000E-04 9.4026000E-01 -9.4026000E-01 -9.1447000E-04 -8.8074000E-01
178.500000 4.8963000E-03 1.0006000E-04 9.4023000E-01 -9.4023000E-01 -5.1329000E-04 -8.8058000E-01
179.000000 4.9013000E-03 4.5266000E-05 9.4021000E-01 -9.4021000E-01 -2.2776000E-04 -8.8048000E-01
179.500000 4.9043000E-03 1.1435000E-05 9.4020000E-01 -9.4020000E-01 -5.6883000E-05 -8.8041000E-01
180.000000 4.9053000E-03 1.1376000E-15 9.4019000E-01 -9.4019000E-01 -5.6373000E-15 -8.8039000E-01
