length scale factor
2.4931700E-03
volume cluster radius, area mean sphere radius, circumscribing radius, cross section radius
5.0209055E-02 2.4906768E-03 1.6956152E-01 5.0209055E-02
total extinction, absorption, scattering efficiencies (unpolarized incidence)
1.1802000E-03 1.1732000E-03 7.0418000E-06
theta     11          12          22          33          34          44
 0.0000000E+00  3.3438000E-01  0.0000000E+00  9.9997000E-01  9.9997000E-01  0.0000000E+00  9.9995000E-01
 5.0000000E-01  3.3437000E-01 -3.8072000E-05  9.9997000E-01  9.9997000E-01  3.9649000E-11  9.9995000E-01
 1.0000000E+00  3.3433000E-01 -1.5229000E-04  9.9997000E-01  9.9997000E-01  1.5860000E-10  9.9995000E-01
 1.5000000E+00  3.3427000E-01 -3.4268000E-04  9.9997000E-01  9.9997000E-01  3.5688000E-10  9.9995000E-01
 2.0000000E+00  3.3418000E-01 -6.0927000E-04  9.9997000E-01  9.9997000E-01  6.3451000E-10  9.9994000E-01
 2.5000000E+00  3.3406000E-01 -9.5210000E-04  9.9997000E-01  9.9997000E-01  9.9154000E-10  9.9994000E-01
 3.0000000E+00  3.3392000E-01 -1.3712000E-03  9.9997000E-01  9.9997000E-01  1.4280000E-09  9.9994000E-01
 3.5000000E+00  3.3376000E-01 -1.8667000E-03  9.9997000E-01  9.9997000E-01  1.9440000E-09  9.9994000E-01
 4.0000000E+00  3.3356000E-01 -2.4386000E-03  9.9997000E-01  9.9997000E-01  2.5396000E-09  9.9994000E-01
 4.5000000E+00  3.3335000E-01 -3.0870000E-03  9.9997000E-01  9.9997000E-01  3.2149000E-09  9.9994000E-01
 5.0000000E+00  3.3310000E-01 -3.8120000E-03  9.9997000E-01  9.9997000E-01  3.9699000E-09  9.9994000E-01
 5.5000000E+00  3.3284000E-01 -4.6137000E-03  9.9997000E-01  9.9996000E-01  4.8049000E-09  9.9993000E-01
 6.0000000E+00  3.3254000E-01 -5.4923000E-03  9.9997000E-01  9.9996000E-01  5.7199000E-09  9.9993000E-01
 6.5000000E+00  3.3223000E-01 -6.4479000E-03  9.9997000E-01  9.9995000E-01  6.7151000E-09  9.9992000E-01
 7.0000000E+00  3.3188000E-01 -7.4806000E-03  9.9997000E-01  9.9994000E-01  7.7906000E-09  9.9992000E-01
 7.5000000E+00  3.3152000E-01 -8.5905000E-03  9.9997000E-01  9.9994000E-01  8.9465000E-09  9.9991000E-01
 8.0000000E+00  3.3112000E-01 -9.7779000E-03  9.9997000E-01  9.9992000E-01  1.0183000E-08  9.9990000E-01
 8.5000000E+00  3.3071000E-01 -1.1043000E-02  9.9997000E-01  9.9991000E-01  1.1501000E-08  9.9988000E-01
 9.0000000E+00  3.3027000E-01 -1.2386000E-02  9.9997000E-01  9.9990000E-01  1.2899000E-08  9.9987000E-01
 9.5000000E+00  3.2980000E-01 -1.3806000E-02  9.9997000E-01  9.9988000E-01  1.4379000E-08  9.9985000E-01
 1.0000000E+01  3.2931000E-01 -1.5305000E-02  9.9997000E-01  9.9985000E-01  1.5940000E-08  9.9983000E-01
 1.0500000E+01  3.2880000E-01 -1.6883000E-02  9.9997000E-01  9.9983000E-01  1.7583000E-08  9.9980000E-01
 1.1000000E+01  3.2826000E-01 -1.8539000E-02  9.9997000E-01  9.9980000E-01  1.9308000E-08  9.9977000E-01
 1.1500000E+01  3.2770000E-01 -2.0274000E-02  9.9997000E-01  9.9977000E-01  2.1115000E-08  9.9974000E-01
 1.2000000E+01  3.2711000E-01 -2.2088000E-02  9.9997000E-01  9.9973000E-01  2.3004000E-08  9.9970000E-01
 1.2500000E+01  3.2650000E-01 -2.3981000E-02  9.9997000E-01  9.9968000E-01  2.4976000E-08  9.9966000E-01
 1.3000000E+01  3.2587000E-01 -2.5955000E-02  9.9997000E-01  9.9963000E-01  2.7031000E-08  9.9961000E-01
 1.3500000E+01  3.2521000E-01 -2.8008000E-02  9.9997000E-01  9.9958000E-01  2.9169000E-08  9.9955000E-01
 1.4000000E+01  3.2454000E-01 -3.0141000E-02  9.9997000E-01  9.9952000E-01  3.1391000E-08  9.9949000E-01
 1.4500000E+01  3.2384000E-01 -3.2355000E-02  9.9997000E-01  9.9945000E-01  3.3697000E-08  9.9942000E-01
 1.5000000E+01  3.2311000E-01 -3.4649000E-02  9.9997000E-01  9.9937000E-01  3.6087000E-08  9.9934000E-01
 1.5500000E+01  3.2237000E-01 -3.7025000E-02  9.9997000E-01  9.9929000E-01  3.8562000E-08  9.9926000E-01
 1.6000000E+01  3.2160000E-01 -3.9482000E-02  9.9997000E-01  9.9919000E-01  4.1121000E-08  9.9916000E-01
 1.6500000E+01  3.2081000E-01 -4.2021000E-02  9.9997000E-01  9.9909000E-01  4.3766000E-08  9.9906000E-01
 1.7000000E+01  3.2000000E-01 -4.4643000E-02  9.9997000E-01  9.9897000E-01  4.6496000E-08  9.9895000E-01
 1.7500000E+01  3.1917000E-01 -4.7346000E-02  9.9997000E-01  9.9885000E-01  4.9312000E-08  9.9882000E-01
 1.8000000E+01  3.1832000E-01 -5.0133000E-02  9.9997000E-01  9.9871000E-01  5.2214000E-08  9.9869000E-01
 1.8500000E+01  3.1744000E-01 -5.3002000E-02  9.9997000E-01  9.9857000E-01  5.5203000E-08  9.9854000E-01
 1.9000000E+01  3.1655000E-01 -5.5955000E-02  9.9997000E-01  9.9840000E-01  5.8279000E-08  9.9838000E-01
 1.9500000E+01  3.1564000E-01 -5.8992000E-02  9.9997000E-01  9.9823000E-01  6.1443000E-08  9.9820000E-01
 2.0000000E+01  3.1470000E-01 -6.2113000E-02  9.9997000E-01  9.9804000E-01  6.4694000E-08  9.9801000E-01
 2.0500000E+01  3.1375000E-01 -6.5319000E-02  9.9997000E-01  9.9783000E-01  6.8034000E-08  9.9781000E-01
 2.1000000E+01  3.1278000E-01 -6.8610000E-02  9.9997000E-01  9.9761000E-01  7.1462000E-08  9.9759000E-01
 2.1500000E+01  3.1179000E-01 -7.1987000E-02  9.9997000E-01  9.9738000E-01  7.4979000E-08  9.9735000E-01
 2.2000000E+01  3.1078000E-01 -7.5449000E-02  9.9997000E-01  9.9712000E-01  7.8586000E-08  9.9709000E-01
 2.2500000E+01  3.0975000E-01 -7.8997000E-02  9.9997000E-01  9.9684000E-01  8.2282000E-08  9.9682000E-01
 2.3000000E+01  3.0870000E-01 -8.2632000E-02  9.9997000E-01  9.9655000E-01  8.6069000E-08  9.9652000E-01
 2.3500000E+01  3.0764000E-01 -8.6354000E-02  9.9997000E-01  9.9623000E-01  8.9946000E-08  9.9621000E-01
 2.4000000E+01  3.0655000E-01 -9.0163000E-02  9.9997000E-01  9.9590000E-01  9.3915000E-08  9.9587000E-01
 2.4500000E+01  3.0546000E-01 -9.4061000E-02  9.9997000E-01  9.9554000E-01  9.7975000E-08  9.9551000E-01
 2.5000000E+01  3.0434000E-01 -9.8046000E-02  9.9997000E-01  9.9515000E-01  1.0213000E-07  9.9512000E-01
 2.5500000E+01  3.0321000E-01 -1.0212000E-01  9.9997000E-01  9.9474000E-01  1.0637000E-07  9.9471000E-01
 2.6000000E+01  3.0206000E-01 -1.0628000E-01  9.9997000E-01  9.9430000E-01  1.1071000E-07  9.9428000E-01
 2.6500000E+01  3.0089000E-01 -1.1054000E-01  9.9997000E-01  9.9384000E-01  1.1514000E-07  9.9381000E-01
 2.7000000E+01  2.9971000E-01 -1.1488000E-01  9.9997000E-01  9.9335000E-01  1.1966000E-07  9.9332000E-01
 2.7500000E+01  2.9852000E-01 -1.1931000E-01  9.9997000E-01  9.9283000E-01  1.2428000E-07  9.9280000E-01
 2.8000000E+01  2.9731000E-01 -1.2383000E-01  9.9997000E-01  9.9227000E-01  1.2899000E-07  9.9224000E-01
 2.8500000E+01  2.9609000E-01 -1.2845000E-01  9.9997000E-01  9.9168000E-01  1.3380000E-07  9.9166000E-01
 2.9000000E+01  2.9485000E-01 -1.3315000E-01  9.9997000E-01  9.9106000E-01  1.3870000E-07  9.9104000E-01
 2.9500000E+01  2.9360000E-01 -1.3795000E-01  9.9997000E-01  9.9041000E-01  1.4370000E-07  9.9038000E-01
 3.0000000E+01  2.9233000E-01 -1.4284000E-01  9.9997000E-01  9.8971000E-01  1.4879000E-07  9.8969000E-01
 3.0500000E+01  2.9106000E-01 -1.4782000E-01  9.9997000E-01  9.8898000E-01  1.5398000E-07  9.8895000E-01
 3.1000000E+01  2.8977000E-01 -1.5289000E-01  9.9997000E-01  9.8821000E-01  1.5927000E-07  9.8818000E-01
 3.1500000E+01  2.8847000E-01 -1.5806000E-01  9.9997000E-01  9.8740000E-01  1.6465000E-07  9.8737000E-01
 3.2000000E+01  2.8715000E-01 -1.6332000E-01  9.9997000E-01  9.8654000E-01  1.7014000E-07  9.8651000E-01
 3.2500000E+01  2.8583000E-01 -1.6867000E-01  9.9997000E-01  9.8564000E-01  1.7571000E-07  9.8561000E-01
 3.3000000E+01  2.8449000E-01 -1.7412000E-01  9.9997000E-01  9.8469000E-01  1.8139000E-07  9.8466000E-01
 3.3500000E+01  2.8315000E-01 -1.7966000E-01  9.9997000E-01  9.8369000E-01  1.8717000E-07  9.8367000E-01
 3.4000000E+01  2.8179000E-01 -1.8530000E-01  9.9997000E-01  9.8265000E-01  1.9304000E-07  9.8262000E-01
 3.4500000E+01  2.8043000E-01 -1.9103000E-01  9.9997000E-01  9.8155000E-01  1.9901000E-07  9.8152000E-01
 3.5000000E+01  2.7906000E-01 -1.9685000E-01  9.9997000E-01  9.8040000E-01  2.0508000E-07  9.8037000E-01
 3.5500000E+01  2.7767000E-01 -2.0277000E-01  9.9997000E-01  9.7919000E-01  2.1125000E-07  9.7916000E-01
 3.6000000E+01  2.7628000E-01 -2.0879000E-01  9.9997000E-01  9.7793000E-01  2.1752000E-07  9.7790000E-01
 3.6500000E+01  2.7488000E-01 -2.1490000E-01  9.9997000E-01  9.7660000E-01  2.2389000E-07  9.7657000E-01
 3.7000000E+01  2.7348000E-01 -2.2110000E-01  9.9996000E-01  9.7521000E-01  2.3036000E-07  9.7519000E-01
 3.7500000E+01  2.7206000E-01 -2.2741000E-01  9.9996000E-01  9.7376000E-01  2.3692000E-07  9.7374000E-01
 3.8000000E+01  2.7064000E-01 -2.3380000E-01  9.9996000E-01  9.7225000E-01  2.4359000E-07  9.7222000E-01
 3.8500000E+01  2.6922000E-01 -2.4029000E-01  9.9996000E-01  9.7066000E-01  2.5036000E-07  9.7064000E-01
 3.9000000E+01  2.6779000E-01 -2.4688000E-01  9.9996000E-01  9.6901000E-01  2.5722000E-07  9.6898000E-01
 3.9500000E+01  2.6635000E-01 -2.5356000E-01  9.9996000E-01  9.6728000E-01  2.6419000E-07  9.6725000E-01
 4.0000000E+01  2.6491000E-01 -2.6034000E-01  9.9996000E-01  9.6548000E-01  2.7125000E-07  9.6545000E-01
 4.0500000E+01  2.6346000E-01 -2.6721000E-01  9.9996000E-01  9.6360000E-01  2.7842000E-07  9.6357000E-01
 4.1000000E+01  2.6201000E-01 -2.7418000E-01  9.9996000E-01  9.6164000E-01  2.8568000E-07  9.6161000E-01
 4.1500000E+01  2.6056000E-01 -2.8124000E-01  9.9996000E-01  9.5960000E-01  2.9304000E-07  9.5957000E-01
 4.2000000E+01  2.5910000E-01 -2.8840000E-01  9.9996000E-01  9.5747000E-01  3.0050000E-07  9.5744000E-01
 4.2500000E+01  2.5764000E-01 -2.9565000E-01  9.9996000E-01  9.5526000E-01  3.0806000E-07  9.5523000E-01
 4.3000000E+01  2.5618000E-01 -3.0299000E-01  9.9996000E-01  9.5295000E-01  3.1571000E-07  9.5293000E-01
 4.3500000E+01  2.5471000E-01 -3.1043000E-01  9.9996000E-01  9.5056000E-01  3.2346000E-07  9.5053000E-01
 4.4000000E+01  2.5325000E-01 -3.1795000E-01  9.9996000E-01  9.4807000E-01  3.3131000E-07  9.4804000E-01
 4.4500000E+01  2.5178000E-01 -3.2557000E-01  9.9996000E-01  9.4548000E-01  3.3926000E-07  9.4545000E-01
 4.5000000E+01  2.5032000E-01 -3.3328000E-01  9.9996000E-01  9.4278000E-01  3.4730000E-07  9.4276000E-01
 4.5500000E+01  2.4885000E-01 -3.4109000E-01  9.9996000E-01  9.3999000E-01  3.5543000E-07  9.3996000E-01
 4.6000000E+01  2.4739000E-01 -3.4898000E-01  9.9996000E-01  9.3709000E-01  3.6366000E-07  9.3706000E-01
 4.6500000E+01  2.4592000E-01 -3.5695000E-01  9.9996000E-01  9.3408000E-01  3.7198000E-07  9.3405000E-01
 4.7000000E+01  2.4446000E-01 -3.6502000E-01  9.9996000E-01  9.3096000E-01  3.8039000E-07  9.3093000E-01
 4.7500000E+01  2.4300000E-01 -3.7317000E-01  9.9996000E-01  9.2772000E-01  3.8889000E-07  9.2769000E-01
 4.8000000E+01  2.4154000E-01 -3.8141000E-01  9.9996000E-01  9.2436000E-01  3.9748000E-07  9.2434000E-01
 4.8500000E+01  2.4008000E-01 -3.8973000E-01  9.9996000E-01  9.2088000E-01  4.0616000E-07  9.2086000E-01
 4.9000000E+01  2.3863000E-01 -3.9814000E-01  9.9996000E-01  9.1728000E-01  4.1492000E-07  9.1725000E-01
 4.9500000E+01  2.3718000E-01 -4.0663000E-01  9.9996000E-01  9.1355000E-01  4.2377000E-07  9.1352000E-01
 5.0000000E+01  2.3573000E-01 -4.1519000E-01  9.9996000E-01  9.0969000E-01  4.3270000E-07  9.0966000E-01
 5.0500000E+01  2.3429000E-01 -4.2384000E-01  9.9996000E-01  9.0569000E-01  4.4172000E-07  9.0567000E-01
 5.1000000E+01  2.3285000E-01 -4.3256000E-01  9.9996000E-01  9.0156000E-01  4.5081000E-07  9.0153000E-01
 5.1500000E+01  2.3142000E-01 -4.4135000E-01  9.9996000E-01  8.9729000E-01  4.5999000E-07  8.9726000E-01
 5.2000000E+01  2.3000000E-01 -4.5022000E-01  9.9996000E-01  8.9287000E-01  4.6923000E-07  8.9284000E-01
 5.2500000E+01  2.2858000E-01 -4.5916000E-01  9.9996000E-01  8.8830000E-01  4.7856000E-07  8.8828000E-01
 5.3000000E+01  2.2716000E-01 -4.6817000E-01  9.9996000E-01  8.8359000E-01  4.8795000E-07  8.8357000E-01
 5.3500000E+01  2.2576000E-01 -4.7724000E-01  9.9996000E-01  8.7872000E-01  4.9742000E-07  8.7870000E-01
 5.4000000E+01  2.2436000E-01 -4.8638000E-01  9.9996000E-01  8.7370000E-01  5.0695000E-07  8.7367000E-01
 5.4500000E+01  2.2297000E-01 -4.9557000E-01  9.9996000E-01  8.6851000E-01  5.1654000E-07  8.6849000E-01
 5.5000000E+01  2.2159000E-01 -5.0483000E-01  9.9996000E-01  8.6317000E-01  5.2620000E-07  8.6314000E-01
 5.5500000E+01  2.2022000E-01 -5.1414000E-01  9.9995000E-01  8.5765000E-01  5.3591000E-07  8.5763000E-01
 5.6000000E+01  2.1885000E-01 -5.2351000E-01  9.9995000E-01  8.5197000E-01  5.4568000E-07  8.5194000E-01
 5.6500000E+01  2.1750000E-01 -5.3292000E-01  9.9995000E-01  8.4611000E-01  5.5550000E-07  8.4609000E-01
 5.7000000E+01  2.1615000E-01 -5.4238000E-01  9.9995000E-01  8.4008000E-01  5.6537000E-07  8.4005000E-01
 5.7500000E+01  2.1482000E-01 -5.5188000E-01  9.9995000E-01  8.3386000E-01  5.7528000E-07  8.3384000E-01
 5.8000000E+01  2.1350000E-01 -5.6143000E-01  9.9995000E-01  8.2747000E-01  5.8524000E-07  8.2744000E-01
 5.8500000E+01  2.1218000E-01 -5.7101000E-01  9.9995000E-01  8.2089000E-01  5.9523000E-07  8.2086000E-01
 5.9000000E+01  2.1088000E-01 -5.8062000E-01  9.9995000E-01  8.1412000E-01  6.0526000E-07  8.1409000E-01
 5.9500000E+01  2.0959000E-01 -5.9025000E-01  9.9995000E-01  8.0716000E-01  6.1532000E-07  8.0713000E-01
 6.0000000E+01  2.0832000E-01 -5.9992000E-01  9.9995000E-01  8.0000000E-01  6.2540000E-07  7.9998000E-01
 6.0500000E+01  2.0706000E-01 -6.0960000E-01  9.9995000E-01  7.9265000E-01  6.3550000E-07  7.9263000E-01
 6.1000000E+01  2.0581000E-01 -6.1929000E-01  9.9995000E-01  7.8509000E-01  6.4562000E-07  7.8507000E-01
 6.1500000E+01  2.0457000E-01 -6.2900000E-01  9.9995000E-01  7.7734000E-01  6.5575000E-07  7.7732000E-01
 6.2000000E+01  2.0335000E-01 -6.3871000E-01  9.9995000E-01  7.6938000E-01  6.6589000E-07  7.6936000E-01
 6.2500000E+01  2.0214000E-01 -6.4843000E-01  9.9995000E-01  7.6121000E-01  6.7602000E-07  7.6119000E-01
 6.3000000E+01  2.0094000E-01 -6.5814000E-01  9.9995000E-01  7.5283000E-01  6.8616000E-07  7.5281000E-01
 6.3500000E+01  1.9977000E-01 -6.6784000E-01  9.9995000E-01  7.4424000E-01  6.9628000E-07  7.4422000E-01
 6.4000000E+01  1.9860000E-01 -6.7752000E-01  9.9995000E-01  7.3543000E-01  7.0639000E-07  7.3541000E-01
 6.4500000E+01  1.9745000E-01 -6.8719000E-01  9.9995000E-01  7.2641000E-01  7.1648000E-07  7.2639000E-01
 6.5000000E+01  1.9632000E-01 -6.9683000E-01  9.9995000E-01  7.1716000E-01  7.2654000E-07  7.1714000E-01
 6.5500000E+01  1.9521000E-01 -7.0643000E-01  9.9995000E-01  7.0770000E-01  7.3657000E-07  7.0768000E-01
 6.6000000E+01  1.9411000E-01 -7.1600000E-01  9.9995000E-01  6.9802000E-01  7.4656000E-07  6.9800000E-01
 6.6500000E+01  1.9303000E-01 -7.2553000E-01  9.9995000E-01  6.8811000E-01  7.5650000E-07  6.8809000E-01
 6.7000000E+01  1.9196000E-01 -7.3501000E-01  9.9995000E-01  6.7798000E-01  7.6640000E-07  6.7796000E-01
 6.7500000E+01  1.9092000E-01 -7.4442000E-01  9.9995000E-01  6.6762000E-01  7.7623000E-07  6.6760000E-01
 6.8000000E+01  1.8989000E-01 -7.5378000E-01  9.9995000E-01  6.5704000E-01  7.8600000E-07  6.5702000E-01
 6.8500000E+01  1.8888000E-01 -7.6307000E-01  9.9995000E-01  6.4623000E-01  7.9570000E-07  6.4621000E-01
 6.9000000E+01  1.8788000E-01 -7.7228000E-01  9.9995000E-01  6.3519000E-01  8.0531000E-07  6.3518000E-01
 6.9500000E+01  1.8691000E-01 -7.8141000E-01  9.9995000E-01  6.2393000E-01  8.1485000E-07  6.2391000E-01
 7.0000000E+01  1.8596000E-01 -7.9045000E-01  9.9995000E-01  6.1244000E-01  8.2429000E-07  6.1242000E-01
 7.0500000E+01  1.8502000E-01 -7.9939000E-01  9.9994000E-01  6.0072000E-01  8.3363000E-07  6.0070000E-01
 7.1000000E+01  1.8411000E-01 -8.0823000E-01  9.9994000E-01  5.8877000E-01  8.4286000E-07  5.8875000E-01
 7.1500000E+01  1.8322000E-01 -8.1696000E-01  9.9994000E-01  5.7660000E-01  8.5197000E-07  5.7658000E-01
 7.2000000E+01  1.8234000E-01 -8.2556000E-01  9.9994000E-01  5.6420000E-01  8.6096000E-07  5.6419000E-01
 7.2500000E+01  1.8149000E-01 -8.3405000E-01  9.9994000E-01  5.5158000E-01  8.6983000E-07  5.5157000E-01
 7.3000000E+01  1.8066000E-01 -8.4240000E-01  9.9994000E-01  5.3874000E-01  8.7855000E-07  5.3873000E-01
 7.3500000E+01  1.7984000E-01 -8.5061000E-01  9.9994000E-01  5.2568000E-01  8.8713000E-07  5.2566000E-01
 7.4000000E+01  1.7905000E-01 -8.5868000E-01  9.9994000E-01  5.1240000E-01  8.9556000E-07  5.1238000E-01
 7.4500000E+01  1.7829000E-01 -8.6659000E-01  9.9994000E-01  4.9890000E-01  9.0382000E-07  4.9889000E-01
 7.5000000E+01  1.7754000E-01 -8.7434000E-01  9.9994000E-01  4.8519000E-01  9.1192000E-07  4.8518000E-01
 7.5500000E+01  1.7681000E-01 -8.8192000E-01  9.9994000E-01  4.7128000E-01  9.1984000E-07  4.7126000E-01
 7.6000000E+01  1.7611000E-01 -8.8932000E-01  9.9994000E-01  4.5715000E-01  9.2758000E-07  4.5714000E-01
 7.6500000E+01  1.7543000E-01 -8.9654000E-01  9.9994000E-01  4.4282000E-01  9.3513000E-07  4.4281000E-01
 7.7000000E+01  1.7477000E-01 -9.0357000E-01  9.9994000E-01  4.2829000E-01  9.4248000E-07  4.2828000E-01
 7.7500000E+01  1.7414000E-01 -9.1040000E-01  9.9994000E-01  4.1357000E-01  9.4962000E-07  4.1356000E-01
 7.8000000E+01  1.7353000E-01 -9.1703000E-01  9.9994000E-01  3.9866000E-01  9.5655000E-07  3.9865000E-01
 7.8500000E+01  1.7294000E-01 -9.2345000E-01  9.9994000E-01  3.8356000E-01  9.6326000E-07  3.8355000E-01
 7.9000000E+01  1.7237000E-01 -9.2965000E-01  9.9994000E-01  3.6828000E-01  9.6974000E-07  3.6827000E-01
 7.9500000E+01  1.7183000E-01 -9.3562000E-01  9.9994000E-01  3.5283000E-01  9.7599000E-07  3.5282000E-01
 8.0000000E+01  1.7131000E-01 -9.4136000E-01  9.9994000E-01  3.3720000E-01  9.8200000E-07  3.3720000E-01
 8.0500000E+01  1.7082000E-01 -9.4687000E-01  9.9994000E-01  3.2142000E-01  9.8776000E-07  3.2141000E-01
 8.1000000E+01  1.7035000E-01 -9.5213000E-01  9.9994000E-01  3.0547000E-01  9.9327000E-07  3.0546000E-01
 8.1500000E+01  1.6990000E-01 -9.5715000E-01  9.9994000E-01  2.8938000E-01  9.9852000E-07  2.8937000E-01
 8.2000000E+01  1.6948000E-01 -9.6191000E-01  9.9994000E-01  2.7314000E-01  1.0035000E-06  2.7313000E-01
 8.2500000E+01  1.6908000E-01 -9.6641000E-01  9.9994000E-01  2.5676000E-01  1.0082000E-06  2.5676000E-01
 8.3000000E+01  1.6871000E-01 -9.7064000E-01  9.9994000E-01  2.4026000E-01  1.0126000E-06  2.4025000E-01
 8.3500000E+01  1.6836000E-01 -9.7461000E-01  9.9994000E-01  2.2363000E-01  1.0168000E-06  2.2362000E-01
 8.4000000E+01  1.6804000E-01 -9.7830000E-01  9.9994000E-01  2.0689000E-01  1.0207000E-06  2.0688000E-01
 8.4500000E+01  1.6774000E-01 -9.8171000E-01  9.9994000E-01  1.9004000E-01  1.0242000E-06  1.9003000E-01
 8.5000000E+01  1.6747000E-01 -9.8484000E-01  9.9994000E-01  1.7309000E-01  1.0275000E-06  1.7308000E-01
 8.5500000E+01  1.6722000E-01 -9.8768000E-01  9.9994000E-01  1.5605000E-01  1.0305000E-06  1.5605000E-01
 8.6000000E+01  1.6699000E-01 -9.9024000E-01  9.9994000E-01  1.3893000E-01  1.0332000E-06  1.3893000E-01
 8.6500000E+01  1.6679000E-01 -9.9250000E-01  9.9994000E-01  1.2174000E-01  1.0356000E-06  1.2174000E-01
 8.7000000E+01  1.6662000E-01 -9.9446000E-01  9.9994000E-01  1.0448000E-01  1.0376000E-06  1.0448000E-01
 8.7500000E+01  1.6647000E-01 -9.9613000E-01  9.9994000E-01  8.7173000E-02  1.0394000E-06  8.7170000E-02
 8.8000000E+01  1.6635000E-01 -9.9749000E-01  9.9994000E-01  6.9815000E-02  1.0408000E-06  6.9813000E-02
 8.8500000E+01  1.6625000E-01 -9.9856000E-01  9.9994000E-01  5.2420000E-02  1.0420000E-06  5.2419000E-02
 8.9000000E+01  1.6618000E-01 -9.9932000E-01  9.9994000E-01  3.4998000E-02  1.0428000E-06  3.4997000E-02
 8.9500000E+01  1.6613000E-01 -9.9978000E-01  9.9994000E-01  1.7556000E-02  1.0433000E-06  1.7556000E-02
 9.0000000E+01  1.6611000E-01 -9.9993000E-01  9.9994000E-01  1.0571000E-04  1.0435000E-06  1.0555000E-04
 9.0500000E+01  1.6611000E-01 -9.9978000E-01  9.9994000E-01 -1.7345000E-02  1.0433000E-06 -1.7345000E-02
 9.1000000E+01  1.6614000E-01 -9.9933000E-01  9.9994000E-01 -3.4787000E-02  1.0429000E-06 -3.4786000E-02
 9.1500000E+01  1.6619000E-01 -9.9857000E-01  9.9994000E-01 -5.2210000E-02  1.0421000E-06 -5.2208000E-02
 9.2000000E+01  1.6627000E-01 -9.9751000E-01  9.9994000E-01 -6.9605000E-02  1.0410000E-06 -6.9603000E-02
 9.2500000E+01  1.6638000E-01 -9.9615000E-01  9.9994000E-01 -8.6963000E-02  1.0396000E-06 -8.6961000E-02
 9.3000000E+01  1.6651000E-01 -9.9448000E-01  9.9994000E-01 -1.0428000E-01  1.0379000E-06 -1.0427000E-01
 9.3500000E+01  1.6666000E-01 -9.9252000E-01  9.9994000E-01 -1.2153000E-01  1.0359000E-06 -1.2153000E-01
 9.4000000E+01  1.6684000E-01 -9.9026000E-01  9.9994000E-01 -1.3873000E-01  1.0335000E-06 -1.3872000E-01
 9.4500000E+01  1.6704000E-01 -9.8771000E-01  9.9994000E-01 -1.5585000E-01  1.0309000E-06 -1.5584000E-01
 9.5000000E+01  1.6727000E-01 -9.8488000E-01  9.9994000E-01 -1.7288000E-01  1.0279000E-06 -1.7288000E-01
 9.5500000E+01  1.6753000E-01 -9.8175000E-01  9.9994000E-01 -1.8983000E-01  1.0247000E-06 -1.8983000E-01
 9.6000000E+01  1.6781000E-01 -9.7834000E-01  9.9994000E-01 -2.0668000E-01  1.0211000E-06 -2.0668000E-01
 9.6500000E+01  1.6811000E-01 -9.7465000E-01  9.9994000E-01 -2.2343000E-01  1.0173000E-06 -2.2342000E-01
 9.7000000E+01  1.6844000E-01 -9.7069000E-01  9.9994000E-01 -2.4006000E-01  1.0132000E-06 -2.4005000E-01
 9.7500000E+01  1.6879000E-01 -9.6646000E-01  9.9994000E-01 -2.5657000E-01  1.0088000E-06 -2.5656000E-01
 9.8000000E+01  1.6917000E-01 -9.6196000E-01  9.9994000E-01 -2.7294000E-01  1.0041000E-06 -2.7294000E-01
 9.8500000E+01  1.6957000E-01 -9.5721000E-01  9.9994000E-01 -2.8918000E-01  9.9918000E-07 -2.8918000E-01
 9.9000000E+01  1.7000000E-01 -9.5219000E-01  9.9994000E-01 -3.0528000E-01  9.9396000E-07 -3.0527000E-01
 9.9500000E+01  1.7045000E-01 -9.4693000E-01  9.9994000E-01 -3.2123000E-01  9.8849000E-07 -3.2122000E-01
 1.0000000E+02  1.7092000E-01 -9.4143000E-01  9.9994000E-01 -3.3702000E-01  9.8276000E-07 -3.3701000E-01
 1.0050000E+02  1.7142000E-01 -9.3569000E-01  9.9994000E-01 -3.5264000E-01  9.7678000E-07 -3.5263000E-01
 1.0100000E+02  1.7194000E-01 -9.2972000E-01  9.9994000E-01 -3.6810000E-01  9.7057000E-07 -3.6809000E-01
 1.0150000E+02  1.7248000E-01 -9.2352000E-01  9.9994000E-01 -3.8338000E-01  9.6412000E-07 -3.8337000E-01
 1.0200000E+02  1.7305000E-01 -9.1711000E-01  9.9994000E-01 -3.9848000E-01  9.5744000E-07 -3.9847000E-01
 1.0250000E+02  1.7364000E-01 -9.1048000E-01  9.9994000E-01 -4.1340000E-01  9.5054000E-07 -4.1339000E-01
 1.0300000E+02  1.7425000E-01 -9.0365000E-01  9.9994000E-01 -4.2812000E-01  9.4342000E-07 -4.2811000E-01
 1.0350000E+02  1.7489000E-01 -8.9662000E-01  9.9994000E-01 -4.4265000E-01  9.3610000E-07 -4.4264000E-01
 1.0400000E+02  1.7555000E-01 -8.8941000E-01  9.9994000E-01 -4.5698000E-01  9.2858000E-07 -4.5697000E-01
 1.0450000E+02  1.7623000E-01 -8.8200000E-01  9.9994000E-01 -4.7111000E-01  9.2087000E-07 -4.7110000E-01
 1.0500000E+02  1.7693000E-01 -8.7443000E-01  9.9994000E-01 -4.8503000E-01  9.1297000E-07 -4.8502000E-01
 1.0550000E+02  1.7766000E-01 -8.6668000E-01  9.9994000E-01 -4.9874000E-01  9.0490000E-07 -4.9873000E-01
 1.0600000E+02  1.7840000E-01 -8.5877000E-01  9.9994000E-01 -5.1224000E-01  8.9666000E-07 -5.1223000E-01
 1.0650000E+02  1.7917000E-01 -8.5071000E-01  9.9994000E-01 -5.2553000E-01  8.8825000E-07 -5.2551000E-01
 1.0700000E+02  1.7996000E-01 -8.4250000E-01  9.9994000E-01 -5.3859000E-01  8.7970000E-07 -5.3858000E-01
 1.0750000E+02  1.8077000E-01 -8.3415000E-01  9.9994000E-01 -5.5144000E-01  8.7099000E-07 -5.5142000E-01
 1.0800000E+02  1.8160000E-01 -8.2566000E-01  9.9994000E-01 -5.6406000E-01  8.6215000E-07 -5.6404000E-01
 1.0850000E+02  1.8245000E-01 -8.1705000E-01  9.9994000E-01 -5.7646000E-01  8.5317000E-07 -5.7644000E-01
 1.0900000E+02  1.8332000E-01 -8.0833000E-01  9.9994000E-01 -5.8863000E-01  8.4408000E-07 -5.8862000E-01
 1.0950000E+02  1.8421000E-01 -7.9949000E-01  9.9994000E-01 -6.0058000E-01  8.3486000E-07 -6.0057000E-01
 1.1000000E+02  1.8512000E-01 -7.9055000E-01  9.9994000E-01 -6.1230000E-01  8.2554000E-07 -6.1229000E-01
 1.1050000E+02  1.8605000E-01 -7.8151000E-01  9.9995000E-01 -6.2380000E-01  8.1611000E-07 -6.2378000E-01
 1.1100000E+02  1.8700000E-01 -7.7238000E-01  9.9995000E-01 -6.3507000E-01  8.0659000E-07 -6.3505000E-01
 1.1150000E+02  1.8796000E-01 -7.6317000E-01  9.9995000E-01 -6.4611000E-01  7.9699000E-07 -6.4609000E-01
 1.1200000E+02  1.8895000E-01 -7.5389000E-01  9.9995000E-01 -6.5692000E-01  7.8730000E-07 -6.5690000E-01
 1.1250000E+02  1.8995000E-01 -7.4453000E-01  9.9995000E-01 -6.6751000E-01  7.7755000E-07 -6.6749000E-01
 1.1300000E+02  1.9097000E-01 -7.3511000E-01  9.9995000E-01 -6.7787000E-01  7.6772000E-07 -6.7785000E-01
 1.1350000E+02  1.9201000E-01 -7.2563000E-01  9.9995000E-01 -6.8800000E-01  7.5784000E-07 -6.8798000E-01
 1.1400000E+02  1.9307000E-01 -7.1611000E-01  9.9995000E-01 -6.9791000E-01  7.4790000E-07 -6.9789000E-01
 1.1450000E+02  1.9414000E-01 -7.0654000E-01  9.9995000E-01 -7.0760000E-01  7.3792000E-07 -7.0758000E-01
 1.1500000E+02  1.9523000E-01 -6.9693000E-01  9.9995000E-01 -7.1706000E-01  7.2790000E-07 -7.1704000E-01
 1.1550000E+02  1.9633000E-01 -6.8729000E-01  9.9995000E-01 -7.2631000E-01  7.1784000E-07 -7.2629000E-01
 1.1600000E+02  1.9745000E-01 -6.7763000E-01  9.9995000E-01 -7.3533000E-01  7.0776000E-07 -7.3531000E-01
 1.1650000E+02  1.9859000E-01 -6.6794000E-01  9.9995000E-01 -7.4414000E-01  6.9765000E-07 -7.4412000E-01
 1.1700000E+02  1.9974000E-01 -6.5824000E-01  9.9995000E-01 -7.5274000E-01  6.8753000E-07 -7.5272000E-01
 1.1750000E+02  2.0091000E-01 -6.4853000E-01  9.9995000E-01 -7.6112000E-01  6.7740000E-07 -7.6110000E-01
 1.1800000E+02  2.0209000E-01 -6.3882000E-01  9.9995000E-01 -7.6929000E-01  6.6726000E-07 -7.6927000E-01
 1.1850000E+02  2.0328000E-01 -6.2911000E-01  9.9995000E-01 -7.7725000E-01  6.5713000E-07 -7.7723000E-01
 1.1900000E+02  2.0449000E-01 -6.1940000E-01  9.9995000E-01 -7.8501000E-01  6.4700000E-07 -7.8499000E-01
 1.1950000E+02  2.0571000E-01 -6.0970000E-01  9.9995000E-01 -7.9257000E-01  6.3688000E-07 -7.9255000E-01
 1.2000000E+02  2.0695000E-01 -6.0002000E-01  9.9995000E-01 -7.9992000E-01  6.2678000E-07 -7.9990000E-01
 1.2050000E+02  2.0820000E-01 -5.9036000E-01  9.9995000E-01 -8.0708000E-01  6.1669000E-07 -8.0706000E-01
 1.2100000E+02  2.0945000E-01 -5.8072000E-01  9.9995000E-01 -8.1405000E-01  6.0663000E-07 -8.1402000E-01
 1.2150000E+02  2.1073000E-01 -5.7110000E-01  9.9995000E-01 -8.2082000E-01  5.9660000E-07 -8.2080000E-01
 1.2200000E+02  2.1201000E-01 -5.6153000E-01  9.9995000E-01 -8.2740000E-01  5.8660000E-07 -8.2738000E-01
 1.2250000E+02  2.1330000E-01 -5.5198000E-01  9.9995000E-01 -8.3380000E-01  5.7664000E-07 -8.3378000E-01
 1.2300000E+02  2.1461000E-01 -5.4248000E-01  9.9995000E-01 -8.4001000E-01  5.6672000E-07 -8.3999000E-01
 1.2350000E+02  2.1592000E-01 -5.3302000E-01  9.9995000E-01 -8.4605000E-01  5.5684000E-07 -8.4603000E-01
 1.2400000E+02  2.1724000E-01 -5.2360000E-01  9.9995000E-01 -8.5191000E-01  5.4702000E-07 -8.5189000E-01
 1.2450000E+02  2.1858000E-01 -5.1424000E-01  9.9995000E-01 -8.5759000E-01  5.3724000E-07 -8.5757000E-01
 1.2500000E+02  2.1992000E-01 -5.0492000E-01  9.9995000E-01 -8.6311000E-01  5.2752000E-07 -8.6309000E-01
 1.2550000E+02  2.2127000E-01 -4.9566000E-01  9.9996000E-01 -8.6846000E-01  5.1785000E-07 -8.6844000E-01
 1.2600000E+02  2.2263000E-01 -4.8647000E-01  9.9996000E-01 -8.7365000E-01  5.0825000E-07 -8.7362000E-01
 1.2650000E+02  2.2400000E-01 -4.7733000E-01  9.9996000E-01 -8.7867000E-01  4.9871000E-07 -8.7865000E-01
 1.2700000E+02  2.2537000E-01 -4.6825000E-01  9.9996000E-01 -8.8354000E-01  4.8924000E-07 -8.8352000E-01
 1.2750000E+02  2.2675000E-01 -4.5925000E-01  9.9996000E-01 -8.8826000E-01  4.7983000E-07 -8.8824000E-01
 1.2800000E+02  2.2814000E-01 -4.5031000E-01  9.9996000E-01 -8.9283000E-01  4.7050000E-07 -8.9280000E-01
 1.2850000E+02  2.2953000E-01 -4.4144000E-01  9.9996000E-01 -8.9724000E-01  4.6124000E-07 -8.9722000E-01
 1.2900000E+02  2.3093000E-01 -4.3264000E-01  9.9996000E-01 -9.0152000E-01  4.5205000E-07 -9.0149000E-01
 1.2950000E+02  2.3233000E-01 -4.2392000E-01  9.9996000E-01 -9.0565000E-01  4.4294000E-07 -9.0563000E-01
 1.3000000E+02  2.3374000E-01 -4.1527000E-01  9.9996000E-01 -9.0965000E-01  4.3392000E-07 -9.0963000E-01
 1.3050000E+02  2.3516000E-01 -4.0670000E-01  9.9996000E-01 -9.1351000E-01  4.2497000E-07 -9.1349000E-01
 1.3100000E+02  2.3657000E-01 -3.9822000E-01  9.9996000E-01 -9.1725000E-01  4.1611000E-07 -9.1722000E-01
 1.3150000E+02  2.3800000E-01 -3.8981000E-01  9.9996000E-01 -9.2085000E-01  4.0733000E-07 -9.2082000E-01
 1.3200000E+02  2.3942000E-01 -3.8149000E-01  9.9996000E-01 -9.2433000E-01  3.9864000E-07 -9.2430000E-01
 1.3250000E+02  2.4085000E-01 -3.7325000E-01  9.9996000E-01 -9.2769000E-01  3.9003000E-07 -9.2766000E-01
 1.3300000E+02  2.4227000E-01 -3.6509000E-01  9.9996000E-01 -9.3093000E-01  3.8152000E-07 -9.3090000E-01
 1.3350000E+02  2.4370000E-01 -3.5703000E-01  9.9996000E-01 -9.3405000E-01  3.7309000E-07 -9.3403000E-01
 1.3400000E+02  2.4514000E-01 -3.4904000E-01  9.9996000E-01 -9.3706000E-01  3.6475000E-07 -9.3704000E-01
 1.3450000E+02  2.4657000E-01 -3.4115000E-01  9.9996000E-01 -9.3997000E-01  3.5651000E-07 -9.3994000E-01
 1.3500000E+02  2.4800000E-01 -3.3335000E-01  9.9996000E-01 -9.4276000E-01  3.4836000E-07 -9.4273000E-01
 1.3550000E+02  2.4943000E-01 -3.2564000E-01  9.9996000E-01 -9.4545000E-01  3.4031000E-07 -9.4543000E-01
 1.3600000E+02  2.5087000E-01 -3.1802000E-01  9.9996000E-01 -9.4804000E-01  3.3235000E-07 -9.4802000E-01
 1.3650000E+02  2.5230000E-01 -3.1049000E-01  9.9996000E-01 -9.5054000E-01  3.2448000E-07 -9.5051000E-01
 1.3700000E+02  2.5373000E-01 -3.0305000E-01  9.9996000E-01 -9.5293000E-01  3.1672000E-07 -9.5291000E-01
 1.3750000E+02  2.5516000E-01 -2.9571000E-01  9.9996000E-01 -9.5524000E-01  3.0904000E-07 -9.5521000E-01
 1.3800000E+02  2.5658000E-01 -2.8846000E-01  9.9996000E-01 -9.5745000E-01  3.0147000E-07 -9.5743000E-01
 1.3850000E+02  2.5800000E-01 -2.8130000E-01  9.9996000E-01 -9.5958000E-01  2.9399000E-07 -9.5955000E-01
 1.3900000E+02  2.5943000E-01 -2.7424000E-01  9.9996000E-01 -9.6162000E-01  2.8661000E-07 -9.6160000E-01
 1.3950000E+02  2.6084000E-01 -2.6727000E-01  9.9996000E-01 -9.6358000E-01  2.7933000E-07 -9.6356000E-01
 1.4000000E+02  2.6225000E-01 -2.6039000E-01  9.9996000E-01 -9.6546000E-01  2.7215000E-07 -9.6544000E-01
 1.4050000E+02  2.6366000E-01 -2.5362000E-01  9.9996000E-01 -9.6727000E-01  2.6507000E-07 -9.6724000E-01
 1.4100000E+02  2.6507000E-01 -2.4693000E-01  9.9996000E-01 -9.6900000E-01  2.5809000E-07 -9.6897000E-01
 1.4150000E+02  2.6647000E-01 -2.4034000E-01  9.9996000E-01 -9.7065000E-01  2.5121000E-07 -9.7062000E-01
 1.4200000E+02  2.6786000E-01 -2.3385000E-01  9.9996000E-01 -9.7224000E-01  2.4442000E-07 -9.7221000E-01
 1.4250000E+02  2.6924000E-01 -2.2745000E-01  9.9996000E-01 -9.7375000E-01  2.3774000E-07 -9.7373000E-01
 1.4300000E+02  2.7063000E-01 -2.2115000E-01  9.9996000E-01 -9.7520000E-01  2.3115000E-07 -9.7518000E-01
 1.4350000E+02  2.7200000E-01 -2.1494000E-01  9.9996000E-01 -9.7659000E-01  2.2467000E-07 -9.7656000E-01
 1.4400000E+02  2.7336000E-01 -2.0883000E-01  9.9997000E-01 -9.7792000E-01  2.1828000E-07 -9.7789000E-01
 1.4450000E+02  2.7472000E-01 -2.0281000E-01  9.9997000E-01 -9.7918000E-01  2.1199000E-07 -9.7915000E-01
 1.4500000E+02  2.7607000E-01 -1.9689000E-01  9.9997000E-01 -9.8039000E-01  2.0581000E-07 -9.8036000E-01
 1.4550000E+02  2.7741000E-01 -1.9107000E-01  9.9997000E-01 -9.8154000E-01  1.9972000E-07 -9.8151000E-01
 1.4600000E+02  2.7875000E-01 -1.8533000E-01  9.9997000E-01 -9.8264000E-01  1.9373000E-07 -9.8261000E-01
 1.4650000E+02  2.8007000E-01 -1.7970000E-01  9.9997000E-01 -9.8369000E-01  1.8784000E-07 -9.8366000E-01
 1.4700000E+02  2.8138000E-01 -1.7415000E-01  9.9997000E-01 -9.8468000E-01  1.8205000E-07 -9.8466000E-01
 1.4750000E+02  2.8269000E-01 -1.6871000E-01  9.9997000E-01 -9.8563000E-01  1.7635000E-07 -9.8561000E-01
 1.4800000E+02  2.8398000E-01 -1.6335000E-01  9.9997000E-01 -9.8653000E-01  1.7076000E-07 -9.8651000E-01
 1.4850000E+02  2.8526000E-01 -1.5809000E-01  9.9997000E-01 -9.8739000E-01  1.6526000E-07 -9.8736000E-01
 1.4900000E+02  2.8653000E-01 -1.5292000E-01  9.9997000E-01 -9.8820000E-01  1.5986000E-07 -9.8818000E-01
 1.4950000E+02  2.8779000E-01 -1.4785000E-01  9.9997000E-01 -9.8898000E-01  1.5456000E-07 -9.8895000E-01
 1.5000000E+02  2.8903000E-01 -1.4287000E-01  9.9997000E-01 -9.8971000E-01  1.4935000E-07 -9.8968000E-01
 1.5050000E+02  2.9027000E-01 -1.3798000E-01  9.9997000E-01 -9.9040000E-01  1.4424000E-07 -9.9038000E-01
 1.5100000E+02  2.9149000E-01 -1.3318000E-01  9.9997000E-01 -9.9106000E-01  1.3922000E-07 -9.9103000E-01
 1.5150000E+02  2.9270000E-01 -1.2847000E-01  9.9997000E-01 -9.9168000E-01  1.3431000E-07 -9.9165000E-01
 1.5200000E+02  2.9389000E-01 -1.2386000E-01  9.9997000E-01 -9.9227000E-01  1.2948000E-07 -9.9224000E-01
 1.5250000E+02  2.9507000E-01 -1.1933000E-01  9.9997000E-01 -9.9282000E-01  1.2475000E-07 -9.9279000E-01
 1.5300000E+02  2.9624000E-01 -1.1490000E-01  9.9997000E-01 -9.9334000E-01  1.2012000E-07 -9.9332000E-01
 1.5350000E+02  2.9739000E-01 -1.1056000E-01  9.9997000E-01 -9.9384000E-01  1.1558000E-07 -9.9381000E-01
 1.5400000E+02  2.9852000E-01 -1.0631000E-01  9.9997000E-01 -9.9430000E-01  1.1114000E-07 -9.9427000E-01
 1.5450000E+02  2.9964000E-01 -1.0214000E-01  9.9997000E-01 -9.9474000E-01  1.0678000E-07 -9.9471000E-01
 1.5500000E+02  3.0075000E-01 -9.8067000E-02  9.9997000E-01 -9.9515000E-01  1.0252000E-07 -9.9512000E-01
 1.5550000E+02  3.0184000E-01 -9.4080000E-02  9.9997000E-01 -9.9553000E-01  9.8358000E-08 -9.9551000E-01
 1.5600000E+02  3.0291000E-01 -9.0182000E-02  9.9997000E-01 -9.9589000E-01  9.4283000E-08 -9.9587000E-01
 1.5650000E+02  3.0396000E-01 -8.6372000E-02  9.9997000E-01 -9.9623000E-01  9.0301000E-08 -9.9620000E-01
 1.5700000E+02  3.0500000E-01 -8.2650000E-02  9.9997000E-01 -9.9655000E-01  8.6409000E-08 -9.9652000E-01
 1.5750000E+02  3.0602000E-01 -7.9014000E-02  9.9997000E-01 -9.9684000E-01  8.2609000E-08 -9.9682000E-01
 1.5800000E+02  3.0703000E-01 -7.5465000E-02  9.9997000E-01 -9.9712000E-01  7.8899000E-08 -9.9709000E-01
 1.5850000E+02  3.0801000E-01 -7.2002000E-02  9.9997000E-01 -9.9737000E-01  7.5279000E-08 -9.9735000E-01
 1.5900000E+02  3.0898000E-01 -6.8625000E-02  9.9997000E-01 -9.9761000E-01  7.1748000E-08 -9.9758000E-01
 1.5950000E+02  3.0993000E-01 -6.5333000E-02  9.9997000E-01 -9.9783000E-01  6.8307000E-08 -9.9781000E-01
 1.6000000E+02  3.1086000E-01 -6.2126000E-02  9.9997000E-01 -9.9804000E-01  6.4955000E-08 -9.9801000E-01
 1.6050000E+02  3.1177000E-01 -5.9005000E-02  9.9997000E-01 -9.9823000E-01  6.1691000E-08 -9.9820000E-01
 1.6100000E+02  3.1266000E-01 -5.5967000E-02  9.9997000E-01 -9.9840000E-01  5.8516000E-08 -9.9838000E-01
 1.6150000E+02  3.1353000E-01 -5.3013000E-02  9.9997000E-01 -9.9856000E-01  5.5428000E-08 -9.9854000E-01
 1.6200000E+02  3.1438000E-01 -5.0143000E-02  9.9997000E-01 -9.9871000E-01  5.2427000E-08 -9.9868000E-01
 1.6250000E+02  3.1521000E-01 -4.7356000E-02  9.9997000E-01 -9.9885000E-01  4.9514000E-08 -9.9882000E-01
 1.6300000E+02  3.1602000E-01 -4.4652000E-02  9.9997000E-01 -9.9897000E-01  4.6687000E-08 -9.9895000E-01
 1.6350000E+02  3.1681000E-01 -4.2030000E-02  9.9997000E-01 -9.9909000E-01  4.3946000E-08 -9.9906000E-01
 1.6400000E+02  3.1758000E-01 -3.9491000E-02  9.9997000E-01 -9.9919000E-01  4.1291000E-08 -9.9916000E-01
 1.6450000E+02  3.1833000E-01 -3.7033000E-02  9.9997000E-01 -9.9929000E-01  3.8721000E-08 -9.9926000E-01
 1.6500000E+02  3.1905000E-01 -3.4657000E-02  9.9997000E-01 -9.9937000E-01  3.6237000E-08 -9.9934000E-01
 1.6550000E+02  3.1976000E-01 -3.2362000E-02  9.9997000E-01 -9.9945000E-01  3.3837000E-08 -9.9942000E-01
 1.6600000E+02  3.2044000E-01 -3.0147000E-02  9.9997000E-01 -9.9952000E-01  3.1522000E-08 -9.9949000E-01
 1.6650000E+02  3.2110000E-01 -2.8014000E-02  9.9997000E-01 -9.9958000E-01  2.9291000E-08 -9.9955000E-01
 1.6700000E+02  3.2174000E-01 -2.5960000E-02  9.9997000E-01 -9.9963000E-01  2.7144000E-08 -9.9961000E-01
 1.6750000E+02  3.2236000E-01 -2.3986000E-02  9.9997000E-01 -9.9968000E-01  2.5080000E-08 -9.9966000E-01
 1.6800000E+02  3.2295000E-01 -2.2093000E-02  9.9997000E-01 -9.9973000E-01  2.3100000E-08 -9.9970000E-01
 1.6850000E+02  3.2352000E-01 -2.0278000E-02  9.9997000E-01 -9.9977000E-01  2.1203000E-08 -9.9974000E-01
 1.6900000E+02  3.2407000E-01 -1.8543000E-02  9.9997000E-01 -9.9980000E-01  1.9389000E-08 -9.9977000E-01
 1.6950000E+02  3.2459000E-01 -1.6886000E-02  9.9997000E-01 -9.9983000E-01  1.7657000E-08 -9.9980000E-01
 1.7000000E+02  3.2509000E-01 -1.5309000E-02  9.9997000E-01 -9.9985000E-01  1.6007000E-08 -9.9983000E-01
 1.7050000E+02  3.2557000E-01 -1.3809000E-02  9.9997000E-01 -9.9988000E-01  1.4439000E-08 -9.9985000E-01
 1.7100000E+02  3.2603000E-01 -1.2388000E-02  9.9997000E-01 -9.9990000E-01  1.2954000E-08 -9.9987000E-01
 1.7150000E+02  3.2646000E-01 -1.1045000E-02  9.9997000E-01 -9.9991000E-01  1.1549000E-08 -9.9988000E-01
 1.7200000E+02  3.2686000E-01 -9.7799000E-03  9.9997000E-01 -9.9992000E-01  1.0226000E-08 -9.9990000E-01
 1.7250000E+02  3.2724000E-01 -8.5923000E-03  9.9997000E-01 -9.9994000E-01  8.9845000E-09 -9.9991000E-01
 1.7300000E+02  3.2760000E-01 -7.4821000E-03  9.9997000E-01 -9.9994000E-01  7.8236000E-09 -9.9992000E-01
 1.7350000E+02  3.2794000E-01 -6.4492000E-03  9.9997000E-01 -9.9995000E-01  6.7436000E-09 -9.9992000E-01
 1.7400000E+02  3.2825000E-01 -5.4935000E-03  9.9997000E-01 -9.9996000E-01  5.7442000E-09 -9.9993000E-01
 1.7450000E+02  3.2853000E-01 -4.6147000E-03  9.9997000E-01 -9.9996000E-01  4.8254000E-09 -9.9993000E-01
 1.7500000E+02  3.2879000E-01 -3.8128000E-03  9.9997000E-01 -9.9996000E-01  3.9869000E-09 -9.9994000E-01
 1.7550000E+02  3.2903000E-01 -3.0876000E-03  9.9997000E-01 -9.9997000E-01  3.2286000E-09 -9.9994000E-01
 1.7600000E+02  3.2924000E-01 -2.4391000E-03  9.9997000E-01 -9.9997000E-01  2.5504000E-09 -9.9994000E-01
 1.7650000E+02  3.2943000E-01 -1.8671000E-03  9.9997000E-01 -9.9997000E-01  1.9523000E-09 -9.9994000E-01
 1.7700000E+02  3.2959000E-01 -1.3715000E-03  9.9997000E-01 -9.9997000E-01  1.4341000E-09 -9.9994000E-01
 1.7750000E+02  3.2973000E-01 -9.5229000E-04  9.9997000E-01 -9.9997000E-01  9.9577000E-10 -9.9994000E-01
 1.7800000E+02  3.2984000E-01 -6.0940000E-04  9.9997000E-01 -9.9997000E-01  6.3722000E-10 -9.9994000E-01
 1.7850000E+02  3.2993000E-01 -3.4276000E-04  9.9997000E-01 -9.9997000E-01  3.5840000E-10 -9.9994000E-01
 1.7900000E+02  3.2999000E-01 -1.5233000E-04  9.9997000E-01 -9.9997000E-01  1.5928000E-10 -9.9994000E-01
 1.7950000E+02  3.3003000E-01 -3.8080000E-05  9.9997000E-01 -9.9997000E-01  3.9818000E-11 -9.9994000E-01
 1.8000000E+02  3.3004000E-01 -3.7750000E-15  9.9997000E-01 -9.9997000E-01  3.9474000E-21 -9.9994000E-01
